2 4 6 0 4 5 2 1 4 11 2 0 0 0 3 0 7 3 3 1 1 3 2 1 3 4 0.54545454545454541 5 0.27272727272727271 6 0.1818181818181818 292 3 1 3
1 3 2 1 3 1 2 3 8 7 6 6 6 9 11 3 10 2 3 3 1 3 1 2 2 1 2 1 3 1 390 3 4 3
0 3 2 1 2 4 4 0 8 9 7 3 3 10 11 3 5 3 1 2 3 3 1 1 1 470 1 1 3
2 2 1 0 3 6 11 0 2 6 3 0 1 3 3 3 9 1 1 2 3 3 1 1 2 2 1 3 1 319 4 3 2
2 0 2 2 4 1 0 0 9 7 3 1 10 11 7 5 2 1 3 1 3 1 584 1 0 1
1 4 4 3 2 9 1 3 5 10 8 4 7 3 11 6 10 2 3 1 3 1 2 3 2 1 2 1 3 1 614 3 4 3
11 5 1 0 4 5 3 3 1 4 0 0 3 2 0 0 1 3 1 2 1 323 0 0 1
3 0 11 9 4 7 7 8 3 4 5 3 0 4 1 2 5 3 2 1 3 1 1 2 1 479 2 1 2
4 6 11 10 1 5 6 8 2 8 5 2 2 0 3 3 5 2 3 1 3 1 1 1 1 529 2 1 2
2 2 11 10 0 6 8 8 7 8 4 6 0 4 4 1 2 3 1 1 3 1 559 1 0 1
3 6 0 0 5 5 4 2 11 3 3 2 6 1 0 1 10 2 3 1 2 1 2 1 1 2 3 1 3 1 287 4 4 2
10 6 4 3 11 7 4 1 5 3 3 0 4 0 2 0 11 2 1 3 1 3 3 1 1 3 2 2 1 2 1 420 4 3 4
10 8 3 1 11 5 3 0 2 3 7 8 3 2 1 3 7 1 2 2 1 3 1 3 1 2 1 450 3 2 2
4 3 3 1 6 5 0 0 11 6 5 2 10 7 5 4 4 1 2 2 3 1 1 1 410 1 2 1
1 4 1 3 7 0 0 0 11 7 5 4 10 8 6 4 2 3 2 1 2 1 460 0 1 1
10 6 5 2 11 5 0 0 5 3 3 3 3 2 0 0 3 3 3 1 1 1 1 382 1 0 2
10 8 6 1 11 7 2 2 3 8 0 3 2 3 0 1 6 1 2 1 3 2 3 1 1 1 432 2 2 2
10 9 5 1 11 1 8 5 8 4 3 4 3 2 3 2 1 2 1 1 1 462 0 1 0
2 2 3 0 2 6 5 1 1 7 3 2 11 6 4 1 5 3 2 3 3 1 1 1 1 323 1 1 3
3 0 2 3 3 3 3 5 0 4 7 6 2 6 11 9 5 1 1 2 3 1 1 3 1 372 3 1 1
1 0 1 3 1 5 5 6 3 5 6 8 3 7 11 9 4 2 2 3 3 1 2 1 422 0 2 2
3 3 0 2 6 4 0 1 11 6 0 4 10 8 6 4 9 2 2 1 3 3 2 1 1 3 1 3 1 420 3 3 3
3 4 3 0 3 5 3 2 11 6 1 3 10 9 2 0 4 3 3 1 3 3 6 0.1818181818181818 7 0.27272727272727271 8 0.54545454545454541 450 1 0 3
0 1 3 0 2 2 4 5 3 3 6 7 4 6 11 9 5 1 1 2 2 1 1 3 1 412 3 2 0
0 1 3 1 2 0 5 6 4 5 7 8 5 6 11 9 4 2 3 3 1 1 2 1 462 1 1 2
0 2 2 1 1 2 5 8 3 8 5 4 4 5 11 10 0 1 1 1 492 0 0 0
4 11 3 6 2 3 2 1 3 1 5 0 0 0 7 1 3 3 2 1 1 2 1 313 1 1 1
6 11 6 7 6 7 3 0 4 4 2 0 2 1 0 1 9 3 2 2 3 1 3 1 3 1 1 2 1 355 3 2 4
10 11 3 2 4 6 7 1 0 6 4 2 3 4 3 0 1 3 1 1 1 405 0 0 1
3 2 0 1 11 8 6 3 10 6 1 3 6 4 2 0 7 2 3 3 1 1 2 2 1 1 1 435 2 3 2
3 0 0 0 0 3 3 0 2 4 4 5 0 11 6 3 2 1 3 3 4 0.54545454545454541 5 0.27272727272727271 6 0.1818181818181818 325 1 0 1
0 2 0 0 1 3 2 0 2 4 6 5 4 11 7 6 3 1 3 3 1 1 1 349 1 0 2
0 3 4 1 4 7 7 9 1 2 9 11 1 0 4 2 5 3 3 3 2 1 1 2 1 399 1 1 3
3 8 3 10 4 7 4 3 1 3 8 4 2 2 11 4 0 1 1 1 429 0 0 0
9 8 6 5 5 6 6 0 3 2 0 2 0 3 2 0 8 1 1 1 2 1 3 3 3 1 3 1 146 4 1 3
10 8 2 0 5 7 5 6 3 5 4 1 4 1 2 3 11 3 1 2 3 1 3 1 3 2 1 2 1 2 1 196 4 3 4
10 9 5 4 4 5 6 7 3 4 4 5 0 3 3 3 6 2 1 1 2 2 3 1 1 1 226 2 3 1
0 3 0 0 5 2 2 4 0 5 5 8 0 2 5 11 5 3 1 2 1 1 1 1 1 370 3 1 1
0 7 0 10 0 3 6 11 2 3 4 6 0 0 0 4 2 1 2 1 1 1 484 1 1 0
2 0 8 10 3 3 7 11 3 5 5 6 0 3 3 4 0 1 1 1 534 0 0 0
3 4 9 10 3 8 7 11 0 2 0 5 1 3 0 1 7 3 3 1 2 3 2 2 1 1 1 564 1 3 3
1 0 4 0 6 2 1 0 11 4 1 1 0 3 3 0 7 2 2 1 2 2 3 3 1 3 1 344 1 4 2
3 3 3 2 7 4 0 0 11 6 4 0 10 8 4 0 0 1 1 1 525 0 0 0
6 0 3 0 2 2 0 1 1 1 4 3 6 11 0 0 1 2 1 3 1 280 0 1 0
0 0 2 3 0 3 3 6 0 4 7 7 3 3 11 8 7 1 1 3 1 1 2 2 1 2 1 313 4 2 1
1 2 3 5 2 3 5 6 3 4 6 8 3 5 11 9 8 3 1 2 2 1 3 3 3 1 1 1 363 2 2 4
1 0 2 4 4 2 2 7 0 1 6 8 2 6 11 10 4 1 3 1 2 1 1 1 393 2 1 1
1 1 2 3 2 3 3 6 0 0 5 11 3 0 4 0 11 3 3 3 1 1 2 2 2 1 1 3 1 2 1 319 4 3 4
3 2 3 3 0 0 5 5 0 5 7 6 0 4 9 11 7 1 3 2 2 1 2 1 1 1 1 435 3 3 1
1 2 3 0 4 3 4 3 5 6 6 1 0 10 11 2 9 2 1 3 1 1 3 2 3 3 1 2 1 485 3 2 4
3 3 1 3 0 0 0 5 0 0 3 7 0 0 0 11 8 2 2 1 3 2 1 3 2 1 1 1 288 2 4 2
4 6 7 10 0 4 5 11 4 0 0 5 0 2 1 1 2 2 3 1 3 1 406 0 1 1
1 5 9 10 0 4 7 11 0 0 3 6 2 0 1 3 5 2 3 3 1 2 1 3 1 456 1 2 2
4 7 9 10 4 6 7 11 5 4 5 1 3 3 0 2 0 1 3 1 486 0 0 0
10 7 6 0 6 6 2 0 3 1 3 3 2 0 0 0 5 3 1 1 2 1 1 2 1 210 3 1 1
0 2 0 2 0 4 0 0 11 6 4 2 2 1 2 1 8 1 2 3 3 3 3 1 1 1 1 1 320 3 1 4
9 8 0 3 11 5 4 2 6 4 0 0 3 1 2 0 6 1 2 2 3 3 1 1 1 1 435 2 2 2
10 7 0 7 11 5 5 2 6 3 3 1 4 2 1 3 7 1 2 2 3 1 3 1 1 2 1 485 3 2 2
7 7 9 10 4 3 1 2 3 2 0 3 0 0 0 1 0 1 3 1 296 0 0 0
5 11 1 0 4 6 0 2 4 4 0 0 3 0 0 0 2 1 2 1 3 1 333 1 1 0
2 6 11 3 4 6 4 2 4 4 4 0 0 0 3 0 1 1 1 1 1 346 1 0 0
8 11 6 4 5 6 4 3 5 4 0 1 1 0 0 0 8 2 2 3 1 3 3 2 2 1 1 1 376 1 4 3
0 0 0 3 0 0 3 4 5 2 6 7 0 3 3 10 1 1 1 3 1 203 1 0 0
0 0 2 2 1 2 3 5 2 3 4 11 4 7 8 10 4 3 1 3 1 1 1 1 477 2 0 2
3 0 0 0 5 4 1 2 4 5 8 11 4 6 9 10 5 2 3 1 3 2 1 1 1 527 1 2 2
3 1 0 0 4 7 3 2 6 6 8 11 6 7 9 10 2 2 1 3 6 0.1818181818181818 7 0.27272727272727271 8 0.54545454545454541 557 1 1 0
0 3 0 3 0 3 0 11 0 3 4 6 3 6 5 3 11 1 1 2 3 1 2 3 3 2 2 3 1 1 1 295 3 4 4
0 3 3 5 0 0 5 6 0 3 5 11 7 3 8 9 11 3 2 1 3 1 2 3 3 1 2 1 1 2 1 408 4 3 4
2 4 4 2 6 5 8 11 4 4 9 10 1 1 0 0 8 3 3 1 3 2 1 2 2 1 1 1 488 2 3 3
2 3 1 0 2 1 3 0 4 5 6 2 10 8 6 2 9 3 1 1 3 2 2 1 3 1 1 3 1 219 4 2 3
2 4 7 10 0 3 6 11 1 3 4 5 2 0 1 4 5 1 2 2 1 3 1 3 1 470 2 2 1
3 7 9 10 8 5 7 11 2 3 7 1 0 3 3 3 8 1 2 1 1 3 2 2 3 1 3 1 520 3 3 2
3 8 9 10 8 3 8 11 6 3 4 6 1 4 1 1 4 2 3 2 2 1 3 1 550 0 3 1
2 4 3 6 0 1 11 5 0 3 3 4 0 2 0 0 1 1 1 3 1 313 1 0 0
0 1 0 0 2 5 0 3 3 6 5 2 3 4 10 11 7 3 3 1 1 2 1 3 1 2 1 421 3 1 3
10 9 0 3 11 5 5 0 6 4 8 0 3 3 3 3 10 3 3 1 2 1 2 3 2 2 1 1 1 1 468 3 4 3
0 3 2 0 11 4 1 2 6 2 3 0 1 4 3 3 10 3 2 1 3 3 1 1 3 2 1 1 2 1 318 4 2 4
2 4 3 2 11 1 0 0 4 4 1 0 2 5 0 2 5 1 2 3 1 1 1 3 1 336 3 1 1
3 0 3 0 11 3 3 1 6 6 2 0 5 0 0 2 0 1 1 1 353 0 0 0
3 5 3 2 11 6 5 0 9 8 6 1 4 2 3 0 10 1 2 2 1 1 2 3 1 3 3 1 3 1 383 4 3 3
0 0 0 1 3 1 2 1 2 4 6 2 3 11 4 4 6 3 1 1 3 2 3 1 2 1 335 2 1 3
0 0 1 3 2 0 5 5 1 4 5 6 4 6 11 10 8 1 2 3 1 2 3 3 2 3 4 0.54545454545454541 5 0.27272727272727271 6 0.1818181818181818 472 2 3 3
0 0 8 4 3 3 3 6 0 3 6 9 1 4 11 10 1 2 1 3 1 552 0 1 0
0 4 3 0 4 3 1 0 11 4 0 2 3 5 4 0 11 2 3 1 1 3 1 2 2 2 3 3 1 1 1 289 3 4 4
4 0 0 2 2 5 7 3 3 2 1 9 1 8 11 10 10 2 2 1 1 3 1 1 3 3 2 1 3 1 483 4 3 3
0 0 3 1 0 0 2 2 0 0 3 11 1 3 5 6 0 1 3 1 315 0 0 0
0 5 7 9 0 0 4 11 1 3 4 5 0 3 0 3 7 2 2 1 2 2 3 1 1 1 1 419 2 4 1
3 3 0 2 6 4 0 0 11 5 4 0 3 3 0 0 2 1 1 1 2 1 332 2 0 0
10 7 5 4 11 4 3 2 4 6 3 0 5 3 0 2 5 1 2 1 1 3 1 3 1 485 3 1 1
10 8 7 1 11 7 4 3 1 7 6 2 0 6 2 3 7 3 3 1 2 1 3 2 1 3 1 535 2 2 3
10 9 7 5 11 7 6 4 1 3 6 3 0 2 2 1 1 3 1 3 1 565 0 0 1
2 0 0 0 0 5 4 4 0 4 6 6 2 2 11 9 3 1 3 1 1 1 1 342 2 0 1
2 3 0 0 1 6 5 1 11 5 4 3 2 3 3 1 4 3 3 2 2 1 1 1 321 0 2 2
3 2 1 0 11 4 1 0 10 3 3 1 5 4 6 0 9 3 3 3 1 2 2 2 3 1 1 2 1 453 2 3 4
0 0 1 2 0 3 5 4 3 2 4 11 5 1 3 1 2 3 2 1 3 1 323 0 1 1
3 4 5 6 1 3 7 8 2 0 5 11 2 0 3 5 3 3 3 1 1 3 1 398 1 0 2
6 9 11 5 0 8 4 4 3 4 2 2 1 0 0 0 2 2 1 1 1 1 448 1 1 0
0 0 2 3 0 2 3 7 1 1 6 6 4 11 9 7 4 2 3 1 3 1 3 1 412 1 1 2
0 1 2 0 1 2 3 3 5 7 8 6 4 5 11 10 7 3 2 1 3 1 3 2 1 3 1 462 2 2 3
0 3 3 0 3 2 2 4 0 7 9 10 4 3 11 4 1 1 1 1 1 492 1 0 0
2 0 0 2 11 5 1 0 6 4 3 0 3 3 4 0 5 3 1 1 2 3 3 6 0.1818181818181818 7 0.27272727272727271 8 0.54545454545454541 281 2 1 2
0 2 1 0 0 10 11 3 3 5 5 3 2 1 6 0 9 1 3 2 3 2 3 1 2 3 1 1 1 414 2 3 4
10 8 7 3 11 8 5 1 7 8 3 1 0 1 2 1 4 2 3 3 2 1 2 1 494 0 2 2
7 7 0 0 6 3 5 0 11 1 3 4 2 1 2 2 4 2 3 1 3 1 1 1 313 1 1 2
10 9 1 3 11 8 5 7 3 4 2 6 2 0 3 2 3 1 3 1 1 3 1 444 2 0 1
2 9 2 3 10 8 3 4 11 5 6 8 5 5 1 1 11 2 2 1 2 3 2 3 1 3 1 3 1 1 1 474 3 4 4
0 2 2 5 0 2 5 6 0 0 3 11 1 0 7 0 1 1 1 1 1 313 1 0 0
1 4 0 0 11 3 3 0 4 4 3 1 2 5 7 2 6 3 2 3 1 3 2 1 1 1 297 1 2 3
2 1 0 3 8 5 3 4 11 1 4 3 10 8 6 0 5 1 2 2 2 3 1 1 1 476 1 3 1
0 11 8 6 1 5 3 1 1 3 1 5 0 4 2 0 4 2 2 3 2 1 3 1 338 0 3 1
5 3 11 9 9 9 4 0 8 6 1 2 2 4 1 0 5 1 3 3 3 2 1 3 1 477 1 1 3
11 4 3 3 6 5 1 2 0 3 4 0 0 3 0 0 10 2 3 2 1 1 2 3 1 2 1 1 3 1 319 4 4 2
5 4 5 2 7 5 4 3 11 9 1 3 10 8 2 0 3 1 1 3 1 2 1 501 2 0 1
0 6 2 0 4 3 0 0 11 1 1 2 2 4 2 0 4 3 1 1 3 1 3 1 343 2 0 2
9 8 0 4 11 7 4 0 7 4 4 0 1 3 2 2 10 1 3 2 3 1 2 2 3 3 1 1 1 1 498 3 3 4
10 8 5 1 11 7 4 3 2 7 4 2 3 0 5 3 7 3 3 2 1 2 1 3 1 1 1 528 2 2 3
10 9 8 6 5 6 7 5 2 5 5 0 3 0 3 2 7 1 1 1 3 1 2 3 1 2 1 301 4 1 2
2 11 6 5 0 3 5 3 4 3 4 3 0 2 1 5 9 1 2 3 2 3 3 1 1 2 1 1 1 312 3 3 3
0 1 0 2 0 3 6 5 3 4 4 2 4 1 11 3 4 2 3 2 1 1 1 1 288 1 2 1
3 1 2 4 1 3 4 7 2 4 7 8 0 3 11 9 10 3 1 2 3 1 2 3 1 1 2 1 2 1 393 4 3 3
2 4 3 3 4 8 4 4 4 6 6 8 3 5 11 10 7 1 1 2 2 3 1 2 1 1 1 423 3 3 1
1 0 0 0 3 1 0 3 1 4 6 2 2 7 3 11 9 3 3 2 1 2 1 1 3 2 1 2 1 295 3 3 3
4 7 6 9 6 8 5 11 0 4 4 7 0 1 3 6 3 2 3 2 1 1 1 378 0 2 1
0 4 6 10 2 4 5 9 0 1 4 8 1 1 4 6 5 1 2 3 2 2 1 3 1 309 1 3 1
2 5 7 11 0 1 2 7 0 3 5 0 0 0 3 3 7 3 3 3 2 2 1 1 1 1 1 346 2 2 3
0 0 1 3 0 0 2 11 2 1 4 8 0 1 2 7 7 3 1 3 3 1 2 2 1 3 1 359 2 2 3
2 3 0 0 1 5 0 4 2 4 1 11 1 3 7 9 3 3 3 2 1 3 1 389 0 1 2
5 11 8 1 0 1 5 5 2 3 5 1 0 3 0 3 1 2 1 2 1 360 0 1 0
2 0 4 11 0 2 1 6 0 0 3 2 0 0 0 1 8 3 2 3 3 1 1 2 1 1 3 1 352 3 2 3
0 6 4 5 1 3 6 11 1 0 5 9 0 3 1 3 7 3 2 1 2 3 2 2 1 3 1 404 1 4 2
0 3 4 1 3 3 6 6 2 3 8 11 0 3 7 9 6 2 2 3 1 2 1 1 1 1 454 2 3 1
0 3 0 0 4 3 7 1 1 2 4 11 3 2 4 10 1 3 3 6 0.1818181818181818 7 0.27272727272727271 8 0.54545454545454541 484 0 0 1
3 5 8 10 2 3 7 11 1 8 7 6 5 3 4 1 4 3 3 2 2 1 1 1 454 0 2 2
0 2 1 3 5 5 4 4 1 6 2 7 3 10 11 0 2 2 1 1 3 1 415 1 1 0
2 3 5 6 0 3 5 9 0 3 7 11 0 1 8 10 8 1 3 3 2 2 2 3 1 1 1 1 495 2 3 3
10 2 1 1 9 4 4 2 8 5 0 3 7 7 0 7 3 3 1 3 1 2 1 303 1 0 2
5 9 8 6 1 5 7 4 0 3 2 11 0 1 0 2 1 2 1 1 1 383 0 1 0
4 2 1 2 11 7 2 0 6 5 3 4 1 3 0 0 5 1 1 1 2 2 1 3 1 277 3 2 0
2 1 3 3 8 4 3 2 11 7 5 0 10 8 5 1 10 1 2 3 1 1 1 3 2 2 2 1 3 1 425 4 4 2
7 8 9 10 5 6 5 1 5 4 0 3 0 3 0 0 2 1 2 1 2 1 281 1 1 0
11 4 3 3 7 6 0 0 3 4 0 0 1 2 0 0 1 3 1 3 1 295 0 0 1
8 6 5 4 11 7 4 3 7 4 3 4 2 4 3 0 3 1 1 3 1 2 1 331 2 0 1
9 6 8 3 11 5 6 1 7 4 2 0 4 3 3 2 10 1 1 3 2 2 3 2 3 1 3 1 1 1 361 3 3 4
0 2 3 1 0 5 4 5 0 2 6 11 3 7 0 3 3 1 3 3 1 3 1 313 1 0 2
2 3 4 8 1 4 7 11 3 8 7 4 2 2 3 3 8 1 3 3 1 3 1 2 2 1 1 1 346 3 2 3
3 4 7 1 6 8 6 2 3 5 11 9 4 3 4 1 3 3 3 3 1 2 1 376 0 0 3
3 1 1 3 11 5 0 0 4 3 5 2 3 3 5 0 5 1 2 1 3 2 1 2 1 335 2 2 1
2 5 2 0 4 3 0 3 3 4 7 2 11 10 8 5 5 3 1 1 1 2 1 1 1 475 3 1 1
5 7 11 3 4 6 3 0 4 3 1 0 2 0 0 0 0 3 5 0.37499999999999994 6 0.24999999999999994 7 0.37499999999999994 306 0 0 0
10 11 6 5 9 7 6 3 2 3 0 4 2 0 0 0 1 1 1 1 1 504 1 0 0
10 11 6 1 9 8 4 0 7 5 1 0 2 4 0 0 9 3 2 1 3 1 3 2 2 2 1 1 1 534 2 4 3
0 4 1 6 2 0 2 11 0 3 4 5 0 3 1 2 10 3 3 3 1 3 2 1 2 1 1 1 2 1 272 4 2 4
3 2 5 2 3 5 7 0 2 3 8 11 3 5 8 10 4 1 1 1 2 1 1 1 396 3 1 0
3 3 3 2 0 0 3 0 0 6 4 2 10 7 5 4 4 3 1 2 1 1 1 1 221 2 1 1
0 0 0 2 7 3 1 0 8 7 2 1 10 4 3 0 2 3 2 1 1 1 271 0 1 1
1 2 0 3 0 3 1 2 8 7 5 1 9 11 6 4 7 1 2 2 3 2 1 3 1 3 1 512 2 3 2
0 2 3 2 3 3 1 3 7 6 5 3 10 11 7 3 6 2 2 3 1 3 1 1 1 1 562 2 2 2
0 0 4 2 0 2 1 4 1 3 0 4 0 11 8 5 1 1 1 2 1 313 1 0 0
2 2 0 4 0 3 5 8 1 3 6 7 0 4 11 9 9 1 2 3 1 1 2 3 3 2 1 1 1 392 3 3 3
1 0 0 0 0 1 2 1 3 5 6 8 5 6 11 10 9 2 3 3 1 3 2 2 1 3 1 2 1 442 2 3 4
1 1 2 4 2 5 5 11 0 0 3 0 2 0 1 0 11 1 1 1 3 3 2 2 1 2 3 3 1 2 1 303 4 3 4
9 11 7 5 6 6 4 4 2 3 4 0 0 1 2 0 10 1 3 1 1 1 3 3 2 2 3 1 2 1 404 4 2 4
2 2 0 0 5 0 1 3 5 6 7 3 6 8 9 10 9 1 2 3 1 3 3 2 1 1 1 2 1 307 4 2 3
1 3 0 0 2 2 3 1 0 3 4 5 8 8 11 4 9 2 1 3 2 1 3 3 3 2 1 1 1 357 2 3 4
1 3 11 6 0 3 6 5 0 0 3 4 0 0 3 0 8 3 3 2 1 2 2 1 2 1 1 1 261 2 4 2
5 5 3 3 9 9 4 1 11 2 0 0 3 3 0 0 1 1 1 2 1 378 1 0 0
10 7 6 4 11 6 4 0 6 5 3 0 3 3 0 1 0 1 2 1 428 0 0 0
10 0 3 0 11 7 1 0 7 8 3 2 6 6 5 3 8 1 2 3 3 2 2 1 3 1 1 1 458 2 3 3
0 11 7 5 1 3 3 3 0 3 1 4 0 0 1 3 5 2 2 1 3 2 1 2 1 299 1 3 1
2 11 7 8 2 4 4 6 0 0 1 4 0 2 0 0 2 1 3 1 1 1 340 1 0 1
2 6 11 10 2 7 8 7 3 3 4 6 3 0 3 3 2 1 3 1 1 1 420 1 0 1
9 8 2 0 7 5 3 3 4 4 11 2 2 0 4 1 4 1 3 3 1 1 3 1 387 2 0 2
5 5 4 0 10 8 2 2 11 7 1 0 4 3 1 0 3 3 2 1 1 3 1 437 1 1 1
0 4 6 11 4 3 5 3 3 2 1 0 0 0 0 3 0 1 3 1 361 0 0 0
8 7 11 8 4 6 3 0 3 6 3 2 3 2 3 3 1 1 1 1 1 387 1 0 0
9 11 8 5 7 6 5 4 8 4 4 1 4 0 2 0 0 1 3 1 437 0 0 0
10 3 6 2 9 5 4 2 6 5 11 3 1 3 5 3 8 3 3 1 1 2 3 2 1 1 3 1 467 3 2 3
0 0 6 11 0 3 6 5 3 4 3 4 1 1 2 2 0 1 3 1 320 0 0 0
2 11 4 3 10 9 4 5 3 0 3 6 0 0 2 3 4 3 2 1 1 1 1 1 465 2 1 1
3 3 3 5 0 6 11 3 9 6 7 2 10 3 4 1 11 3 1 3 2 2 1 2 1 1 3 2 1 3 1 495 4 4 3
0 0 0 1 3 3 3 0 5 4 3 2 6 8 7 5 10 1 3 1 1 2 3 1 3 2 2 1 2 1 91 4 3 3
0 3 3 0 1 0 6 0 2 2 5 11 1 4 3 3 11 1 2 2 2 3 1 2 1 3 3 1 1 3 1 282 4 4 3
0 0 3 5 0 3 5 7 3 3 6 11 2 1 2 6 9 1 2 1 3 1 3 3 1 2 1 2 1 320 4 2 3
3 5 6 9 0 3 5 11 0 0 4 6 1 0 3 4 9 1 1 3 3 2 2 2 1 3 1 2 1 370 3 3 3
9 11 5 4 8 6 5 3 4 3 3 1 4 0 1 0 8 3 3 2 2 2 1 1 2 1 3 1 446 2 4 2
10 11 4 2 7 5 8 6 5 4 4 2 1 3 3 0 9 2 1 1 3 3 1 2 2 1 1 3 1 496 4 3 2
10 11 5 5 8 6 7 4 3 8 6 1 7 1 2 0 5 2 1 2 3 2 1 1 1 526 1 3 1
11 3 3 0 1 4 1 2 2 6 3 0 2 3 0 0 1 1 1 3 1 348 1 0 0
11 4 0 0 1 4 3 3 2 6 3 0 2 3 0 0 0 1 1 1 349 0 0 0
3 2 3 2 3 1 5 2 1 4 10 11 2 3 4 8 10 1 3 2 3 1 1 2 1 3 3 3 6 0.1818181818181818 7 0.27272727272727271 8 0.54545454545454541 429 4 2 4
7 11 0 3 5 4 1 0 4 2 3 0 4 0 0 0 5 2 2 1 2 1 1 1 1 288 2 3 0
8 11 1 3 5 3 4 0 4 3 2 1 3 1 0 0 3 2 2 3 3 6 0.1818181818181818 7 0.27272727272727271 8 0.54545454545454541 315 0 2 1
9 11 6 3 7 6 5 3 5 5 1 3 4 2 1 2 3 1 3 3 1 2 1 365 1 0 2
10 11 6 4 0 7 5 4 0 4 4 3 6 0 0 3 11 1 3 3 2 2 1 3 3 1 2 2 1 1 1 395 3 4 4
10 8 5 4 7 5 4 3 3 5 4 1 0 3 1 0 8 1 3 1 3 2 2 2 3 1 2 1 254 2 3 3
10 8 2 0 7 5 4 0 7 3 2 1 3 0 3 0 7 2 3 1 3 1 2 1 1 3 1 255 3 2 2
10 9 8 3 1 6 6 5 0 3 2 5 0 0 0 2 6 2 1 1 1 3 2 1 3 1 305 3 2 1
7 11 3 2 1 4 3 3 4 5 8 0 3 1 2 0 3 1 2 2 1 1 1 335 1 2 0
0 1 0 2 1 3 5 1 2 8 6 5 9 8 6 5 5 3 1 3 2 2 1 3 1 198 1 2 2
1 2 1 3 4 2 0 0 7 5 4 3 10 9 6 3 7 1 2 2 1 3 1 3 1 2 1 248 3 2 2
0 1 0 3 1 3 4 0 3 5 5 0 4 11 8 8 8 1 2 1 2 2 3 2 3 1 3 1 406 2 4 2
1 0 2 0 0 3 0 4 0 3 6 7 4 5 11 10 3 3 1 2 1 3 1 486 1 1 1
3 1 0 0 11 2 3 2 6 4 0 0 3 3 3 0 10 2 1 3 3 1 2 3 2 1 1 1 3 1 349 4 3 3
1 1 3 0 6 6 2 2 11 7 1 3 10 8 2 0 3 2 3 1 1 3 1 508 1 1 1
6 1 3 0 5 8 1 0 11 7 1 2 10 9 2 0 0 1 2 1 538 0 0 0
1 3 3 5 2 4 6 8 1 3 7 9 0 3 3 10 1 2 1 3 1 302 0 1 0
3 0 0 0 3 4 5 1 3 4 5 8 5 7 11 10 2 2 3 1 3 1 475 0 1 1
3 3 0 3 0 1 2 7 0 3 6 9 3 4 11 10 9 1 1 2 2 3 1 2 1 2 1 3 1 505 4 4 1
2 8 11 3 7 7 10 0 6 5 5 3 3 3 2 4 4 1 1 1 2 1 3 1 557 3 1 0
0 0 0 3 3 0 1 1 11 4 0 0 7 3 3 2 9 2 2 2 1 2 3 3 1 1 1 3 1 307 3 4 2
3 3 2 3 4 4 4 3 11 5 5 4 10 8 3 0 9 3 2 1 1 2 1 3 1 2 1 3 1 482 4 3 2
3 3 0 1 3 4 0 0 11 6 4 2 10 9 6 4 8 1 3 1 1 3 2 2 2 1 3 1 532 3 3 2
2 1 2 1 0 3 5 3 11 8 5 4 10 9 6 4 6 2 2 1 1 2 3 1 1 1 562 2 3 1
0 1 0 0 0 3 0 6 3 0 3 8 0 4 6 10 9 2 1 3 3 3 2 2 1 1 1 2 1 240 3 3 3
0 4 3 0 0 6 3 3 0 1 5 2 2 3 11 3 4 1 2 3 1 1 3 1 309 2 1 1
10 2 8 2 8 11 1 4 1 5 1 3 2 2 0 0 10 2 3 2 2 1 3 1 3 3 1 1 1 1 494 3 3 4
4 10 11 1 4 9 7 4 2 3 6 3 1 0 2 3 11 1 3 2 1 3 1 2 2 2 3 1 3 5 0.37499999999999994 6 0.24999999999999994 7 0.37499999999999994 434 4 4 3
0 0 1 0 0 3 2 0 5 5 4 1 3 6 11 3 7 2 3 3 1 2 1 2 1 3 1 319 2 3 2
0 0 5 2 2 3 4 3 10 9 8 4 3 11 6 5 2 1 3 1 1 1 442 1 0 1
3 3 5 7 0 1 4 11 0 0 3 3 2 0 1 0 0 1 2 1 318 0 0 0
4 5 6 10 2 4 5 11 1 3 5 0 1 3 3 3 0 1 2 1 467 0 0 0
4 3 3 3 8 6 1 1 9 5 3 1 10 6 3 0 5 3 2 2 1 2 1 2 1 305 1 3 1
4 3 8 0 3 11 4 0 1 4 2 1 0 0 2 0 7 3 3 3 2 3 1 1 1 2 1 341 2 1 4
0 1 9 1 0 3 6 0 3 11 3 5 2 3 2 1 6 2 2 3 3 3 3 1 1 1 355 0 2 4
3 0 0 1 3 0 3 4 0 3 3 6 2 10 11 8 9 2 2 3 3 1 1 1 1 2 1 2 1 429 4 3 2
1 2 3 0 5 3 3 0 9 7 0 3 10 11 3 4 9 1 2 1 2 3 2 1 2 1 1 3 1 479 4 4 1
5 4 2 0 7 4 4 1 9 7 4 2 10 11 6 3 4 3 3 1 1 1 2 1 509 2 0 2
4 4 3 2 5 6 0 0 11 6 0 0 10 7 2 3 4 2 1 3 1 1 1 1 471 2 1 1
5 0 3 3 7 4 1 0 11 5 0 0 10 9 4 2 4 2 1 2 3 1 1 1 521 1 2 1
4 2 1 2 7 4 3 5 11 8 1 0 10 9 5 0 1 2 1 1 1 551 0 1 0
0 5 0 2 1 4 4 1 11 2 4 2 1 3 2 4 10 2 1 2 1 3 3 1 1 3 3 1 2 1 318 4 2 4
9 7 5 4 11 5 4 2 5 4 1 1 1 4 0 1 4 3 2 3 2 1 2 1 415 0 2 2
10 7 7 1 11 6 2 0 6 0 2 1 5 0 1 0 4 3 2 2 3 1 1 1 465 0 2 2
3 1 0 2 5 3 0 1 11 4 1 0 10 8 4 4 4 3 2 3 2 1 3 1 473 0 2 2
0 1 3 0 7 1 1 0 11 7 5 2 10 9 7 5 1 2 1 2 1 553 0 1 0
0 2 1 3 0 1 6 8 0 3 4 9 1 3 3 10 2 2 2 1 3 1 307 0 2 0
2 4 3 6 2 0 5 11 1 0 6 0 0 3 1 0 11 3 1 2 2 1 1 3 1 2 3 2 1 3 1 336 4 4 3
1 2 4 5 0 4 6 7 0 2 4 11 0 0 0 5 2 1 3 1 3 1 357 1 0 1
0 0 5 2 0 3 7 0 3 4 3 11 3 2 5 3 8 2 3 1 2 1 1 1 3 1 3 1 322 4 2 2
3 0 0 0 0 0 3 2 3 5 8 9 4 4 11 10 6 1 2 1 3 1 3 1 2 1 499 3 1 2
1 3 0 0 0 3 5 11 0 1 4 5 0 0 4 1 6 2 1 2 2 3 3 1 2 1 346 1 3 2
3 5 5 2 3 6 8 1 3 8 11 0 3 2 8 9 6 1 3 2 1 1 2 1 3 1 475 3 2 1
4 7 4 2 0 3 11 4 1 3 9 10 1 2 0 4 2 3 2 1 1 1 505 0 1 1
1 1 0 0 6 3 2 0 11 6 3 2 0 4 0 3 0 1 3 1 274 0 0 0
0 0 3 3 1 0 4 6 2 4 5 8 3 5 11 10 4 1 3 2 3 1 3 1 420 1 1 2
4 4 2 1 4 7 4 0 3 9 5 9 3 8 11 10 7 2 1 1 3 2 2 1 1 3 1 470 3 3 1
4 3 3 6 5 7 2 2 6 9 7 9 3 8 11 10 2 1 1 1 3 1 500 2 0 0
5 11 8 7 1 2 4 7 0 0 4 1 0 0 0 1 5 2 2 1 3 3 1 2 1 361 1 2 2
4 11 8 4 3 8 7 3 1 6 6 4 1 3 3 2 3 1 3 2 1 2 1 411 1 1 1
5 11 2 1 1 1 4 5 4 0 0 0 0 3 0 0 7 2 3 1 2 3 2 2 1 1 1 302 1 4 2
9 11 6 4 5 5 4 2 2 4 0 3 1 0 0 0 7 3 3 1 2 2 1 3 1 1 1 377 2 2 3
9 11 6 5 8 6 5 0 3 3 3 2 0 1 2 0 2 2 1 1 1 1 407 1 1 0
1 2 4 5 0 11 5 3 0 3 5 1 0 0 1 2 4 1 2 2 3 1 3 1 308 1 2 1
9 6 7 0 11 6 3 3 5 4 2 0 4 3 3 0 8 2 2 3 2 1 3 1 1 1 1 1 392 3 3 2
9 8 7 5 11 7 5 3 0 3 0 3 2 0 1 2 6 3 1 3 3 2 1 1 3 1 442 2 1 3
10 8 4 3 11 5 4 3 0 3 4 1 3 0 1 9 3 3 2 3 1 2 1 472 0 1 2
