0 0 1 77301.812471096011 2 4 6 0 4 5 3 0 4 11 2 0 0 3 0 0
0 1 1 78319.734794098913 0 2 4 6 0 4 5 3 0 4 11 2 0 0 0 3
0 2 1 77827.324781110423 2 4 6 1 5 5 2 0 0 11 2 0 0 0 3 0
0 3 1 77727.759552853939 0 0 6 0 2 4 2 0 4 5 2 1 4 11 3 0
1 0 1 79939.143241240905 1 3 3 0 3 3 3 0 8 7 7 0 6 9 11 3
1 1 1 79846.725687934493 0 1 3 3 0 3 3 3 0 8 7 7 6 9 11 3
2 0 1 57433.720116800345 3 2 1 0 2 5 0 0 8 9 7 3 3 10 11 3
2 1 1 61423.503826154403 0 0 3 3 0 2 4 4 8 9 7 3 3 10 11 3
2 2 1 59520.840693201331 2 3 2 1 8 4 4 3 3 9 7 3 0 10 11 0
2 3 1 56179.434486520404 0 3 2 0 2 4 4 1 8 9 7 0 3 10 11 4
3 0 1 79511.667115244796 2 3 0 0 3 6 11 0 2 6 3 0 1 4 3 0
3 1 1 79058.127552411112 0 2 2 1 0 3 6 11 0 2 6 3 0 1 3 4
3 2 1 79426.553899246763 2 2 1 0 3 7 11 0 3 3 4 3 0 0 0 0
3 3 1 78741.336866230049 0 0 0 0 2 2 1 0 3 7 11 0 3 3 4 3
4 0 1 91195.950461202956 2 2 2 0 4 1 0 0 9 7 3 1 10 11 7 5
4 1 1 92330.124840706107 0 2 2 2 0 4 1 0 9 7 3 1 10 11 7 5
4 2 1 79906.07313600216 2 1 2 2 4 7 3 1 9 11 7 5 10 0 0 0
4 3 1 92184.872990235832 2 0 0 0 4 1 2 2 9 7 3 1 10 11 7 5
5 0 1 33810.680395670068 1 5 3 0 2 9 1 3 5 10 8 4 7 3 11 6
5 1 1 31186.098644556638 0 1 5 3 2 9 1 3 5 10 8 4 7 3 11 6
5 2 1 33714.221519205334 3 4 4 4 5 9 1 4 7 10 8 6 0 3 11 0
5 3 1 35548.77614917625 0 4 4 0 3 9 1 4 5 10 8 4 7 3 11 6
6 0 1 81607.786012634911 11 5 1 0 4 5 4 0 1 4 0 0 3 2 0 0
6 1 1 82412.805085539047 0 11 5 1 0 4 5 4 0 1 4 0 0 3 2 0
6 2 1 81640.381761560828 11 6 1 3 4 4 3 0 1 2 0 0 3 0 0 0
6 3 1 82039.014652754762 11 0 0 0 4 6 1 0 1 4 3 3 3 2 0 0
7 0 1 82689.843132475944 3 11 9 0 4 8 8 0 3 4 5 3 4 1 2 0
7 1 1 88078.017017626888 0 3 11 9 0 4 8 8 3 4 5 3 0 0 4 3
7 2 1 86100.120745340973 3 7 11 9 4 4 7 8 3 4 5 3 0 0 1 2
7 3 1 85226.975001889179 0 0 11 9 3 0 7 8 4 7 5 3 3 5 1 2
8 0 1 73617.45990733619 4 6 11 10 1 5 6 8 2 8 5 2 2 3 3 0
8 1 1 76350.922336878342 4 6 11 10 1 5 6 8 2 8 5 2 0 2 0 4
8 2 1 78695.354546113085 4 6 11 10 3 5 6 8 2 8 5 2 0 0 3 3
8 3 1 71279.466152054287 0 0 11 10 4 6 6 8 3 5 5 2 2 8 3 3
9 0 1 54362.216327607064 2 2 11 10 6 8 8 0 7 8 4 6 4 4 1 0
9 1 1 78902.568562425862 2 2 11 10 0 0 6 9 7 8 4 6 0 0 5 1
9 2 1 78574.097544983437 2 2 11 10 7 6 8 8 0 8 5 6 0 4 0 1
9 3 1 54843.430224721866 0 2 0 10 2 6 11 8 0 8 8 6 7 4 5 1
10 0 1 80636.674202844661 3 6 0 0 6 4 2 0 11 4 2 0 6 1 1 0
10 1 1 78697.36758305924 0 3 6 0 0 6 4 2 0 11 4 2 0 6 1 1
10 2 1 79912.571896689275 3 6 4 2 5 5 3 2 11 3 0 1 6 1 0 0
10 3 1 79029.83719159232 3 6 0 0 5 5 0 0 11 3 4 2 6 1 3 3
11 0 1 86493.475331278663 10 6 4 3 11 7 4 1 5 4 0 0 4 2 0 0
11 1 1 86622.651540272374 10 6 4 3 11 7 4 1 0 5 3 3 0 4 0 2
11 2 1 85672.668466506875 10 6 5 3 11 7 3 1 5 3 2 0 4 0 0 0
11 3 1 82811.057642795044 10 0 0 0 11 6 5 3 5 7 3 1 4 3 2 0
12 0 1 71058.547650236433 10 8 3 1 11 5 3 0 2 3 7 8 3 3 3 0
12 1 1 61904.862404977699 10 8 3 1 0 11 5 3 2 3 7 8 0 3 3 3
12 2 1 69575.301459134673 10 8 4 1 11 5 7 8 2 3 1 3 3 2 0 0
12 3 1 73823.280742902149 10 8 0 0 11 5 4 1 2 3 7 8 3 2 1 3
13 0 1 89519.788649979833 4 4 1 0 6 5 0 0 11 6 5 2 10 7 5 4
13 1 1 90251.832489110544 0 4 4 1 0 6 5 0 11 6 5 2 10 7 5 4
13 2 1 88475.480061195005 4 3 3 1 6 5 5 2 11 6 5 4 10 7 0 0
13 3 1 89288.948712703161 4 3 0 0 6 5 3 1 11 6 0 2 10 7 6 4
15 0 1 88830.620937650165 10 6 5 2 11 5 0 0 5 4 3 0 3 2 0 0
15 1 1 83510.563265854042 10 6 5 2 0 11 5 0 0 5 3 4 0 3 2 0
15 2 1 88697.956196012936 10 6 5 2 11 5 3 3 5 3 0 0 3 2 0 0
15 3 1 88362.576031033939 10 6 0 0 11 5 5 2 5 3 0 0 3 2 3 3
16 0 1 77174.441033111856 10 8 6 1 11 7 2 2 3 8 3 0 2 3 1 0
16 1 1 74133.210629127134 10 8 6 1 11 7 2 2 0 3 8 3 0 2 3 1
16 2 1 79387.92197254725 10 8 6 3 11 7 2 3 3 8 0 1 2 3 0 0
16 3 1 76243.089028016344 10 8 0 0 11 7 6 3 3 8 2 3 2 3 0 1
17 2 1 54725.491614527702 10 9 5 1 11 1 8 5 8 4 4 4 3 2 0 2
17 3 1 44326.61988843068 10 9 0 1 11 1 5 5 8 4 8 4 3 2 4 2
18 1 1 70950.982449587449 0 2 2 3 2 6 5 1 1 7 3 2 11 6 4 1
18 2 1 69703.315586650569 2 2 3 1 3 6 5 2 11 7 3 1 0 6 4 0
18 3 1 72082.665517739122 0 2 3 0 2 6 5 0 3 7 3 1 11 6 4 3
19 0 1 80303.35688078028 3 2 3 0 4 3 5 0 4 7 6 0 2 6 11 9
19 1 1 86141.673010435537 0 3 2 3 0 3 4 5 0 4 7 6 2 6 11 9
19 2 1 81717.549087236781 4 3 2 3 0 4 3 5 2 6 7 6 0 0 11 9
19 3 1 85452.489353688536 0 0 2 3 3 3 3 5 3 4 7 6 2 6 11 9
20 0 1 82919.878311956491 1 1 3 0 1 6 6 0 3 5 6 8 3 7 11 9
20 1 1 86046.439694861736 0 1 1 3 0 1 6 6 3 5 6 8 3 7 11 9
20 2 1 81151.982068114798 1 5 1 3 1 5 5 6 4 7 6 8 0 0 11 9
20 3 1 88919.311353276251 0 0 1 3 1 0 5 6 1 6 6 8 4 7 11 9
21 0 1 89640.683995031926 4 0 2 0 6 4 1 0 11 6 4 0 10 8 6 4
21 1 1 82990.329615132083 0 3 3 2 0 6 4 1 0 11 6 4 10 8 6 4
21 2 1 89810.030962174031 3 3 0 3 6 4 0 4 11 6 6 4 10 8 0 0
21 3 1 89824.265943706836 3 3 0 0 6 4 0 2 11 6 0 1 10 8 6 5
22 1 1 70525.478746761495 0 3 4 3 3 5 3 2 11 6 1 3 0 10 9 2
22 2 1 81139.595313703045 4 4 4 2 11 5 1 3 10 6 2 0 0 9 0 0
22 3 1 85090.885036619307 0 4 0 0 4 5 3 0 11 6 3 2 10 9 3 3
23 0 1 81218.354456324421 1 3 0 0 2 2 4 5 4 6 7 0 4 6 11 9
23 1 1 86157.459489222922 0 0 1 3 2 2 4 5 0 4 6 7 4 6 11 9
23 2 1 81355.186107946822 2 3 3 5 3 3 4 7 4 6 6 9 0 0 11 0
23 3 1 86812.007333252914 0 0 3 0 2 3 4 5 3 3 6 7 4 6 11 9
25 0 1 64282.496025391971 2 2 1 0 3 5 8 0 3 8 5 4 4 5 11 10
25 1 1 66355.204681216142 0 0 2 3 0 3 5 8 3 8 5 4 4 5 11 10
25 2 1 51658.430898379134 1 2 2 1 3 2 6 8 4 8 11 4 0 5 0 10
25 3 1 67906.965117144209 0 2 0 1 1 2 2 8 3 8 6 4 4 5 11 10
26 0 1 74790.409839093743 4 11 3 6 2 3 3 0 3 1 5 0 0 7 1 0
26 1 1 73864.166741710986 4 11 3 6 0 2 3 3 0 3 1 5 0 0 7 1
26 2 1 76258.130016069568 4 11 3 6 2 3 2 1 3 1 5 1 0 0 7 0
26 3 1 66878.771191655513 0 0 3 0 4 11 2 6 2 3 5 1 3 1 7 1
27 0 1 77196.051467434329 6 11 6 7 6 7 3 0 5 2 0 0 3 0 1 0
27 1 1 76842.059896345236 6 11 6 7 0 6 7 3 0 4 4 2 0 2 1 1
27 2 1 76825.005914762442 7 11 6 7 4 7 3 0 2 4 2 1 0 1 0 0
27 3 1 77094.727615028445 0 11 0 0 7 7 6 7 4 4 3 0 2 1 2 1
28 0 1 80974.377539086694 10 11 3 2 4 6 7 1 6 4 2 0 3 4 3 0
28 1 1 72316.124729179952 10 11 3 2 4 6 7 1 0 6 4 2 0 3 4 3
28 2 1 74656.127474908353 10 11 3 3 4 7 7 2 3 4 4 0 0 0 3 0
28 3 1 70914.588899965631 0 0 3 0 10 11 7 2 4 7 4 1 3 4 3 2
29 0 1 70851.448774579971 3 2 1 0 11 8 6 3 10 6 1 3 6 4 2 0
29 1 1 71843.290764918929 0 3 2 1 11 8 6 3 10 6 1 3 0 6 4 2
29 2 1 67618.192248533189 3 2 6 1 11 8 1 4 10 6 2 0 6 4 0 0
29 3 1 70018.01034233984 3 2 0 0 11 8 0 1 10 6 6 3 6 4 3 3
30 0 1 80986.892659548044 3 0 0 0 3 3 0 0 2 5 5 0 11 6 3 0
30 1 1 80539.008031106088 0 3 0 0 0 0 3 3 0 2 5 5 0 11 6 3
30 2 1 80496.743954143618 3 3 3 0 2 4 4 5 0 11 6 3 0 0 0 0
30 3 1 81060.491304551135 0 0 0 0 3 3 3 0 0 4 4 5 2 11 6 3
31 0 1 82816.240096964146 2 0 0 0 1 3 2 0 2 4 6 5 4 11 7 6
31 1 1 82241.58746550401 0 0 2 0 0 1 3 2 2 4 6 5 4 11 7 6
31 2 1 78062.657883839202 1 2 2 0 2 3 6 5 4 4 7 6 0 11 0 0
31 3 1 82458.428412172012 0 2 0 0 0 3 2 0 3 4 6 5 4 11 7 6
32 0 1 64123.163878641237 3 4 1 0 4 8 9 0 3 9 11 0 1 4 2 0
32 1 1 66826.586718095234 0 3 4 1 0 4 8 9 0 3 9 11 0 1 4 2
32 2 1 68663.179843702746 4 3 4 1 1 7 7 9 1 2 9 11 0 0 4 2
32 3 1 63003.173909191857 0 0 4 1 4 3 7 9 1 7 9 11 1 2 4 2
33 2 1 44249.102306193148 3 8 3 10 4 7 4 3 3 3 8 5 0 2 11 0
33 3 1 30737.035633671279 0 8 3 0 3 7 4 10 4 3 8 3 3 2 11 5
34 0 1 87633.642517564134 9 8 6 5 5 7 0 0 3 2 2 0 3 2 0 0
34 1 1 88050.384274477648 9 8 6 5 0 5 6 6 0 3 2 2 0 0 3 2
34 2 1 89234.998168460879 9 8 7 5 5 6 0 2 3 2 2 0 0 3 0 0
34 3 1 81239.06563576356 0 8 0 0 9 6 6 5 5 2 6 0 3 3 2 2
35 0 3 77353.153916926938 10 8 2 0 5 7 5 6 3 5 4 1 4 3 3 0
35 1 3 74885.929344283912 0 10 8 2 5 7 5 6 3 5 4 1 0 4 3 3
35 2 3 51608.494154891967 10 8 2 6 5 7 5 1 3 5 4 3 4 1 2 0
36 0 1 82360.901289325542 10 9 5 4 4 5 6 7 3 5 5 0 3 3 3 0
36 1 1 80554.80207725022 10 9 5 4 4 5 6 7 0 3 5 5 0 0 3 4
36 3 1 63453.184247550606 0 9 5 4 10 5 6 7 4 4 4 5 3 3 3 3
37 0 1 72865.930720992532 3 0 0 0 5 2 2 4 5 5 8 0 2 5 11 0
37 1 1 77422.816308539244 0 0 3 0 5 2 2 4 0 0 6 8 0 2 5 11
37 2 1 77839.90386029314 5 3 2 4 0 2 5 8 0 5 5 11 0 2 0 0
37 3 1 78498.244890852162 0 3 0 0 0 2 0 4 5 5 2 8 0 2 6 11
38 0 1 78114.72055671514 7 0 10 0 3 6 11 0 2 3 4 6 0 0 4 0
38 1 1 89913.656452344454 0 0 7 10 0 3 6 11 2 3 4 6 0 0 0 4
38 2 1 86690.345730361398 0 7 6 10 2 4 4 11 0 0 0 6 0 0 0 4
38 3 1 85522.830105496047 0 0 0 10 0 7 0 11 0 3 6 6 2 3 4 4
39 0 1 82313.317932951628 2 8 10 0 4 7 11 0 3 6 6 0 3 3 4 0
39 1 1 91063.701703889019 0 2 8 10 0 4 7 11 0 3 6 6 0 0 4 4
39 2 1 87597.758941692766 2 3 8 10 4 5 7 11 0 3 5 6 0 0 3 4
39 3 1 90888.072277105413 0 0 8 10 2 3 7 11 3 5 5 6 3 3 3 4
40 0 1 81998.186284603406 3 4 9 10 3 8 7 11 2 0 5 0 1 3 1 0
40 1 1 84162.721587267995 3 4 9 10 3 8 7 11 0 0 2 5 0 1 3 1
40 2 1 83688.545812773722 4 4 9 10 0 8 7 11 1 2 0 5 0 3 0 1
40 3 1 68302.197138495656 0 4 0 10 3 8 9 11 3 2 7 5 1 3 0 1
41 0 1 83111.705208953746 1 4 0 0 6 3 0 0 11 4 1 1 3 3 0 0
41 1 1 81405.746050845235 0 1 0 4 0 6 2 1 11 4 1 1 0 0 3 3
41 2 1 82067.862117474055 1 2 4 0 6 4 1 1 11 3 1 0 0 0 3 0
41 3 1 81421.476428894472 0 0 4 0 1 2 1 0 6 4 1 0 11 3 3 1
42 0 1 89782.833593507778 4 3 2 0 7 4 0 0 11 6 4 0 10 8 4 0
42 1 1 76127.429281213612 0 3 4 2 0 7 4 0 0 11 6 4 0 10 8 4
42 2 1 89425.158207726839 3 3 3 2 7 4 4 0 11 6 4 0 10 8 0 0
42 3 1 89707.071140785818 3 3 0 0 7 4 3 2 11 6 0 0 10 8 5 0
43 0 1 80107.963257440686 6 3 0 0 2 2 1 0 1 1 4 3 6 11 0 0
43 1 1 79349.212857864346 0 6 0 3 0 2 2 1 1 1 4 3 0 6 11 0
43 2 1 78905.492821817912 6 2 3 1 3 1 4 3 6 11 0 0 0 0 0 0
43 3 1 79571.14814918401 0 0 0 0 6 0 3 0 3 3 0 1 6 11 4 3
44 0 1 82051.166238674545 0 2 3 0 3 3 6 0 4 7 7 0 4 11 8 0
44 1 1 86137.516000498392 0 0 2 3 0 0 4 6 0 0 4 8 0 4 11 8
44 2 1 86175.879074208249 0 3 2 3 0 4 3 6 3 3 7 7 0 0 11 8
45 0 1 86784.185943089484 3 3 5 0 2 3 5 6 3 4 6 8 3 5 11 9
45 1 1 87646.974629426652 0 3 3 5 2 3 5 6 3 4 6 8 3 5 11 9
45 2 1 86269.660095840562 3 2 3 5 3 3 5 6 3 4 6 8 0 5 11 9
45 3 1 87525.7967233815 0 2 3 5 1 3 5 6 2 4 6 8 4 5 11 9
46 0 1 73229.250241437025 1 2 4 0 4 2 2 7 1 6 8 0 2 6 11 10
46 1 1 88679.31822412883 0 1 2 4 4 2 2 7 0 1 6 8 2 6 11 10
46 2 1 89979.999049539794 1 2 2 4 4 1 2 7 2 6 6 8 0 0 11 10
46 3 1 88825.949183394405 0 0 2 4 1 0 2 7 4 3 6 8 2 6 11 10
47 0 1 81446.700470375406 1 3 3 0 2 4 6 0 0 5 11 0 3 4 0 0
47 1 1 82646.970601824054 0 1 3 3 0 2 4 6 0 0 5 11 0 3 0 4
47 2 1 82116.253368439531 3 1 2 3 0 3 3 6 3 0 5 11 0 0 4 0
47 3 1 81547.873234105951 0 0 2 0 1 1 3 3 2 3 5 6 3 0 4 11
48 0 1 75837.360113099683 3 2 4 0 0 5 5 0 5 7 6 0 4 9 11 0
48 1 1 78371.103558551506 0 3 2 4 0 0 0 6 0 5 7 6 0 4 9 11
48 2 1 77560.251124150804 3 2 3 3 0 5 5 5 0 4 7 6 0 0 9 11
48 3 1 78297.588018968294 0 0 3 3 3 2 5 5 0 5 7 6 0 4 9 11
49 0 1 82571.763413046996 3 3 0 0 4 3 4 3 5 7 1 0 10 11 2 0
49 1 1 79694.003902011784 0 1 2 3 4 3 4 3 0 5 7 1 0 10 11 2
49 2 1 81651.675031633727 1 2 3 3 4 3 4 1 5 6 6 2 0 10 11 0
49 3 1 79041.292343143679 0 2 3 0 1 3 4 0 4 6 6 3 5 10 11 3
50 0 1 80096.885897537519 4 1 3 0 0 0 5 0 0 3 7 0 0 0 11 0
50 1 1 80636.501943986877 0 4 1 3 0 0 0 5 0 0 3 7 0 0 0 11
50 2 1 80070.918246942834 3 3 1 3 0 0 3 5 0 0 0 7 0 0 0 11
50 3 1 80252.611540506172 0 0 0 3 3 3 1 5 0 0 0 7 0 0 3 11
51 0 1 82846.167761217352 4 6 7 10 4 5 11 0 4 0 5 0 2 1 1 0
51 1 1 89927.230069515674 4 6 7 10 0 4 5 11 0 4 0 5 0 0 3 1
51 2 1 89947.721261755054 4 6 7 10 4 4 5 11 0 2 1 5 0 0 0 1
51 3 1 83275.817690776646 0 0 0 10 4 6 7 11 0 4 5 5 4 2 1 1
52 0 1 79118.50844317289 1 5 9 10 4 7 11 0 0 3 6 0 2 1 3 0
52 1 1 90954.547749982536 1 5 9 10 0 4 7 11 0 0 3 6 0 2 1 3
52 2 1 91003.782201639784 1 5 9 10 0 4 7 11 2 0 3 6 0 0 1 3
52 3 1 89354.266971757665 0 0 9 10 1 5 7 11 0 4 3 6 2 0 1 3
53 0 1 93789.980145154666 4 7 9 10 4 6 7 11 5 4 5 1 4 0 2 0
53 1 1 90234.636182318791 4 7 9 10 4 6 7 11 5 4 5 1 0 3 3 2
53 2 1 91141.02853837391 5 7 9 10 5 6 7 11 3 4 5 3 0 3 0 0
53 3 1 79274.146919061532 0 7 0 0 5 6 9 10 5 4 7 11 3 3 5 3
54 0 1 89900.004590248282 10 7 6 0 7 2 0 0 3 1 4 0 2 0 0 0
54 1 1 87173.642096021809 0 10 7 6 0 6 6 2 0 3 1 4 0 2 0 0
54 2 1 90252.033105032766 10 7 6 0 6 6 2 3 3 1 3 0 2 0 0 0
54 3 1 86059.906614268257 10 0 0 0 6 7 6 0 3 6 2 0 2 1 3 3
55 0 1 82096.597559248199 2 0 2 0 4 0 0 0 11 6 4 2 3 2 1 0
55 1 1 81697.846465342896 0 0 2 2 0 0 4 0 11 6 4 2 0 2 1 3
55 2 1 81613.122493610674 0 2 0 2 11 4 4 2 2 6 2 1 0 1 0 0
55 3 1 81798.421060604494 0 2 0 0 0 4 0 2 11 6 4 0 2 1 2 3
56 0 1 87340.47082058285 9 8 3 0 11 5 4 2 6 4 0 0 3 3 0 0
56 1 1 80397.238799333645 0 9 8 3 11 5 4 2 0 6 4 0 0 3 1 2
56 2 1 86757.745153287862 9 8 4 3 11 5 0 2 6 4 2 0 3 1 0 0
56 3 1 86763.562456258136 9 8 0 0 11 5 0 3 6 4 4 2 3 1 2 0
57 0 1 90071.706472421487 10 7 7 0 11 6 2 0 6 4 1 0 4 3 3 0
57 1 1 80336.042033760881 0 10 7 7 0 11 6 2 0 6 4 1 0 4 3 3
57 2 1 85871.364389578142 10 7 5 7 11 5 3 3 6 3 1 3 4 2 0 0
57 3 1 83223.105067211247 10 7 0 0 11 5 5 7 6 3 3 3 4 2 1 3
58 0 1 86602.663697821437 8 9 10 0 4 3 3 0 3 2 3 0 0 0 1 0
58 1 1 90464.868604528194 0 8 9 10 0 4 3 3 0 3 2 3 0 0 0 1
58 3 1 79804.100532719225 0 0 0 10 7 7 9 2 4 3 1 3 3 2 0 1
59 0 1 79933.244017099816 5 11 1 0 4 6 2 0 5 0 0 0 3 0 0 0
59 1 1 82069.613507793882 0 5 11 1 0 4 6 2 0 4 4 0 0 3 0 0
59 2 1 83345.527045175375 5 11 1 2 5 6 0 0 3 4 0 0 0 0 0 0
59 3 1 82065.654537809954 0 0 0 0 5 11 1 0 5 6 0 2 3 4 0 0
60 0 1 82447.017922731422 2 6 11 3 4 6 4 2 5 4 0 0 0 3 0 0
60 1 1 80640.925742053572 2 6 11 3 4 6 4 2 0 4 4 4 0 0 0 3
60 2 1 81038.479609647955 2 7 11 3 5 4 5 2 0 0 3 0 0 0 0 0
60 3 1 79802.922552298216 0 0 0 0 2 6 11 3 4 6 5 2 4 4 3 0
61 0 1 84386.787695893785 8 11 6 4 5 6 4 3 5 4 1 0 1 0 0 0
61 1 1 83196.252262693728 8 11 6 4 5 6 4 3 0 5 4 1 0 1 0 0
61 2 1 84219.41651065764 8 11 6 4 6 6 4 3 1 4 0 1 0 0 0 0
61 3 1 78787.415660514132 0 0 0 0 8 11 6 4 6 6 4 3 1 4 0 1
62 0 1 81955.643265204446 0 0 3 0 0 3 4 0 5 2 6 7 3 3 10 0
62 1 1 85982.777033669612 0 0 0 3 0 0 3 4 5 2 6 7 0 0 4 10
62 2 1 86264.786734394278 0 0 3 3 5 2 6 4 0 3 3 7 0 0 0 10
62 3 1 87354.458227853916 0 0 0 3 0 0 3 4 0 2 6 7 5 3 3 10
63 0 1 87651.360739081225 0 2 2 0 3 3 5 0 2 3 4 11 4 7 8 10
63 1 1 88939.525836956673 0 0 2 2 0 3 3 5 2 3 4 11 4 7 8 10
63 2 1 82737.522902861092 1 2 2 2 2 3 3 5 4 7 4 11 0 0 8 10
63 3 1 88716.317538004063 0 0 2 2 0 2 3 5 3 3 4 11 4 7 8 10
64 0 1 93717.985774339948 3 0 0 0 5 4 3 0 4 5 8 11 4 6 9 10
64 1 1 93936.255858852732 0 3 0 0 0 5 4 3 4 5 8 11 4 6 9 10
64 2 1 78692.8848174921 3 4 1 2 5 5 8 11 5 6 9 10 0 0 0 0
64 3 1 94124.419752668968 0 0 0 0 3 4 1 2 5 5 8 11 5 6 9 10
65 0 1 43716.603579837931 3 1 0 0 4 7 3 2 7 8 11 0 6 7 9 10
65 1 1 89294.131252230203 0 3 1 0 4 7 3 2 0 7 8 11 6 7 9 10
65 2 1 69165.510638789929 3 1 3 2 4 7 8 11 7 6 9 10 0 7 0 0
65 3 1 79972.869310815804 0 1 0 0 3 7 3 2 4 6 8 11 7 7 9 10
66 0 1 76868.972397588121 3 0 3 0 3 0 11 0 3 4 6 0 3 6 5 3
66 1 1 79653.823984680319 0 0 3 3 0 0 3 11 0 3 4 6 3 6 5 3
66 2 1 80573.406417256498 0 4 0 3 0 3 4 11 3 6 5 6 0 0 0 3
66 3 1 80233.833850632029 0 0 0 3 0 3 0 11 0 4 4 6 3 6 5 3
67 0 1 72092.718052741911 3 3 5 0 0 5 6 0 3 5 11 0 7 3 8 9
67 1 1 79942.586026744102 0 0 4 5 0 0 5 6 0 3 5 11 7 3 8 9
67 2 1 75579.233658685422 0 3 3 5 0 3 6 6 7 3 8 11 0 0 0 9
67 3 1 81844.941970718384 0 0 0 5 0 3 3 6 0 0 6 11 7 4 8 9
68 0 3 58984.582295480592 2 5 2 0 6 5 8 11 5 9 10 0 1 1 0 0
68 1 3 65443.685564492982 0 2 5 2 6 5 8 11 0 5 9 10 0 1 1 0
68 3 3 86390.638940020945 2 4 0 0 6 5 4 2 4 4 8 11 1 1 9 10
69 0 1 88946.19136385234 2 3 1 0 3 3 0 0 4 5 6 2 10 8 6 2
69 1 1 88210.4060851049 0 2 3 1 0 2 1 3 4 5 6 2 10 8 6 2
69 2 1 85851.647135554638 2 3 1 0 2 1 3 2 4 5 7 2 10 8 0 0
69 3 1 88179.681068111735 2 3 0 0 2 1 1 0 4 5 3 2 10 8 7 2
70 0 1 77583.189030592781 2 4 7 10 3 6 11 0 1 3 4 5 2 1 4 0
70 1 1 89076.609315708702 2 4 7 10 0 3 6 11 1 3 4 5 0 2 1 4
70 2 1 88547.612234715052 2 4 7 10 1 4 6 11 2 0 4 5 0 0 1 4
70 3 1 88210.640874427831 0 0 7 10 2 4 6 11 0 3 4 5 3 3 1 4
71 0 1 81020.304388960576 3 7 9 10 8 5 7 11 2 3 7 1 3 3 3 0
71 1 1 81543.937071132663 3 7 9 10 8 5 7 11 2 3 7 1 0 0 3 4
71 2 1 83195.569269868283 3 7 9 10 8 5 8 11 2 4 3 1 0 0 0 3
71 3 1 65070.136165923403 0 0 0 10 3 7 9 11 8 5 8 1 2 4 3 3
72 2 1 80107.37264794996 3 8 9 10 8 4 8 11 6 4 4 6 1 0 1 1
72 3 1 81055.527059536835 3 0 9 10 8 8 8 11 6 4 4 6 1 4 1 1
73 0 1 77927.899535527031 2 4 3 6 1 11 5 0 3 3 4 0 2 0 0 0
73 1 1 79531.418971821622 2 4 3 6 0 1 11 5 0 0 4 4 0 0 2 0
73 3 1 77237.665327586743 0 4 0 0 2 1 3 6 0 3 11 5 0 2 3 4
74 0 1 75055.305887618029 1 0 0 0 2 5 3 0 3 6 5 2 3 4 10 11
74 1 1 76872.99719375337 0 0 1 0 0 2 5 3 3 6 5 2 3 4 10 11
74 2 1 74134.3544372818 2 1 0 3 3 5 5 2 3 6 10 11 0 4 0 0
74 3 1 76490.743304688585 0 1 0 0 0 5 0 3 2 6 5 2 4 4 10 11
75 0 1 80671.450412270744 10 9 3 0 11 6 0 0 6 4 8 0 4 3 3 0
75 1 1 69546.811584940035 0 10 9 3 0 11 5 5 0 6 4 8 0 3 3 4
75 2 1 77975.670491436555 10 9 5 3 11 5 8 0 6 4 3 3 3 3 0 0
75 3 1 77670.530410330626 10 9 0 0 11 5 5 3 6 4 8 0 3 3 3 3
76 0 1 80131.171592995976 3 2 0 0 11 4 3 0 6 2 3 0 1 4 4 0
76 1 1 80671.461100960019 0 0 3 2 0 11 4 3 0 6 2 3 0 1 4 4
76 2 1 80810.740154470157 11 3 3 2 6 4 3 0 1 2 3 3 0 4 0 0
76 3 1 80305.839354571595 0 3 0 0 11 4 2 0 6 2 1 2 1 4 4 3
77 0 1 81531.758015388215 2 4 3 2 11 1 0 0 5 1 0 0 2 5 2 0
77 1 1 79735.113358621733 2 4 3 2 0 11 1 0 0 4 4 1 0 2 5 2
77 2 1 80850.909506528333 2 4 3 2 11 1 1 0 4 4 0 2 2 5 0 0
77 3 1 81891.171528169332 2 4 0 0 11 1 3 2 4 4 0 0 2 5 1 2
78 0 1 83176.99860885262 3 3 0 0 11 4 1 0 7 2 0 0 5 0 2 0
78 1 1 79808.976823159508 0 3 0 3 0 11 4 1 0 6 6 2 0 5 0 2
78 2 1 82812.835904955209 3 3 4 1 11 6 2 0 6 0 0 2 5 0 0 0
78 3 1 82432.963142711887 3 0 0 0 11 0 3 0 6 3 3 1 5 6 2 2
79 1 1 54047.888148895712 3 5 3 2 0 11 6 5 9 8 6 1 0 4 2 3
79 2 1 65100.449130012261 3 5 3 2 11 6 5 1 9 8 6 0 4 2 3 0
79 3 1 70927.169225159494 3 5 3 0 11 6 5 2 9 8 6 0 4 2 3 1
80 0 1 80094.852633061135 0 0 1 0 3 3 1 0 2 4 6 2 3 11 5 0
80 1 1 78741.882005418011 0 0 0 1 0 3 1 3 2 4 6 2 0 3 11 5
80 2 1 79301.886671211047 3 1 2 1 2 4 6 3 3 11 4 4 0 0 0 0
80 3 1 81087.594553558389 0 0 0 0 3 1 2 1 2 4 6 3 3 11 4 4
81 0 1 88361.054849490727 0 1 3 0 2 5 5 0 1 4 5 6 4 6 11 10
81 1 1 88015.718820505819 0 0 1 3 0 2 0 6 1 4 5 6 4 6 11 10
81 2 1 80064.461194377101 2 0 1 3 1 4 6 5 4 6 11 6 0 0 0 10
81 3 1 85117.859762686392 0 0 0 3 0 0 1 5 3 4 6 6 4 6 11 10
82 0 1 74449.69893400163 0 8 4 0 4 3 6 0 3 6 9 0 1 4 11 10
82 1 1 82997.717929422302 0 0 8 4 0 3 4 6 0 3 6 9 1 4 11 10
82 2 1 80708.772549541405 3 3 8 4 0 3 3 6 1 4 6 9 0 0 11 10
82 3 1 80933.088092086429 0 0 8 4 0 0 3 6 3 4 6 9 1 4 11 10
83 0 1 81712.037404437491 4 3 0 0 4 3 1 0 11 4 2 0 3 5 4 0
83 1 1 80424.885227738894 0 0 4 3 0 4 3 1 0 11 4 2 0 3 5 4
83 2 1 81617.145520655162 4 4 3 0 11 3 1 2 3 4 4 0 0 5 0 0
83 3 1 80904.0630434552 0 4 0 0 4 3 3 0 11 4 1 0 3 5 4 2
84 0 1 64305.873100699158 4 0 2 0 2 5 7 3 3 3 9 0 1 8 11 10
84 1 1 76178.377082226769 0 4 0 2 2 5 7 3 0 3 3 9 1 8 11 10
84 2 1 47060.158655375519 4 5 7 2 2 2 1 3 3 8 11 9 1 0 0 10
85 0 1 80892.079169251796 0 3 1 0 0 2 2 0 0 3 11 0 1 3 5 6
85 2 1 82441.236160610992 0 0 3 3 0 0 2 11 1 3 3 6 0 0 5 0
85 3 1 82667.870255202841 0 0 3 0 0 0 2 3 0 0 3 11 1 3 5 6
86 0 1 75240.756214857669 5 7 9 0 0 4 11 0 1 3 4 5 3 0 3 0
86 1 1 86376.31450328666 0 5 7 9 0 0 4 11 1 3 4 5 0 0 3 3
86 2 1 86857.486086569392 0 5 7 9 1 3 5 11 0 3 0 5 0 0 0 3
86 3 1 83317.712371035945 0 0 0 9 0 5 7 11 0 0 4 5 1 4 4 3
87 0 1 81957.03618011142 4 0 2 0 6 4 0 0 11 5 4 0 4 0 0 0
87 1 1 81935.134406518249 0 3 3 2 0 6 4 0 0 11 5 4 0 3 3 0
87 2 1 83461.561482507794 3 3 0 2 6 4 4 0 11 5 0 0 3 3 0 0
87 3 1 82528.007399056005 3 3 0 0 6 4 0 2 11 5 0 0 3 3 4 0
88 0 1 83674.419211860819 10 7 5 4 11 4 3 2 4 6 3 0 5 3 2 0
88 1 1 84631.730699944892 10 7 5 4 11 4 3 2 0 4 6 3 0 5 3 2
88 2 1 84404.3251384467 10 7 5 4 11 4 4 2 4 6 0 2 5 3 0 0
88 3 1 78642.428686901752 10 7 0 0 11 4 5 4 4 6 3 2 5 3 3 2
89 0 1 83911.036264706432 10 8 7 1 11 7 4 3 1 7 6 2 6 2 3 0
89 2 1 91415.696394595943 10 8 7 1 11 8 4 3 1 6 6 2 0 0 2 3
89 3 1 64298.819701138171 0 0 7 1 10 8 4 3 11 8 6 2 1 6 2 3
90 0 1 94034.475957810369 10 9 7 5 11 7 6 4 1 3 6 3 2 2 1 0
90 1 1 92018.401333267611 10 9 7 5 11 7 6 4 1 3 6 3 0 0 2 3
90 2 1 93807.569402250549 10 9 7 5 11 7 7 4 1 3 2 3 0 2 0 1
90 3 1 75192.73958475556 0 9 0 5 10 7 7 4 11 3 7 3 1 2 2 1
91 0 1 79738.930646054709 2 0 0 0 5 4 4 0 4 6 6 0 2 2 11 9
91 1 1 86416.765042907442 0 2 0 0 0 0 5 5 0 0 4 7 2 2 11 9
91 2 1 80400.625953899857 2 5 4 4 0 4 6 6 2 2 11 9 0 0 0 0
91 3 1 86231.142738047594 0 0 0 0 2 5 4 4 0 4 6 6 2 2 11 9
92 0 1 74035.923191567068 2 3 0 0 1 6 5 1 11 5 4 3 2 4 1 0
92 1 1 78674.365814354795 0 2 3 0 1 6 5 1 11 5 4 3 0 2 4 1
92 2 1 77035.658699871739 3 3 5 1 11 6 4 3 2 5 3 1 0 3 0 0
92 3 1 76596.821277511684 0 3 0 0 3 6 5 1 11 5 4 3 2 3 3 1
93 0 1 80429.532250757809 3 3 0 0 11 4 1 0 10 4 1 0 5 4 6 0
93 1 1 76103.181209482806 0 3 2 1 0 11 4 1 0 10 4 1 0 5 4 6
93 2 1 78118.880323390986 3 2 1 0 11 4 1 1 10 3 3 0 5 4 6 0
93 3 1 78807.410721610082 3 2 1 0 11 4 1 0 10 3 3 0 5 4 6 1
94 0 1 80487.780409437502 0 1 2 0 3 5 4 0 3 2 4 11 5 1 3 1
94 1 1 80390.746386564337 0 0 0 3 0 3 5 4 3 2 4 11 5 1 3 1
94 2 1 80037.242963482073 0 3 1 2 3 2 5 4 5 1 4 11 0 0 3 1
94 3 1 81431.714046634923 0 0 1 2 0 0 5 4 3 3 4 11 5 3 3 1
95 0 1 66981.474242082826 3 4 5 6 1 3 7 8 2 5 11 0 2 3 5 0
95 1 1 80572.817669039723 3 4 5 6 1 3 7 8 0 2 5 11 0 2 3 5
95 2 1 82159.278408780665 3 4 5 6 3 3 7 8 2 0 5 11 0 0 3 5
95 3 1 81914.982243614242 0 0 5 6 3 4 7 8 3 3 5 11 2 0 3 5
96 0 1 75915.692593918138 6 9 11 5 8 4 4 0 3 4 2 2 1 0 0 0
96 1 1 74014.201173597088 6 9 11 5 0 0 8 5 3 4 2 2 0 1 0 0
96 2 1 71965.122415960388 6 9 11 5 3 8 4 4 1 4 2 2 0 0 0 0
96 3 1 67841.261992779793 0 0 0 0 6 9 11 5 3 8 4 4 1 4 2 2
97 0 1 78710.866983322863 0 2 3 0 2 3 7 0 1 1 7 0 4 11 9 7
97 1 1 84578.439435041524 0 0 2 3 0 2 3 7 0 1 1 7 4 11 9 7
97 2 1 73745.004938435421 0 2 2 3 1 1 3 7 4 11 6 6 0 0 9 7
97 3 1 86393.569048602498 0 0 2 3 0 0 3 7 1 3 6 6 4 11 9 7
98 0 1 66925.935354394154 1 2 0 0 3 3 3 0 5 7 8 6 4 5 11 10
98 1 1 66821.384267311339 0 0 1 2 0 1 2 4 5 7 8 6 4 5 11 10
98 2 1 59623.327204640525 1 3 2 3 5 7 3 6 4 5 8 10 0 0 11 0
98 3 1 65941.475982489545 0 0 2 0 1 3 3 3 5 7 8 6 4 5 11 10
99 0 1 50988.993799230222 3 3 0 0 3 2 2 4 7 9 10 0 4 3 11 4
99 1 1 55669.109901239506 0 0 3 3 3 2 2 4 0 7 9 10 4 3 11 4
99 2 1 51420.23767775952 3 3 3 4 0 2 2 10 4 7 9 4 0 3 11 0
99 3 1 55462.02087372676 0 3 3 0 0 2 2 4 3 7 9 10 4 3 11 4
100 0 1 75863.570472529653 2 0 2 0 11 5 1 0 6 4 3 0 4 4 0 0
100 1 1 82200.132688978629 0 2 0 2 0 11 5 1 0 6 4 3 0 3 3 4
100 2 1 77295.873824487993 2 5 1 2 11 4 3 0 6 3 4 0 3 0 0 0
100 3 1 77622.455523508281 2 0 0 0 11 5 1 2 6 4 3 0 3 3 4 0
101 0 1 72409.930398836339 2 1 0 0 10 11 3 0 3 6 3 0 3 6 0 0
101 1 1 75358.782841914464 0 0 2 1 0 10 11 3 0 3 6 3 0 2 1 6
101 2 1 72976.161082542676 0 2 1 3 3 10 11 3 2 5 5 0 0 1 6 0
101 3 1 70335.301236194631 0 2 1 0 0 10 11 0 3 5 5 3 2 1 6 3
102 0 3 90943.76505689061 10 8 7 3 11 8 5 1 7 8 3 1 1 2 1 0
102 1 3 90932.654629899174 10 8 7 3 11 8 5 1 7 8 3 1 0 0 1 3
102 2 3 91613.002175645612 10 9 7 3 11 8 5 1 7 1 3 1 0 0 2 1
102 3 3 51119.306275242736 0 0 7 3 10 8 5 1 11 9 3 1 7 1 2 1
103 0 1 79856.335003226151 8 0 0 0 6 3 5 0 11 1 3 4 3 2 2 0
103 1 1 77209.043631851688 0 7 7 0 0 6 3 5 11 1 3 4 0 2 3 2
103 2 1 82343.42644068248 7 7 5 0 6 3 3 4 11 1 2 2 2 1 0 0
104 0 3 3 10 9 1 3 11 8 5 7 3 4 2 6 2 3 2 0
104 1 3 71527.939120781739 10 9 1 3 11 8 5 7 3 4 2 6 0 2 3 2
104 3 3 3 10 0 1 3 11 9 5 7 3 8 2 6 2 4 3 2
105 0 1 0 2 9 2 3 10 8 3 4 11 5 6 8 6 1 1 0
105 1 1 0 2 9 2 3 10 8 3 4 11 5 6 8 0 6 1 1
105 2 1 17737.623752518608 2 9 2 3 10 8 3 4 11 6 6 8 5 0 1 1
105 3 1 40119.685054054891 2 0 2 3 10 9 3 4 11 8 6 8 5 6 1 1
106 0 1 79204.127856967563 2 2 5 0 2 5 6 0 0 3 11 0 1 7 0 0
106 1 1 79972.033167894289 0 2 2 5 0 2 5 6 0 0 3 11 0 1 0 7
106 2 1 80292.559404977161 0 2 2 5 0 2 5 6 1 0 3 11 0 0 7 0
106 3 1 82103.180767678947 0 0 2 0 0 2 5 5 0 2 3 6 1 0 7 11
107 0 1 75854.109373438027 1 4 0 0 11 4 0 0 5 3 1 0 2 5 7 2
107 1 1 75640.511669377665 0 1 4 0 0 11 3 3 0 5 3 1 2 5 7 2
107 2 1 75961.785701056389 1 4 3 0 11 3 3 1 4 4 7 2 2 5 0 0
107 3 1 76009.019258829503 1 4 0 0 11 3 0 0 4 4 4 0 2 5 7 3
108 0 1 76496.741443936771 3 0 3 0 8 5 3 4 11 1 4 3 10 8 6 0
108 1 1 63958.054633326086 0 2 1 3 8 5 3 4 11 1 4 3 0 10 8 6
108 2 1 69615.5814409452 2 1 3 3 8 5 4 4 11 1 6 3 10 8 0 0
108 3 1 74356.379819178299 2 1 0 0 8 5 3 3 11 1 4 4 10 8 6 3
109 0 1 76955.789197482751 11 8 6 0 1 5 3 1 1 3 1 5 4 2 0 0
109 1 1 74936.180483572825 0 11 8 6 1 5 3 1 1 3 1 5 0 0 4 2
109 2 1 77481.18701320712 1 11 8 6 1 5 3 1 0 3 3 5 0 4 0 0
109 3 1 73428.47012997001 0 11 0 0 0 5 8 6 1 3 3 1 1 4 3 5
110 0 1 61073.577345021564 5 3 11 9 10 4 0 0 8 6 3 0 2 4 1 0
110 1 1 55019.312260240986 5 3 11 9 0 9 9 4 0 8 6 3 0 2 4 1
110 2 1 61597.032794884261 5 3 11 9 9 9 4 2 8 6 1 0 2 4 1 0
110 3 1 46630.239226365462 5 3 11 0 9 9 4 9 8 6 1 0 2 4 1 2
111 0 1 83539.916130098602 11 4 4 0 6 5 3 0 3 4 0 0 3 0 0 0
111 1 1 81691.493237537798 0 11 4 4 0 6 5 3 0 0 3 4 0 0 3 0
111 2 1 81698.280556311176 11 4 3 3 6 5 1 2 0 4 4 0 0 0 0 0
111 3 1 82812.066981557597 0 0 0 0 11 4 3 3 6 5 1 2 0 4 4 0
112 1 1 51305.607608270519 5 4 5 2 7 5 4 3 11 9 1 3 0 10 8 2
112 2 1 71330.052879786614 5 4 5 2 7 5 4 4 11 9 3 0 10 8 0 0
112 3 1 71606.598235145124 5 4 0 0 7 5 5 2 11 9 4 3 10 8 3 3
113 0 1 81769.960158431204 6 2 0 0 4 3 0 0 11 1 3 0 2 4 2 0
113 1 1 80125.94601669714 0 0 6 2 0 4 3 0 0 11 1 3 0 2 4 2
113 2 1 80179.913032994329 4 6 2 0 11 3 1 2 2 1 2 0 0 4 0 0
113 3 1 81822.887685557769 0 6 0 0 4 3 2 0 11 1 0 0 2 4 3 2
114 0 1 86178.886821192777 9 8 4 0 11 7 4 0 7 5 0 0 1 3 2 2
114 1 1 78870.455608983524 0 9 8 4 0 11 7 4 0 7 4 4 1 3 2 2
114 2 1 87625.220661587184 9 8 4 4 11 7 4 0 7 4 2 2 1 3 0 0
114 3 1 83188.547581942112 9 8 0 0 11 7 0 4 7 4 5 0 1 3 2 2
115 0 1 90658.532105816077 10 8 5 1 11 7 4 3 2 7 4 2 3 5 3 0
115 1 1 90744.544843968644 10 8 5 1 11 7 4 3 2 7 4 2 0 3 5 3
115 2 1 90223.464739346004 10 8 5 1 11 8 5 3 2 0 5 2 3 0 0 3
115 3 1 76782.653218475636 10 0 0 1 11 8 5 3 2 7 5 2 3 7 5 3
116 0 1 88286.859916804824 10 9 8 6 5 6 7 5 2 6 0 0 3 3 2 0
116 1 1 86191.57277794549 10 9 8 6 5 6 7 5 0 2 5 5 0 3 3 2
116 2 1 88576.079777886378 10 9 8 6 5 6 7 5 2 5 5 2 3 0 3 0
116 3 1 73083.952421371141 10 0 8 0 5 9 7 6 2 6 5 5 3 5 3 2
117 0 1 75291.115082826305 2 11 6 5 3 5 3 0 4 3 4 3 2 1 5 0
117 1 1 79777.367069262531 2 11 6 5 0 3 5 3 4 3 4 3 0 0 3 5
117 2 1 80646.526118573849 2 11 6 5 4 4 5 4 0 2 4 5 0 0 1 0
117 3 1 80016.201260645423 0 0 6 0 2 11 5 5 0 4 4 4 4 2 1 5
118 0 1 80856.538833541461 1 0 2 0 3 6 5 0 3 5 2 0 4 1 11 3
118 1 1 77342.139664649731 0 0 1 2 0 3 6 5 0 3 5 2 4 1 11 3
118 2 1 75624.131072979886 0 1 6 2 3 3 4 5 4 4 11 2 0 1 0 3
119 0 1 81228.040477684292 3 3 4 0 1 3 4 7 2 4 7 8 3 11 9 0
119 1 1 86913.853969156175 0 3 3 4 1 3 4 7 2 4 7 8 0 3 11 9
119 2 1 86864.78300564074 3 1 2 4 3 3 4 7 0 4 7 8 0 3 11 9
119 3 1 87780.701501028874 0 1 2 4 3 3 4 7 1 4 7 8 2 3 11 9
120 0 1 67378.420875138414 2 4 4 0 4 8 5 0 4 7 8 0 3 5 11 10
120 1 1 75708.638127331142 0 2 4 4 0 4 8 5 0 4 7 8 3 5 11 10
120 2 1 69093.536812563572 2 4 3 3 5 8 4 4 3 6 6 8 0 5 11 10
120 3 1 76165.623083486716 0 4 3 3 2 8 4 4 5 6 6 8 3 5 11 10
121 0 1 73859.203653863908 1 0 0 0 3 1 3 0 1 4 6 2 2 7 3 11
121 1 1 77039.71692444534 0 1 0 0 0 3 1 3 1 4 6 2 2 7 3 11
121 2 1 73384.645180868858 1 1 0 3 3 4 6 2 3 7 3 11 0 0 0 0
121 3 1 74976.16924511893 0 0 0 0 1 1 0 3 3 4 6 2 3 7 3 11
122 0 3 60197.164754662852 4 7 6 9 6 8 5 11 4 4 7 0 1 3 6 0
122 1 3 71185.81317974953 4 7 6 9 6 8 5 11 0 0 5 7 0 1 3 6
122 3 3 74712.935410070131 0 7 6 9 4 8 5 11 6 4 4 7 0 1 3 6
123 0 1 64619.347941946413 4 6 10 0 2 4 5 9 1 4 8 0 1 1 4 6
123 2 1 88794.463742846521 2 5 6 10 0 1 5 9 1 1 5 8 0 0 0 6
123 3 1 88867.675375781997 0 0 0 10 0 5 6 9 2 1 5 8 1 1 5 6
124 0 1 80156.296889498248 2 5 7 11 1 2 7 0 3 5 0 0 0 3 3 0
124 1 1 81114.885388358918 2 5 7 11 0 0 3 7 0 0 3 5 0 0 0 4
124 2 1 78591.272133374368 2 5 7 11 0 1 2 7 0 3 5 3 0 0 3 0
124 3 1 78052.242634785289 0 0 7 0 2 5 2 11 0 1 5 7 0 3 3 3
125 0 1 81471.401024983788 0 1 3 0 0 2 11 0 3 4 8 0 1 2 7 0
125 1 1 84698.278803113382 0 0 1 3 0 0 2 11 0 3 4 8 0 0 3 7
125 2 1 84894.341978188735 0 0 3 3 2 1 4 11 0 1 2 8 0 0 0 7
125 3 1 84864.60220462436 0 0 0 3 0 0 3 11 0 1 4 8 2 1 2 7
126 0 1 79980.643106606658 2 3 0 0 1 5 4 0 2 4 1 11 1 3 7 9
126 1 1 78652.550412264754 0 2 3 0 0 1 5 4 2 4 1 11 1 3 7 9
126 2 1 78056.80052794634 3 3 0 4 2 5 1 11 1 4 7 9 0 3 0 0
126 3 1 80442.140664742474 0 3 0 0 2 5 0 4 1 4 1 11 3 3 7 9
127 0 1 80181.266577262839 5 11 8 1 1 5 5 0 2 3 5 1 3 0 3 0
127 1 1 77384.208510580516 5 11 8 1 0 0 1 6 2 3 5 1 0 0 3 3
127 2 1 79259.740567123561 5 11 8 1 2 1 6 5 0 4 0 1 0 0 0 3
127 3 1 71316.562770693141 0 0 0 1 5 11 8 5 0 1 5 1 2 4 5 3
128 0 1 82673.847227524937 2 4 11 0 2 1 6 0 0 3 2 0 0 0 1 0
128 1 1 83149.72257808446 0 2 4 11 0 0 3 6 0 0 3 2 0 0 0 1
128 2 1 82822.810559600475 2 2 4 11 0 0 1 6 0 0 3 3 0 0 0 0
128 3 1 83759.774174354417 0 0 0 0 2 0 4 11 0 2 1 6 0 0 3 3
129 0 1 66686.679322432727 6 4 5 0 1 3 6 11 1 5 9 0 3 1 3 0
129 1 1 70968.049147022655 0 6 4 5 1 3 6 11 0 1 5 9 0 3 1 3
129 2 1 73403.459974846977 1 6 4 5 1 3 6 11 0 3 5 9 0 0 1 3
129 3 1 74777.079627941406 0 0 4 5 0 6 6 11 1 3 5 9 1 3 1 3
130 0 3 70881.794721827682 3 4 1 0 4 6 6 0 2 3 8 11 3 7 9 0
130 1 3 78605.215891771455 0 3 4 1 0 3 3 7 2 3 8 11 0 3 7 9
130 2 3 78166.308192068042 3 4 4 1 2 3 6 6 0 3 8 11 0 0 7 9
130 3 3 78424.155252901313 0 0 4 1 0 3 6 6 3 3 8 11 2 4 7 9
131 0 1 67992.458589666741 3 0 0 0 4 3 7 1 3 4 11 0 3 2 4 10
131 1 1 74876.235354953998 0 0 3 0 4 3 7 1 0 3 4 11 3 2 4 10
131 2 1 77371.880560610938 4 4 7 1 1 2 4 11 3 2 4 10 0 0 0 0
131 3 1 73983.60878144177 0 0 0 0 4 4 0 1 1 2 7 11 3 2 5 10
132 2 1 76194.531768639834 3 5 8 10 3 3 8 11 5 8 4 6 0 3 0 1
132 3 1 64475.873093509843 0 5 0 10 3 3 8 11 3 8 8 6 5 3 4 1
133 0 1 66766.080666558701 2 1 3 0 6 4 4 0 1 6 2 7 3 10 11 0
133 1 1 70459.52817126493 0 0 3 3 0 5 5 5 1 6 2 7 0 3 10 11
133 2 1 69539.150754983071 5 2 1 3 1 5 4 4 3 6 2 7 0 10 11 0
133 3 1 65846.70423565364 0 2 1 0 5 5 4 3 1 6 2 4 3 10 11 7
134 0 1 56811.909519937552 2 3 5 6 3 5 9 0 3 7 11 0 1 8 10 0
134 2 1 77209.314339342571 2 4 6 6 0 3 7 9 0 1 8 11 0 0 0 10
134 3 1 84887.010068953372 0 0 0 6 2 3 6 9 0 4 7 11 0 1 8 10
135 0 1 90425.822154939175 10 3 1 0 9 5 2 0 8 5 3 0 8 0 7 0
135 1 1 78079.543462984599 0 10 3 1 0 9 5 2 0 8 5 3 0 7 7 7
135 2 1 85890.172258980689 10 2 1 3 9 4 4 3 8 5 0 7 7 7 0 0
135 3 1 88172.513162983771 10 2 0 0 9 4 1 3 8 5 4 3 7 7 0 7
136 0 1 65118.201942307118 5 9 8 6 1 5 7 4 3 2 11 0 1 0 2 0
136 1 1 66126.294888999531 5 9 8 6 1 5 7 4 0 3 2 11 0 0 1 2
136 3 1 57711.968253175495 0 9 0 6 5 5 8 4 1 3 7 11 0 1 2 2
137 0 1 77228.868371291377 4 3 2 0 11 7 2 0 6 5 3 4 1 3 0 0
137 1 1 73114.859883837213 0 4 2 3 0 11 7 2 6 5 3 4 0 1 3 0
137 2 1 77826.464355962235 4 2 3 2 11 7 3 4 6 5 0 0 1 3 0 0
137 3 1 78683.44287222503 4 2 0 0 11 7 1 2 6 5 2 0 1 3 3 4
138 0 1 87289.428298913845 3 3 3 0 8 4 3 2 11 7 5 0 10 8 5 1
138 1 1 68216.138488651457 0 2 1 4 8 4 3 2 0 11 7 5 10 8 5 1
138 2 1 85715.74844991896 2 1 4 3 8 4 5 2 11 7 5 1 10 8 0 0
138 3 1 87058.323268921406 2 1 0 0 8 4 3 3 11 7 3 2 10 8 6 1
139 0 1 91609.170613160648 7 8 9 10 5 6 5 1 5 4 3 0 3 0 0 0
139 1 1 90429.253432344063 7 8 9 10 5 6 5 1 0 5 4 3 0 0 3 0
139 2 1 92069.078158678996 7 8 9 10 6 6 5 1 0 4 0 3 0 3 0 0
139 3 1 75423.580587246644 0 8 0 0 7 6 9 10 5 4 5 1 5 3 0 3
140 0 1 82591.700606915198 11 4 4 0 7 6 0 0 3 4 0 0 3 0 0 0
140 1 1 79630.455153016243 0 11 4 4 0 7 6 0 0 3 4 0 0 1 2 0
140 3 1 82515.200136149622 11 4 0 0 7 6 3 3 3 4 0 0 1 2 0 0
141 1 3 0 8 6 5 4 11 7 4 3 7 4 3 4 0 2 4 3
141 2 3 82019.763232153928 8 6 5 4 11 7 4 3 7 5 4 4 2 0 0 0
141 3 3 78007.379453203743 8 0 0 0 11 6 5 4 7 7 4 3 2 5 4 4
142 0 1 81906.625823393319 9 6 8 3 11 5 6 1 7 4 2 0 4 4 2 0
142 1 1 73184.954321570607 9 6 8 3 11 5 6 1 0 7 4 2 0 4 4 2
142 2 1 80425.258303639246 9 6 8 3 11 5 6 1 7 4 2 2 4 3 3 0
142 3 1 81963.600087580591 9 6 8 0 11 5 6 3 7 4 2 1 4 3 3 2
143 0 1 73005.487762068777 2 3 1 0 5 4 5 0 2 6 11 0 3 7 3 0
143 1 1 74068.032971167559 0 2 3 1 0 5 4 5 0 2 6 11 0 3 7 3
143 2 1 74268.779114499543 0 2 3 1 0 5 4 5 3 2 6 11 0 7 0 3
143 3 1 76411.00545839523 0 2 0 1 0 5 3 5 0 2 4 11 3 7 6 3
144 0 1 75018.273469180131 2 3 4 8 1 4 7 11 3 8 7 4 2 2 4 0
144 1 1 76312.510454260599 2 3 4 8 1 4 7 11 3 8 7 4 0 2 2 4
144 2 1 75215.78711416226 3 3 4 8 3 4 8 11 2 8 3 4 0 2 0 3
144 3 1 69705.327306395222 0 3 0 8 3 4 4 11 3 8 8 4 2 2 3 3
145 2 3 30826.340823595096 3 4 7 3 6 8 6 9 3 5 11 1 4 3 4 0
145 3 3 0 3 4 7 0 6 8 6 3 3 5 11 9 4 3 4 1
146 0 1 79503.051734561013 3 1 1 3 11 5 0 0 4 3 5 2 4 5 0 0
146 1 1 76506.889714639896 3 1 1 3 0 11 5 0 4 3 5 2 0 3 3 5
146 2 1 81372.191233420148 3 1 1 3 11 5 5 2 4 4 5 0 3 0 0 0
146 3 1 79826.966683031176 3 0 0 0 11 1 1 3 4 5 0 0 3 4 6 2
147 0 1 67392.048503943195 2 5 2 0 4 3 3 0 3 4 7 2 11 10 8 5
147 1 1 66177.312415961846 0 2 5 2 0 4 3 3 3 4 7 2 11 10 8 5
147 2 1 43263.222678380364 2 5 2 3 4 3 7 2 3 4 8 5 11 10 0 0
147 3 1 65521.950658857371 2 5 0 0 4 3 2 3 3 4 7 2 11 10 8 5
148 1 1 81905.963261235273 5 7 11 3 0 4 6 3 0 4 3 1 0 2 0 0
148 2 1 76400.361030388085 5 7 11 3 5 6 3 0 2 3 1 0 0 0 0 0
148 3 1 82716.994615967356 0 0 0 0 5 7 11 3 5 6 3 0 2 3 1 0
149 0 1 92194.064732942119 10 11 6 5 9 7 6 3 2 3 4 0 2 0 0 0
149 1 1 93619.283981371671 10 11 6 5 9 7 6 3 0 2 3 4 0 2 0 0
149 2 1 92496.480770074748 10 11 7 5 9 7 0 3 2 3 0 4 2 0 0 0
149 3 1 80972.394748826482 10 0 0 0 9 11 6 5 2 7 6 3 2 3 0 4
150 1 1 74328.45804183853 10 11 6 1 0 9 8 4 0 7 5 1 0 2 4 0
150 3 1 88580.208115052694 10 11 0 0 9 8 6 1 7 5 4 0 2 4 1 0
151 0 1 79833.441959955075 4 1 6 0 2 2 11 0 3 4 5 0 3 1 2 0
151 1 1 82393.681652472238 0 4 1 6 0 2 2 11 0 3 4 5 0 0 3 3
151 2 1 80848.208900257814 2 4 3 6 0 3 4 11 0 3 1 5 0 0 0 2
151 3 1 80957.403645005543 0 0 0 6 0 4 3 11 2 0 4 5 0 4 1 2
152 1 1 92776.380054041932 3 2 5 2 0 3 5 7 2 3 8 11 3 5 8 10
152 2 1 68814.901334290276 4 2 5 2 2 5 7 11 3 3 9 10 0 5 0 0
152 3 1 88114.065480194884 0 2 0 0 4 5 5 2 2 3 7 11 3 5 9 10
153 0 1 89418.075193667537 4 3 2 0 0 3 0 0 6 4 2 0 10 7 5 4
153 1 1 87826.708807061572 0 3 4 2 0 0 0 3 0 6 4 2 10 7 5 4
153 2 1 84631.855201496961 3 3 4 2 0 6 4 2 10 7 5 4 0 0 0 0
153 3 1 89040.973577495606 0 0 0 0 3 3 4 2 0 6 4 2 10 7 5 4
154 0 1 90030.996322813473 0 0 2 0 7 3 1 0 8 7 3 0 10 4 3 0
154 1 1 80677.0663160494 0 0 0 2 0 7 3 1 0 8 7 3 0 10 4 3
154 2 1 86086.962415381786 7 3 1 2 8 7 2 1 10 4 3 0 0 0 0 0
154 3 1 90425.79798453195 0 0 0 0 7 3 0 2 8 7 3 0 10 4 3 1
155 0 1 87362.265660609002 3 0 3 0 3 1 2 0 8 7 5 1 9 11 6 4
155 1 1 86999.416856107462 0 1 2 3 0 0 3 3 8 7 5 1 9 11 6 4
155 2 1 79690.47352780083 1 2 1 3 8 3 5 3 9 7 6 4 0 11 0 0
155 3 1 86525.732889698731 0 2 0 0 1 3 1 3 8 7 5 3 9 11 6 4
156 0 1 87304.48568192852 2 3 2 0 4 1 3 0 7 6 5 3 10 11 7 3
156 1 1 87973.674292409851 0 2 3 2 0 4 1 3 7 6 5 3 10 11 7 3
156 2 1 73533.394610948511 3 2 3 2 7 3 1 4 10 6 5 3 0 11 7 0
156 3 1 88479.919937452098 0 2 3 0 3 3 1 2 7 6 5 3 10 11 7 4
157 0 1 80856.294571441264 0 4 2 0 2 1 4 0 1 3 4 0 11 8 5 0
157 1 1 82980.74486802514 0 0 4 2 0 0 3 4 0 1 3 4 0 11 8 5
157 2 1 79570.957714501099 0 2 4 2 1 3 1 5 0 11 8 5 0 0 0 0
157 3 1 83125.312069637395 0 0 0 0 0 2 4 2 0 3 1 5 1 11 8 5
158 0 1 72523.335105064412 2 2 4 0 3 5 8 0 1 3 6 7 4 11 9 0
158 1 1 86000.069559272873 0 2 2 4 0 3 5 8 1 3 6 7 0 4 11 9
158 2 1 76397.539005015453 2 2 5 4 1 4 6 8 0 4 11 7 0 0 0 9
158 3 1 85928.111241092352 0 0 0 4 2 2 5 8 0 4 6 7 1 4 11 9
159 0 1 89683.868048192584 1 0 0 0 1 2 1 0 3 5 6 8 5 6 11 10
159 1 1 89663.293695209635 0 1 0 0 0 0 1 3 3 5 6 8 5 6 11 10
159 2 1 77707.316327346838 1 1 2 1 3 5 6 8 5 6 11 10 0 0 0 0
159 3 1 89645.545667424274 0 0 0 0 1 1 2 1 3 5 6 8 5 6 11 10
160 0 1 82072.546702215885 1 3 4 0 2 6 11 0 0 3 0 0 2 1 0 0
160 1 1 82238.495840443895 0 1 3 4 0 2 6 11 0 0 0 3 0 2 0 1
160 2 1 82661.956877995763 3 1 2 4 0 5 5 11 2 0 3 0 0 0 1 0
160 3 1 81629.277021125643 0 0 2 0 1 1 5 4 2 5 3 11 2 0 1 0
161 0 1 84868.97974175548 9 11 7 5 7 4 4 0 2 3 4 0 1 2 0 0
161 1 1 83115.757849769812 9 11 7 5 0 6 6 5 0 2 3 4 0 0 1 2
161 2 1 85322.625972178619 9 11 7 5 6 6 5 4 2 3 2 0 0 1 0 0
161 3 1 78538.337375547999 0 11 0 0 9 6 7 5 6 3 5 4 2 1 2 0
162 0 1 92435.700172868324 2 2 0 0 5 1 3 0 5 6 7 3 6 8 9 10
162 1 1 89988.81336309039 0 2 2 0 0 5 1 3 5 6 7 3 6 8 9 10
162 2 1 84000.700749901065 2 2 1 3 6 6 7 3 6 8 9 10 0 0 0 0
162 3 1 91684.785200270373 0 0 0 0 2 2 1 0 6 6 7 4 6 8 9 10
163 0 1 83646.395464814908 1 3 0 0 2 2 3 1 3 4 5 0 9 11 4 0
163 1 1 81819.478949380718 0 1 3 0 2 2 3 1 0 3 4 5 0 9 11 4
163 2 1 74086.523117598437 3 3 3 1 0 2 4 5 8 3 11 4 0 8 0 0
163 3 1 85604.483565743256 0 3 0 0 1 2 3 1 2 3 4 5 8 8 11 4
164 0 1 79543.152445475993 1 3 11 6 3 6 5 0 0 3 4 0 0 3 0 0
164 1 1 80512.766932052531 1 3 11 6 0 3 6 5 0 0 3 4 0 0 0 3
164 2 1 82453.404358868982 1 4 11 6 0 0 6 5 0 0 4 4 0 0 0 0
164 3 1 81380.558467483133 0 0 0 0 1 3 11 6 0 3 6 5 0 0 4 4
165 0 1 79655.269880703636 6 3 3 0 10 4 1 0 11 2 0 0 4 0 0 0
165 1 1 76989.319145722475 0 5 5 4 0 10 4 1 0 11 2 0 0 3 3 0
165 3 1 81522.514260536147 5 5 0 0 9 9 3 3 11 2 4 1 3 3 0 0
166 0 1 89178.328123692088 10 7 6 4 11 6 4 0 6 5 3 0 4 0 1 0
166 1 1 81437.243260698117 10 7 6 4 0 11 6 4 0 6 5 3 0 3 3 1
166 2 1 89988.962741040406 10 7 6 4 11 6 4 0 6 5 3 1 3 3 0 0
166 3 1 89626.362572471146 10 7 0 0 11 6 6 4 6 5 4 0 3 3 3 1
167 0 1 73824.648506629543 10 3 0 0 11 7 1 0 7 8 3 2 7 5 3 0
167 1 1 71616.366711050665 0 10 0 3 0 11 7 1 7 8 3 2 0 7 5 3
167 2 1 80714.312515781901 10 7 3 0 11 8 1 2 7 6 3 3 6 0 5 0
168 0 1 79412.349705969464 11 7 5 0 1 4 3 0 3 1 4 0 0 1 3 0
168 1 1 82445.039720952947 0 11 7 5 0 1 3 4 0 3 1 4 0 0 1 3
168 2 1 82680.784482847579 1 11 7 5 0 4 3 3 0 0 1 4 0 0 1 3
168 3 1 78501.07130297643 0 0 7 5 0 11 3 3 1 3 1 4 0 3 1 3
169 0 1 83579.93091322681 2 11 7 8 2 5 6 0 0 1 4 0 2 0 0 0
169 1 1 85034.563675822923 2 11 7 8 0 2 5 6 0 0 1 4 0 0 2 0
169 2 1 83925.167527129146 2 11 7 8 2 4 4 6 0 2 1 4 0 0 0 0
169 3 1 78751.306750865624 0 0 0 0 2 11 7 8 2 4 4 6 0 2 1 4
170 0 1 71317.759170965088 2 6 11 10 2 7 8 7 4 4 6 0 3 3 3 0
170 1 1 76142.187056054579 2 6 11 10 2 7 8 7 0 4 4 6 0 3 0 4
170 2 1 75391.012844321929 2 6 11 10 2 7 8 7 4 3 4 6 0 0 3 3
170 3 1 72003.614300688074 0 0 11 10 2 6 8 7 2 7 4 6 4 3 3 3
171 0 1 66564.960945958926 9 8 2 0 7 5 4 0 5 11 2 0 2 4 1 0
171 1 1 67542.883185108876 0 9 8 2 0 7 5 4 0 5 11 2 0 2 4 1
171 2 1 71679.0171356746 9 8 2 3 7 5 3 2 4 4 11 1 2 0 4 0
171 3 1 67556.432187352853 9 0 2 0 7 8 3 0 4 5 11 3 2 4 4 3
172 0 1 68811.148552952131 6 4 0 0 10 8 2 2 11 7 1 0 4 3 1 0
172 1 1 63488.988046583203 0 5 5 4 10 8 2 2 0 11 7 1 0 4 3 1
172 2 1 67993.148154340466 5 5 4 2 10 8 3 0 11 7 1 0 4 3 0 0
172 3 1 69259.111212305535 5 5 0 0 10 8 4 0 11 7 3 2 4 3 1 0
173 0 1 82252.004137774114 4 6 11 0 4 3 5 3 3 3 0 0 0 0 3 0
173 1 1 81956.225097301533 0 4 6 11 4 3 5 3 0 3 2 1 0 0 0 3
173 2 1 82375.729765986631 4 4 6 11 3 3 5 3 0 2 1 3 0 0 0 0
173 3 1 81145.288868499425 0 0 0 0 0 4 6 11 4 3 5 3 3 2 1 3
174 0 1 80689.550317816524 8 7 11 8 4 6 3 0 3 6 3 2 3 2 4 0
174 1 1 73077.34046599071 8 7 11 8 0 4 6 3 3 6 3 2 0 3 2 4
174 2 1 80652.462645264517 8 7 11 8 4 7 4 2 4 2 3 3 0 0 0 0
174 3 1 68072.418725908312 0 0 0 0 8 7 11 8 4 7 3 2 4 2 4 3
176 2 1 59464.053440920383 10 3 6 2 9 6 4 2 6 3 11 4 1 0 5 0
176 3 1 57542.170557749443 10 0 6 0 9 3 4 2 6 6 11 2 1 3 5 4
177 0 1 82284.560867114706 0 6 11 0 3 6 5 0 3 4 3 4 1 3 2 0
177 1 1 81353.277580874797 0 0 6 11 0 3 6 5 3 4 3 4 0 1 3 2
177 2 1 81004.388797814507 0 3 7 11 3 4 3 5 1 1 2 4 0 0 0 2
177 3 1 78507.878796386707 0 0 0 11 0 3 7 5 3 4 3 4 1 1 2 2
178 0 1 60101.611760011801 2 11 4 3 10 9 4 5 3 3 6 0 0 2 3 0
178 1 1 61441.008656483602 2 11 4 3 10 9 4 5 0 3 3 6 0 0 2 3
178 2 1 64906.820380415229 2 11 5 3 10 9 3 5 3 0 2 6 0 0 0 3
178 3 1 62760.910716703831 0 0 0 3 2 11 5 5 10 9 3 6 3 0 2 3
179 0 1 62447.386067409425 4 3 5 0 6 11 3 0 9 6 7 2 10 3 4 1
179 1 1 66865.702819703831 0 3 4 5 0 6 11 3 9 6 7 2 10 3 4 1
179 2 1 62166.999542501399 3 3 3 5 9 7 11 3 10 3 7 3 0 0 4 0
179 3 1 65419.116602899412 0 0 3 0 3 3 11 5 9 7 7 3 10 3 4 3
180 0 1 91143.71243736404 0 0 1 0 4 3 0 0 5 4 3 2 6 8 7 5
180 1 1 91378.54680283503 0 0 0 1 0 3 3 3 5 4 3 2 6 8 7 5
180 2 1 85129.698651510582 3 3 3 1 5 4 3 2 6 8 7 5 0 0 0 0
180 3 1 91318.269751965476 0 0 0 0 3 3 0 1 5 4 4 2 6 8 7 5
181 0 1 81737.076816156521 3 3 0 0 1 6 0 0 2 2 5 11 1 4 4 0
181 1 1 83354.724543821052 0 0 3 3 0 1 0 6 2 2 5 11 0 1 4 4
181 2 1 81022.830659494517 1 3 3 0 2 2 6 11 1 4 5 3 0 0 3 0
181 3 1 82936.255302327278 0 0 3 0 0 3 6 0 1 2 5 11 3 4 3 3
182 0 1 80486.426425053374 0 3 5 0 3 5 7 0 4 6 11 0 3 2 6 0
182 1 1 80629.336088380849 0 0 3 5 0 3 5 7 0 4 6 11 0 2 3 6
182 2 1 81082.61286724938 0 3 3 5 3 3 5 7 2 1 6 11 0 0 2 6
182 3 1 80687.742985723875 0 0 3 5 0 0 5 7 3 4 6 11 2 1 2 6
183 0 1 78996.690028333323 3 5 6 9 3 5 11 0 0 4 6 0 1 3 4 0
183 1 1 86477.98310876271 3 5 6 9 0 3 5 11 0 0 4 6 0 1 3 4
183 2 1 86321.672476244727 3 5 6 9 0 3 5 11 1 0 4 6 0 0 3 4
183 3 1 85920.687701969 0 0 6 9 3 5 5 11 0 3 4 6 1 0 3 4
184 0 1 86463.804483504879 9 11 5 4 8 6 5 3 4 4 1 0 4 1 0 0
184 1 1 85580.727257465158 9 11 5 4 8 6 5 3 0 4 4 1 0 4 0 1
184 2 1 86410.19024936395 9 11 6 4 8 6 3 3 5 3 1 1 0 0 0 0
184 3 1 77127.809233458785 0 0 0 0 9 11 6 4 8 6 3 3 5 3 1 1
185 0 1 66266.867772221245 10 11 4 2 7 5 8 6 5 5 2 0 1 4 0 0
185 1 1 64134.947604146706 10 11 4 2 7 5 8 6 0 5 5 2 0 1 3 3
185 3 1 73383.889883615848 10 11 4 0 7 5 8 2 5 4 4 6 1 3 3 2
186 0 1 62462.297960668591 10 11 6 0 8 6 7 4 3 8 6 1 7 3 0 0
186 1 1 59823.439186198273 0 10 11 6 8 6 7 4 3 8 6 1 0 7 1 2
186 3 1 42645.683855923671 10 11 5 0 8 6 7 5 3 8 6 4 7 1 2 1
187 0 1 81914.214837180625 11 4 0 0 1 4 3 0 2 6 3 0 2 3 0 0
187 1 1 80163.647347739126 0 11 3 3 0 1 4 3 0 2 6 3 0 2 3 0
187 2 1 81825.052223818639 11 3 3 2 3 4 1 0 2 6 3 0 0 3 0 0
187 3 1 80356.635495680253 0 3 0 0 11 4 3 0 3 6 1 2 2 3 3 0
188 0 1 80250.3106906834 11 4 0 0 1 4 4 0 2 6 3 0 2 3 0 0
188 1 1 81607.656102036097 0 11 4 0 0 1 4 4 0 2 6 3 0 2 3 0
188 2 1 81420.570342544466 11 5 3 3 3 6 3 0 2 3 0 0 0 0 0 0
188 3 1 80312.219967961428 0 0 0 0 11 5 0 0 3 6 3 3 2 3 3 0
189 2 1 56719.516804439772 4 3 3 2 1 4 5 2 2 3 10 11 0 0 4 8
189 3 1 59608.582262624906 0 0 3 2 3 3 5 2 3 4 10 11 3 3 4 8
190 0 1 81416.338737699713 7 11 3 0 5 4 1 0 4 2 3 0 4 0 0 0
190 1 1 81652.596781451342 0 7 11 3 0 5 4 1 0 4 2 3 0 4 0 0
190 2 1 81886.840647126373 7 11 1 3 5 4 3 0 5 2 0 0 0 0 0 0
190 3 1 80746.158354985775 0 0 0 0 7 11 0 3 5 4 1 0 5 2 3 0
191 0 1 78880.012000887436 8 11 1 3 5 3 4 0 4 3 3 0 3 1 0 0
191 1 1 84026.466268763441 8 11 1 3 0 5 3 4 0 4 3 3 0 3 1 0
191 2 1 76846.813218826399 8 11 1 3 5 4 4 1 4 1 2 0 3 0 0 0
191 3 1 80177.128306743456 8 0 0 0 5 11 1 3 4 4 4 0 3 1 2 1
192 0 1 86006.583270312913 9 11 6 3 7 6 5 3 6 1 3 0 4 3 2 0
192 1 1 87045.7303131074 9 11 6 3 7 6 5 3 0 6 1 3 0 4 2 3
192 2 1 87037.567747566893 9 11 6 4 7 6 5 3 5 5 1 2 4 2 1 0
192 3 1 86056.432727464911 9 11 6 0 7 6 5 3 5 5 1 4 4 2 1 2
193 0 1 89363.941211010519 10 11 6 4 7 5 4 0 4 4 3 0 6 0 3 0
193 1 1 87444.961818842188 10 11 6 4 0 7 5 4 0 0 5 3 0 6 0 3
193 2 1 90273.64273705511 10 11 6 5 0 7 5 3 6 4 4 3 0 0 0 0
193 3 1 79235.05995866505 0 0 0 0 10 11 6 4 0 7 5 4 6 4 4 4
194 0 1 89721.272122190101 10 8 5 4 7 5 4 3 3 5 4 1 3 1 0 0
194 1 1 89352.773658025806 10 8 5 4 7 5 4 3 3 5 4 1 0 0 3 1
194 2 1 89891.578782036173 10 8 5 4 7 6 5 3 3 3 1 1 0 0 0 0
194 3 1 86115.97299667765 0 0 0 0 10 8 5 4 7 6 5 3 3 3 1 1
195 0 1 89008.878412642429 10 8 2 0 7 5 4 0 7 3 3 0 3 3 0 0
195 1 1 84513.480416562001 0 10 8 2 0 7 5 4 0 7 3 3 0 3 0 3
195 2 1 88925.621500183915 10 8 2 0 8 5 4 1 3 3 2 0 0 0 3 0
195 3 1 82810.960145202887 0 0 2 0 10 8 4 0 8 5 2 0 3 3 3 1
196 0 1 88410.679448990573 10 9 8 3 1 7 5 0 3 2 5 0 0 0 2 0
196 1 1 87194.066862666383 10 9 8 3 0 1 7 5 0 3 2 5 0 0 0 2
196 2 1 89237.590738235944 10 9 8 3 1 6 6 6 0 3 2 2 0 0 0 0
196 3 1 78713.500497858578 0 0 0 0 10 9 8 3 1 6 6 6 0 3 2 2
197 0 1 71744.236778954088 7 11 3 2 1 4 4 0 4 5 8 0 3 3 0 0
197 1 1 71925.363514856479 7 11 3 2 0 1 4 4 0 4 5 8 0 3 1 2
197 2 1 68795.119983103912 7 11 4 2 1 4 8 3 4 5 2 0 3 1 0 0
197 3 1 71400.784584516194 7 11 0 0 1 4 4 2 4 5 8 3 3 1 2 0
198 0 1 91861.301757691384 1 0 2 0 1 3 5 1 2 8 6 5 9 8 6 5
198 1 1 92079.321741739899 0 0 1 2 1 3 5 1 2 8 6 5 9 8 6 5
198 2 1 82213.741790514134 1 1 5 3 2 3 6 5 9 9 6 5 0 0 0 0
198 3 1 91068.113427127464 0 0 0 0 0 1 0 2 3 3 5 1 9 9 7 6
199 0 1 88788.051820612251 3 1 3 0 4 2 0 0 7 5 4 3 10 9 6 3
199 1 1 88653.102252544995 0 1 3 3 0 4 2 0 7 5 4 3 10 9 6 3
199 2 1 85170.512832991924 1 2 1 3 4 2 4 3 7 5 6 3 10 9 0 0
199 3 1 88781.286420525867 1 2 0 0 4 2 1 3 7 5 4 0 10 9 6 4
200 0 1 81539.902109703675 1 0 3 0 1 3 4 0 3 6 0 0 4 11 9 0
200 1 1 85787.11173885208 0 0 1 3 0 1 3 4 0 3 5 5 0 4 11 9
200 2 1 77948.640097057665 1 1 4 3 3 3 5 0 4 5 8 8 0 11 0 0
200 3 1 86626.680832123107 0 1 0 0 1 3 4 3 3 5 5 0 4 11 8 8
201 0 1 86504.792767026011 1 2 0 0 3 0 4 0 3 6 7 0 4 5 11 10
201 1 1 88964.06211109666 0 1 0 2 0 0 3 4 0 3 6 7 4 5 11 10
201 2 1 76957.834967641655 1 3 2 4 0 3 6 7 4 5 11 10 0 0 0 0
201 3 1 89352.317899564703 0 0 0 0 1 0 2 4 0 4 6 7 4 5 11 10
202 0 1 82489.620676927705 3 1 0 0 11 2 3 2 6 4 0 0 4 3 0 0
202 1 1 81917.505259049838 0 3 1 0 11 2 3 2 0 6 4 0 0 3 3 3
202 2 1 83271.942436065117 3 3 3 2 11 4 0 0 6 3 3 0 3 0 0 0
202 3 1 82723.399478386724 3 0 0 0 11 3 0 0 6 4 3 2 3 3 3 0
203 0 1 89736.039855367664 1 1 3 0 7 2 2 0 11 7 1 3 10 8 2 0
203 1 1 85177.422618693075 0 1 1 3 0 7 2 2 11 7 1 3 0 10 8 2
203 2 1 90052.869495694598 1 1 3 2 6 6 3 3 11 7 2 0 10 8 0 0
203 3 1 89569.446682018694 1 1 0 0 6 6 3 0 11 7 2 2 10 8 3 3
204 0 1 81616.542735096766 6 1 3 0 5 8 1 0 11 7 3 0 10 9 2 0
204 1 1 58931.021357079298 0 6 1 3 0 5 8 1 0 11 7 3 0 10 9 2
204 2 1 82323.806924323406 6 1 3 0 5 8 1 2 11 7 3 0 10 9 0 0
204 3 1 82539.136826908769 6 1 0 0 5 8 3 0 11 7 1 0 10 9 3 2
205 0 1 82218.475577589707 1 4 5 0 2 4 6 8 1 3 7 9 3 3 10 0
205 1 1 88153.616256223904 0 1 4 5 2 4 6 8 1 3 7 9 0 0 4 10
205 2 1 88023.474768623826 3 3 3 5 1 4 6 8 0 4 7 9 0 0 3 10
205 3 1 88279.319053330721 0 0 3 5 1 3 6 8 2 4 7 9 1 4 3 10
206 1 1 90443.662855118033 0 3 0 0 3 4 5 1 3 4 5 8 5 7 11 10
206 2 1 76175.759026194602 4 4 5 1 3 4 5 8 5 7 11 10 0 0 0 0
206 3 1 90861.329074338893 0 0 0 0 3 0 0 1 4 5 6 8 5 7 11 10
207 0 1 80994.833786503688 4 0 3 0 1 2 7 0 3 6 9 0 3 4 11 10
207 1 1 91777.051071836147 0 3 3 3 0 0 3 7 0 3 6 9 3 4 11 10
207 2 1 79098.912692565005 3 3 2 3 0 1 6 7 3 3 11 9 0 4 0 10
207 3 1 91781.824164367325 0 3 0 3 3 1 2 7 0 3 6 9 3 4 11 10
208 0 1 66748.361922464916 2 8 11 3 8 10 0 0 6 6 3 0 4 2 4 0
208 1 1 65826.393598523704 2 8 11 3 0 7 7 10 0 6 6 3 0 4 2 4
208 2 1 67236.806763499611 2 8 11 3 7 7 10 3 6 5 5 4 3 3 2 0
208 3 1 66394.145226324166 2 8 11 0 7 7 10 3 6 5 5 3 3 3 2 4
209 0 1 82427.231803364353 0 0 3 0 3 1 1 0 11 4 0 0 7 4 2 0
209 1 1 80200.757992027837 0 0 0 3 0 3 1 1 0 11 4 0 0 7 4 2
209 2 1 82581.294880781454 3 0 1 3 11 4 0 1 7 3 3 2 0 0 0 0
209 3 1 82680.553346647343 0 0 0 0 3 0 0 3 11 4 1 1 7 3 3 2
211 0 1 89712.032680838427 4 0 1 0 3 4 0 0 11 6 4 2 10 9 6 4
211 1 1 90990.699088232461 0 3 3 1 0 3 4 0 11 6 4 2 10 9 6 4
211 2 1 84808.619636984964 4 3 0 1 11 4 4 2 10 6 6 4 0 9 0 0
211 3 1 91796.950489552779 0 3 0 0 4 4 0 1 11 6 4 2 10 9 6 4
212 0 1 92473.665230968254 3 2 1 0 3 5 3 0 11 8 5 4 10 9 6 4
212 1 1 94115.655663117883 0 2 1 3 0 3 5 3 11 8 5 4 10 9 6 4
212 2 1 81039.2634979422 2 1 2 1 11 3 6 3 10 8 6 5 0 9 0 0
212 3 1 94540.645798282509 0 1 0 0 2 3 2 1 11 8 6 3 10 9 6 5
213 0 1 80735.133309323151 1 0 0 0 3 0 6 0 3 3 8 0 4 6 10 0
213 1 1 89579.360919407438 0 0 1 0 0 0 3 6 0 3 3 8 0 4 6 10
213 2 1 85428.313684586334 0 1 0 6 3 3 3 8 0 4 6 10 0 0 0 0
213 3 1 90015.724072168727 0 0 0 0 0 1 0 6 0 3 3 8 3 4 6 10
214 0 1 79036.519609791329 4 3 0 0 6 3 3 0 1 5 2 0 2 3 11 3
214 1 1 78228.518797030323 0 0 4 3 0 0 6 4 0 1 5 2 2 3 11 3
214 2 1 78539.181376166307 0 4 4 3 0 6 5 2 2 1 11 3 0 3 0 0
214 3 1 79200.708884512802 0 4 0 0 0 6 4 3 0 1 5 2 2 3 11 3
215 1 1 54568.69776651245 10 2 8 2 8 11 1 4 1 5 1 3 0 2 2 0
215 2 1 55266.78267577909 10 2 8 2 8 11 1 4 3 5 1 3 0 2 0 0
215 3 1 66852.651613937342 0 2 0 0 10 11 8 2 8 5 1 4 3 2 1 3
216 0 1 55640.715957786902 4 10 11 1 4 9 7 4 2 3 6 3 1 2 3 0
216 1 1 52592.674502504524 4 10 11 1 4 9 7 4 2 3 6 3 0 1 2 3
216 2 1 58686.614553649852 5 10 11 1 2 9 7 4 1 3 6 4 0 0 2 0
216 3 1 54415.319417614373 0 0 11 0 4 10 7 1 4 9 6 4 3 3 2 4
217 0 1 82065.240479560045 0 1 0 0 3 2 0 0 6 4 1 0 3 6 11 3
217 1 1 83754.639903519666 0 0 0 1 0 0 3 2 0 6 4 1 3 6 11 3
217 2 1 81516.633157020973 0 3 3 0 5 5 4 1 3 6 11 3 0 0 0 0
217 3 1 82155.775027477473 0 0 0 0 0 3 3 0 5 5 4 1 3 6 11 3
218 0 1 53179.521054856123 0 5 2 0 2 3 4 3 10 9 8 4 3 11 6 5
218 2 1 41850.320508869365 2 3 5 2 10 9 4 3 3 11 8 4 0 0 6 5
219 0 1 80989.40857443976 4 5 7 0 1 4 11 0 0 3 3 0 2 1 0 0
219 1 1 82350.183986300151 0 4 5 7 0 1 4 11 0 0 0 4 0 2 0 1
219 2 1 84027.726513521498 3 3 5 7 0 1 4 11 2 0 3 3 0 0 1 0
219 3 1 82566.561495663293 0 0 5 0 3 3 4 7 0 1 3 11 2 0 1 3
220 0 1 86220.831946523336 4 5 6 10 2 4 5 11 1 3 5 0 1 4 3 0
220 1 1 88651.771632494245 4 5 6 10 2 4 5 11 0 1 3 5 0 1 3 4
220 2 1 88379.165649216244 4 5 6 10 3 4 6 11 1 4 3 3 0 0 0 0
220 3 1 82689.137658972963 0 0 0 0 4 5 6 10 3 4 6 11 1 4 3 3
221 0 3 87708.050731833951 4 4 3 0 8 6 1 1 9 5 3 1 10 6 3 0
221 1 3 54742.759582240164 0 4 3 4 8 6 1 1 9 5 3 1 0 10 6 3
221 2 3 87200.303095516952 4 3 3 3 8 6 1 1 9 5 4 1 10 6 0 0
221 3 3 81421.225817182552 4 3 0 0 8 6 3 3 9 5 1 1 10 6 4 1
222 0 1 76178.473305863852 4 3 8 0 3 11 4 0 1 4 3 0 0 2 0 0
222 1 1 75879.441801920708 0 4 3 8 0 3 11 4 0 1 4 3 0 0 0 2
222 2 1 74599.489419127465 4 3 8 0 3 11 4 1 1 4 2 0 0 0 2 0
222 3 1 72280.464410825458 0 0 8 0 4 3 4 0 3 11 2 0 1 4 2 1
223 0 1 63240.992549898765 1 9 1 0 3 6 0 0 3 11 3 5 2 3 3 0
223 1 1 66755.236596441202 0 1 9 1 0 0 3 6 3 11 3 5 0 2 3 3
223 2 1 64638.676464840712 0 1 9 1 3 3 6 5 2 11 3 1 0 3 2 0
223 3 1 60381.785157234452 0 1 9 0 0 3 6 1 3 11 3 5 2 3 2 1
224 0 3 75329.518664960531 3 0 1 0 3 3 4 0 3 3 6 0 2 10 11 8
224 1 3 76655.904943907532 0 3 0 1 0 3 3 4 0 0 4 6 2 10 11 8
224 2 3 70931.968438610798 4 0 3 1 0 3 3 4 2 10 11 6 0 0 0 8
224 3 3 77349.600712001455 0 0 0 1 3 0 0 4 3 3 4 6 2 10 11 8
225 0 1 91680.129193518238 3 3 0 0 5 4 0 0 9 7 3 0 10 11 3 4
225 1 1 82604.544609775112 0 1 2 3 0 5 3 3 0 9 7 3 10 11 3 4
225 2 1 90928.891214438656 1 2 4 0 5 3 0 3 9 7 3 4 10 11 0 0
225 3 1 91421.386868905756 1 2 0 0 5 3 3 0 9 7 3 3 10 11 3 4
226 0 1 91004.237778606097 5 4 2 0 7 5 1 0 9 7 4 2 10 11 6 3
226 1 1 87019.427048095822 0 5 4 2 0 7 5 1 9 7 4 2 10 11 6 3
226 2 1 84365.214395521383 5 5 2 1 7 7 5 2 9 11 6 3 10 0 0 0
226 3 1 93021.459572104795 5 0 0 0 7 5 2 0 9 7 5 3 10 11 6 3
227 0 1 88476.884606079824 5 3 2 0 5 6 0 0 11 6 0 0 10 7 2 3
227 1 1 79725.285254244533 0 5 3 2 0 5 6 0 0 11 6 0 10 7 2 3
227 2 1 85750.792017202344 4 4 3 2 5 7 0 0 11 7 2 3 10 0 0 0
227 3 1 88298.657662377183 4 0 0 0 5 4 3 2 11 7 0 0 10 7 2 3
228 0 1 91267.394917515325 5 3 3 0 7 4 1 0 11 5 0 0 10 9 4 2
228 1 1 78503.29759008433 0 5 0 4 0 7 4 1 0 11 5 0 10 9 4 2
228 2 1 85187.816378833959 5 4 3 3 7 5 1 0 11 9 4 2 10 0 0 0
228 3 1 90520.606922694598 5 0 0 0 7 4 3 3 11 5 1 0 10 9 4 2
229 0 1 88933.454573828203 4 3 2 0 7 4 3 5 11 8 1 0 10 9 5 0
229 1 1 62099.362225022 0 4 2 3 7 4 3 5 0 11 8 1 0 10 9 5
229 3 1 90889.320362369865 4 2 1 0 7 4 3 2 11 8 1 5 10 9 5 0
230 0 1 80372.942908605415 5 0 2 0 1 5 1 0 11 2 4 2 1 3 2 4
230 1 1 78877.281511857756 0 0 5 2 0 1 5 1 11 2 4 2 1 3 2 4
230 2 1 78470.810223313296 1 5 4 3 11 4 4 2 1 2 2 4 0 3 0 0
230 3 1 77937.431459993517 0 5 0 0 1 4 0 2 11 2 5 3 1 3 2 4
231 0 1 85515.794644488968 9 7 5 4 11 5 4 2 5 4 1 1 1 4 1 0
231 1 1 85620.126796231925 9 7 5 4 11 5 4 2 5 4 1 1 0 1 4 1
231 2 1 86343.747134720325 9 7 5 4 11 5 4 3 5 5 1 1 1 0 0 0
231 3 1 80577.453699543388 9 0 0 0 11 7 5 4 5 5 4 3 1 5 1 1
232 0 1 89000.741133340358 10 8 1 0 11 6 2 0 6 2 1 0 5 1 0 0
232 1 1 78985.997236263298 0 10 8 1 0 11 6 2 0 6 0 3 0 5 0 1
232 2 1 89262.700495469631 10 7 7 1 11 6 2 1 6 0 3 0 5 0 0 0
232 3 1 83658.167149928937 10 0 0 0 11 7 7 1 6 6 2 0 5 0 3 1
233 0 1 88441.033488585439 3 1 2 0 5 3 1 0 11 4 1 0 10 8 5 0
233 1 1 79634.922362711397 0 3 1 2 0 5 3 1 0 11 4 1 0 10 8 5
233 2 1 87655.683391595259 3 1 0 3 5 3 1 0 11 4 4 4 10 8 0 0
233 3 1 88751.837963923695 3 1 0 0 5 3 0 2 11 4 1 1 10 8 4 4
234 0 1 95912.830120466082 1 3 0 0 7 1 1 0 11 7 5 2 10 9 7 5
234 1 1 95956.059716373114 0 0 1 3 0 7 1 1 11 7 5 2 10 9 7 5
234 2 1 74133.47860366643 7 1 3 0 11 1 1 2 10 7 5 5 0 9 7 0
235 0 1 79054.816785875562 2 1 3 0 1 6 8 0 3 4 9 0 1 4 10 0
235 1 1 90024.420064717677 0 0 3 3 0 1 6 8 0 3 4 9 0 1 4 10
235 2 1 90015.290853587445 0 3 1 3 0 3 6 8 1 3 4 9 0 0 3 10
235 3 1 89092.811463516031 0 0 1 3 0 2 6 8 0 1 4 9 1 4 3 10
236 0 1 77813.908929257246 2 4 3 6 2 5 11 0 1 6 0 0 3 1 0 0
236 1 1 80211.275669382536 2 4 3 6 0 2 5 11 0 1 0 6 0 0 3 1
236 2 1 80624.729525021045 2 4 3 6 3 0 5 11 0 3 6 0 0 0 1 0
236 3 1 80869.823995934115 0 0 3 0 2 4 5 6 2 0 6 11 1 3 1 0
237 0 1 80411.835921114485 3 4 5 0 4 6 7 0 2 4 11 0 0 0 5 0
237 1 1 83299.656052253355 0 3 4 5 0 4 6 7 0 2 4 11 0 0 0 5
237 3 1 82294.024679107257 0 0 0 5 1 2 4 7 0 4 6 11 0 2 4 5
238 0 3 74779.737825339165 0 5 2 0 3 7 0 0 3 4 3 11 3 2 5 3
238 1 3 80987.684840434187 0 0 5 2 0 0 3 7 3 4 3 11 3 2 5 3
238 2 3 74881.929134626567 0 3 5 2 3 4 7 11 3 2 3 3 0 0 5 0
238 3 3 71847.173891229031 0 0 5 0 0 3 7 2 0 4 3 11 4 2 5 3
239 0 1 80440.890499214132 3 0 0 0 0 3 2 0 3 5 8 9 5 11 10 0
239 1 1 93090.245095113321 0 3 0 0 0 0 3 2 3 5 8 9 0 5 11 10
239 2 1 78977.667359162922 3 0 3 2 3 5 8 9 4 4 11 10 0 0 0 0
239 3 1 92402.132426234632 0 0 0 0 3 0 3 2 3 5 8 9 4 4 11 10
240 0 1 81845.421856951158 1 3 0 0 3 5 11 0 1 4 5 0 0 4 1 0
240 1 1 82508.933021721488 0 1 3 0 0 3 5 11 0 1 4 5 0 0 4 1
240 2 1 82208.934163198719 1 4 5 11 0 1 4 5 0 0 4 1 0 0 0 0
240 3 1 82455.405275880708 0 0 0 0 1 3 0 11 0 3 5 5 0 1 5 1
241 0 1 73573.03562563943 3 6 2 0 3 6 8 1 3 8 11 0 3 2 8 9
241 1 1 75418.265154592315 0 3 6 2 3 6 8 1 0 3 8 11 3 2 8 9
241 2 1 72538.205321351299 4 5 5 3 3 6 8 0 3 8 11 9 0 2 8 0
241 3 1 60455.622678195854 0 5 5 0 3 6 8 2 3 8 11 1 4 2 8 9
242 0 1 53401.996681129604 4 7 4 2 3 11 4 0 1 3 9 10 3 0 4 0
242 1 1 52081.566103113262 4 7 4 2 0 3 11 4 1 3 9 10 0 1 2 4
242 2 1 55352.380078759765 4 7 4 2 1 4 11 4 1 2 9 10 0 0 0 4
242 3 1 54383.340764650202 0 0 0 2 4 7 4 4 1 4 11 10 1 2 9 4
243 0 1 81687.36256383259 1 1 0 0 6 3 2 0 11 6 3 2 4 0 3 0
243 1 1 81016.968283153707 0 1 1 0 0 6 3 2 11 6 3 2 0 0 4 3
243 2 1 82369.39903661485 1 1 2 0 6 3 3 2 11 6 0 3 0 4 0 0
243 3 1 80540.337125670208 0 1 0 0 1 3 0 0 6 6 2 2 11 4 3 3
244 0 1 89049.46840018619 0 3 3 0 1 4 6 0 2 4 5 8 3 5 11 10
244 1 1 88509.560103607175 0 0 0 4 0 1 4 6 2 4 5 8 3 5 11 10
244 2 1 88780.650893117127 1 0 3 3 2 4 4 6 3 5 5 8 0 0 11 10
244 3 1 89660.718032364617 0 0 3 3 0 0 4 6 3 4 5 8 3 5 11 10
245 0 1 59988.846770969038 5 2 1 0 4 7 4 0 3 9 5 9 3 8 11 10
245 1 1 54290.535441238149 0 4 4 3 0 4 7 4 3 9 5 9 3 8 11 10
245 2 1 46514.923174284908 5 4 2 1 3 7 4 9 3 9 5 10 0 8 11 0
245 3 1 56941.788714491478 0 4 2 0 4 7 4 1 4 9 5 9 4 8 11 10
246 0 3 65612.01005402692 4 4 6 0 5 7 2 2 6 9 7 9 3 8 11 10
246 1 3 1126.4516781629475 0 4 4 6 5 7 2 2 6 9 7 9 3 8 11 10
247 0 1 85727.610936641518 5 11 8 7 3 4 7 0 0 4 1 0 0 0 1 0
247 1 1 85304.378501201805 5 11 8 7 0 3 4 7 0 0 4 1 0 0 0 1
247 2 1 84580.482622741372 5 11 8 8 1 2 5 1 0 0 0 1 0 0 0 0
247 3 1 79972.349801181233 0 0 0 0 5 11 8 8 1 2 4 1 0 0 4 1
248 0 1 65500.639041000977 4 11 8 4 3 8 7 3 1 7 4 0 1 4 2 0
248 1 1 75062.094227248424 4 11 8 4 3 8 7 3 0 1 7 4 0 1 4 2
249 0 1 80690.482429351949 5 11 3 0 1 1 4 5 4 0 0 0 3 0 0 0
249 1 1 80778.680210933468 0 5 11 3 1 1 4 5 0 4 0 0 0 0 3 0
249 2 1 80772.816153902502 5 11 2 1 1 1 4 5 4 3 0 0 0 0 0 0
249 3 1 79603.716761380812 0 0 0 0 5 11 2 1 1 1 4 5 4 3 0 0
250 0 1 85934.175296933099 9 11 6 4 6 4 2 0 2 4 3 0 1 0 0 0
250 1 1 83950.440060831941 9 11 6 4 0 6 4 2 0 2 4 3 0 1 0 0
250 2 1 84800.541600607525 9 11 6 4 5 5 4 2 3 4 0 3 0 0 0 0
250 3 1 78910.834877169546 0 0 0 0 9 11 6 4 5 5 4 2 3 4 0 3
251 0 1 87068.748129517306 9 11 6 5 8 6 5 0 4 3 2 0 1 2 0 0
251 1 1 82164.934963928565 9 11 6 5 0 8 6 5 0 3 4 2 0 0 1 2
251 2 1 87161.014450218558 9 11 6 5 8 6 5 2 3 3 3 0 0 1 2 0
251 3 1 78825.296407253278 0 11 6 0 9 6 5 5 8 3 3 0 3 1 2 2
252 0 1 79583.469908874307 3 4 5 0 11 5 3 0 3 5 1 0 0 1 2 0
252 1 1 80547.12454007467 0 3 4 5 0 11 5 3 0 3 5 1 0 0 0 3
252 2 1 80258.322785958793 1 2 4 5 0 11 6 3 0 3 1 3 0 0 0 0
252 3 1 80278.023688464105 0 0 0 0 1 2 4 5 0 11 6 3 0 3 1 3
253 0 1 87320.03262020291 9 6 7 0 11 6 4 0 5 4 2 0 4 4 0 0
253 1 1 77257.92174359785 0 9 6 7 0 11 6 4 0 5 4 2 0 4 3 3
253 2 1 87083.868273392902 9 7 7 3 11 4 3 0 5 3 2 0 4 0 3 0
253 3 1 80664.072718284238 9 0 7 0 11 7 3 0 5 4 2 3 4 3 3 0
254 0 1 87652.08998768215 9 8 7 5 11 7 5 3 3 0 3 0 2 1 2 0
254 1 1 87394.926396530878 9 8 7 5 11 7 5 3 0 0 3 3 0 2 0 3
254 2 1 87519.874674991821 9 8 7 5 11 7 5 4 2 3 1 2 0 0 0 0
254 3 1 80306.702903949306 0 0 0 0 9 8 7 5 11 7 5 4 2 3 1 2
255 0 1 74853.667305604497 10 8 4 3 11 5 4 3 3 4 1 0 3 1 9 0
255 1 1 71312.416190925462 10 8 4 3 11 5 4 3 0 3 4 1 0 3 1 9
255 2 1 73012.617698659189 10 8 5 4 11 5 4 1 3 3 1 9 0 0 0 0
255 3 1 66191.643586872466 0 0 0 0 10 8 4 4 11 5 5 1 3 3 1 9
