19110001 811 5 3 2 2 3 3 1 0 2 1 0 0 0 0 0 2 3 0 2 0 1 0 3 0 0 1 6 1 0 13 7 5 1
19110002 811 7 1 1 2 3 1 3 2 1 0 3 1 0 0 0 0 3 2 2 6 5 1 3 0 5 6 3 3 7 13 5 0 2 4 2
19110003 839 4 2 1 2 3 1 0 3 1 0 0 0 0 1 2 1 0 0 0 3 0 1 5 1 4 6 5 3 2 0 3 13
19110004 880 3 1 1 3 1 0 3 1 0 0 0 0 2 0 1 8 4 13 0 3 5 4 2 4 3 0 0 2 0 0 0
19110006 866 11 3 2 1 3 2 3 1 2 1 2 1 1 0 3 1 0 0 0 0 4 4 3 13 5 6 1 4 4 3 2 3 0 0 0 3 0 0 0
19110007 808 3 2 1 1 1 0 3 1 0 0 0 0 2 1 0 0 8 4 13 0 3 3 4 5 3 7 2 0 1 2 3
19110009 952 1 3 1 0 1 1 0 0 0 0 0 0 1 4 0 2 0 6 4 0 0 8 3 3 0 13 3 1 2
19110010 787 6 1 2 3 1 3 1 1 0 2 1 0 0 0 0 3 1 2 3 2 4 3 13 4 1 0 4 5 3 0 1 2 0 2
19110011 802 5 1 2 3 1 2 1 0 2 1 0 0 0 0 2 2 1 1 0 1 4 1 1 5 2 0 0 5 13 2 4 2 3
19110012 777 0 1 0 3 1 0 0 0 0 0 0 0 13 2 3 3 9 1 4 0 3 8 4 2 6 5 1 0
19110013 896 8 3 1 3 1 1 2 2 3 1 0 3 1 0 0 0 0 3 2 3 0 0 2 1 1 5 8 0 2 5 2 0 3 8 13 0
19110014 740 6 2 3 1 2 2 3 1 0 2 1 0 0 0 0 1 3 2 2 3 13 0 4 2 4 1 6 1 3 1 1 1 5 0
19110015 836 1 2 1 0 2 1 0 0 0 0 0 1 0 3 3 3 3 8 9 3 1 13 5 4 0 1 3 0 0
19110016 884 7 2 2 3 1 2 1 3 1 0 1 1 0 0 0 0 2 3 2 0 3 2 3 0 6 8 3 1 4 7 2 1 4 5 13
19110017 745 11 2 2 2 2 1 1 3 1 3 3 3 1 0 1 1 0 0 0 0 3 4 4 0 1 3 2 4 3 8 5 3 4 6 3 2 1 5 13
19110019 915 9 2 1 2 3 1 2 3 2 1 1 0 3 1 0 0 0 0 3 4 2 0 0 1 0 3 4 3 3 0 4 13 3 0 6 2 1
19110020 875 1 2 1 0 2 1 0 0 0 0 0 1 0 13 1 1 0 3 5 3 0 3 3 0 3 3 0 0 0
19110021 900 8 3 3 2 2 2 3 3 2 1 0 1 1 0 0 0 0 0 4 4 5 1 0 0 3 6 2 3 13 3 1 1 0 0 0 1
19110022 844 0 1 0 1 1 0 0 0 0 0 0 0 1 1 0 2 2 3 4 3 0 9 3 5 13 3 2 3
19110023 926 3 2 3 2 3 1 4 0.54545454545454553 5 0.27272727272727276 6 0.18181818181818185 0 2 1 0 1 4 3 3 1 7 1 2 4 8 2 0 13 1 3
19110025 1056 9 3 1 3 1 2 2 3 1 2 1 0 3 1 0 0 0 0 3 3 3 4 3 2 1 3 4 13 0 3 5 1 0 0 2 0 0
19110027 790 7 2 3 3 1 2 2 1 1 0 3 1 0 0 0 0 2 3 2 0 13 3 1 1 3 5 2 0 2 3 3 0 0 0 1
19110028 936 11 3 2 2 2 1 3 3 1 1 2 1 1 0 3 1 0 0 0 0 4 4 3 3 3 0 0 1 2 6 4 7 4 13 3 0 3 1 2
19110029 729 1 1 1 0 1 1 0 0 0 0 1 0 0 13 1 7 2 6 5 1 0 2 2 3 0 0 2 0 3
19110030 773 11 2 3 1 2 2 1 1 1 3 3 2 1 0 3 1 0 0 0 0 4 4 3 13 8 4 0 9 4 3 0 4 2 3 2 1 1 0 0
19110031 929 9 3 1 2 3 1 3 2 1 2 1 0 3 1 0 0 0 0 3 3 3 0 5 2 2 6 4 4 3 1 5 7 1 3 13 5 3
19110034 815 6 2 1 1 2 2 3 1 0 3 1 0 0 0 0 2 3 1 3 5 2 1 13 3 3 2 3 4 5 0 3 1 1 0
19110035 890 9 2 2 3 1 3 3 2 1 1 1 0 2 1 0 0 0 0 3 3 3 1 2 0 0 4 3 0 0 5 6 1 0 13 4 4 3
19110037 767 7 1 2 3 2 1 2 3 1 0 2 1 0 0 0 0 2 3 2 1 3 4 0 1 3 6 0 13 3 5 1 2 3 3 0
19110039 838 0 1 0 2 1 0 0 0 0 0 0 0 4 1 0 0 3 13 0 3 3 5 6 2 3 4 5 1
19110041 821 8 2 1 3 2 1 2 1 3 1 0 3 1 0 0 0 0 3 3 2 1 3 2 4 0 4 3 3 0 13 6 4 0 3 3 0
19110043 831 2 3 3 1 0 2 1 0 0 0 0 0 0 2 1 4 3 2 13 2 0 0 4 1 5 0 1 0 0 0
19110045 1008 11 1 1 2 2 2 1 3 3 2 3 3 1 0 1 1 0 0 0 0 3 4 4 0 0 2 5 0 3 5 3 1 3 3 13 0 0 4 3
19110046 858 2 3 2 1 0 3 1 0 0 0 0 0 1 1 13 3 4 0 9 3 5 2 2 8 3 1 3 1 3 1
19110048 785 2 3 3 1 0 1 1 0 0 0 0 0 0 2 3 3 5 3 2 4 2 3 9 13 6 0 3 1 3 0
19110051 981 11 3 1 3 3 2 2 3 1 1 1 2 1 0 2 1 0 0 0 0 4 3 4 0 0 0 2 2 3 1 4 0 1 5 4 1 2 9 13
19110053 845 0 1 0 1 1 0 0 0 0 0 0 0 4 0 2 0 6 1 0 0 3 13 2 1 2 3 4 3
19110054 779 5 3 1 1 1 2 1 0 2 1 0 0 0 0 3 1 1 13 8 3 0 8 6 4 0 4 5 7 0 2 0 0 3
19110056 961 2 2 3 1 0 3 1 0 0 0 0 0 1 1 0 0 2 3 0 3 4 3 1 3 2 1 0 13 3 1
19110058 910 3 1 2 3 1 0 2 1 0 0 0 0 1 1 1 1 4 13 1 4 8 4 4 5 1 7 3 2 0 0 2
19110059 765 11 3 1 1 2 1 3 2 2 3 1 2 1 0 3 1 0 0 0 0 4 4 3 4 2 3 2 2 3 6 3 1 5 13 0 1 8 0 1
19110060 980 7 1 3 2 1 2 3 1 1 0 1 1 0 0 0 0 3 2 2 3 0 2 0 1 3 3 0 5 4 8 0 13 4 2 2
19110061 761 1 1 1 0 2 1 0 0 0 0 1 0 0 0 4 4 13 0 7 5 4 1 0 2 4 0 0 3 3
19110062 865 11 2 3 3 3 2 1 1 1 2 1 2 1 0 3 1 0 0 0 0 4 4 3 13 7 6 1 6 2 5 0 4 8 1 3 0 3 0 2
19110063 926 3 1 1 1 1 0 2 1 0 0 0 0 3 0 0 3 4 4 13 5 0 8 2 0 0 4 3 0 3 2 0
19110064 829 7 3 2 1 2 1 2 3 1 0 1 1 0 0 0 0 2 3 2 0 1 1 13 0 3 4 3 2 3 4 3 2 0 1 2
19110066 842 9 3 1 2 3 1 1 2 2 1 1 0 3 1 0 0 0 0 4 3 2 3 0 0 0 0 0 0 4 2 4 3 4 8 5 3 13
19110068 949 5 2 1 1 2 1 1 0 3 1 0 0 0 0 3 2 0 0 2 1 3 1 3 5 5 2 7 6 9 0 5 13 2
19110069 871 6 3 2 2 1 1 2 1 0 1 1 0 0 0 0 2 3 1 0 3 0 0 13 3 0 2 7 5 4 3 5 4 1 0
19110071 859 3 2 3 2 1 0 3 1 0 0 0 0 0 2 1 0 0 0 3 1 0 13 3 2 4 1 1 0 1 5 2
19110073 853 3 1 3 3 1 0 3 1 0 0 0 0 1 0 2 0 0 1 2 0 0 0 7 2 5 1 9 2 3 3 13
19110075 773 8 3 2 3 2 2 3 1 3 1 0 2 1 0 0 0 0 1 3 4 0 1 1 13 1 4 2 3 1 0 4 2 0 5 1 3
19110076 719 2 1 2 1 0 1 1 0 0 0 0 1 1 0 0 4 13 3 3 4 2 6 1 2 4 5 0 1 0 2
19110081 790 1 1 1 0 2 1 0 0 0 0 1 0 0 2 13 3 0 5 6 7 3 5 2 3 1 0 0 1 0
19110083 876 11 3 1 2 3 2 1 2 3 1 3 2 1 0 1 1 0 0 0 0 3 4 4 3 2 8 1 9 4 5 3 7 3 13 0 1 3 2 0
19110084 888 8 2 2 2 3 3 1 1 1 1 0 3 1 0 0 0 0 3 3 2 4 3 1 0 4 2 4 3 1 13 0 3 2 3 0 0
19110086 809 11 2 3 1 3 3 2 1 2 2 3 1 1 0 1 1 0 0 0 0 3 4 4 3 3 0 0 3 4 13 0 4 5 2 3 3 1 0 0
19110087 888 9 1 3 2 2 1 3 1 3 3 1 0 2 1 0 0 0 0 3 2 4 1 2 0 0 0 0 3 1 0 2 4 5 0 5 7 13
19110088 926 6 3 1 1 1 3 2 1 0 2 1 0 0 0 0 3 1 2 2 0 0 0 2 1 4 4 0 4 4 1 3 2 4 13
19110089 861 10 2 1 2 3 2 1 2 3 1 3 1 0 3 1 0 0 0 0 3 4 3 0 3 0 0 4 3 3 0 7 6 2 0 13 1 0 1
19110091 833 9 2 3 2 1 1 3 1 3 3 1 0 2 1 0 0 0 0 3 2 4 1 13 1 1 2 4 3 1 3 2 6 3 0 2 2 4
19110092 1009 11 3 1 3 3 2 1 2 1 3 2 1 1 0 2 1 0 0 0 0 4 3 4 0 1 9 2 3 5 7 1 3 4 2 0 13 3 5 3
19110094 823 11 1 1 3 2 3 2 1 2 1 2 3 1 0 3 1 0 0 0 0 4 4 3 2 3 0 0 3 4 4 0 5 8 6 0 1 13 2 1
19110099 841 0 1 0 2 1 0 0 0 0 0 0 0 0 0 2 3 2 6 5 3 3 5 1 4 0 1 1 13
19110103 689 7 3 2 3 3 3 2 2 1 0 1 1 0 0 0 0 0 3 4 0 1 2 5 0 5 1 1 1 0 0 13 0 4 2 3
19110104 813 11 2 1 3 1 3 3 2 2 2 1 3 1 0 1 1 0 0 0 0 3 4 4 2 3 0 2 1 4 6 0 3 10 3 1 3 4 13 0
19110105 910 4 1 1 2 2 1 0 3 1 0 0 0 0 2 2 0 0 0 0 2 0 3 1 13 4 5 3 5 3 3 3 3
19110107 766 4 1 2 2 1 3 1 7 0.2857142857142857 8 0.2857142857142857 9 0.42857142857142855 2 2 0 13 4 7 3 4 5 6 3 2 3 0 0 1 0 0 0
19110109 732 3 1 2 3 1 0 1 1 0 0 0 0 1 1 1 2 1 4 2 2 4 7 1 13 3 3 0 0 6 3 0
19110110 909 2 3 2 1 0 2 1 0 0 0 0 0 1 1 0 0 3 1 0 1 1 3 0 3 4 2 3 0 5 13
19110111 805 3 2 1 2 1 0 3 1 0 0 0 0 1 2 0 1 0 0 0 0 0 3 4 1 6 4 5 2 3 4 13
19110112 916 4 1 2 3 3 1 0 2 1 0 0 0 0 1 1 2 4 1 3 1 2 4 5 0 13 1 0 2 3 0 0 0
19110114 860 1 1 1 0 1 1 0 0 0 0 1 0 0 0 0 2 0 0 13 2 2 8 2 4 1 3 5 1 3
19110115 733 1 1 1 0 2 1 0 0 0 0 1 0 0 1 3 7 3 3 5 5 2 13 2 3 3 1 0 4 0
19110116 845 11 1 2 3 2 3 2 3 2 3 1 1 1 0 1 1 0 0 0 0 3 4 4 1 0 2 4 0 3 7 1 0 3 4 4 0 2 4 13
19110118 795 1 1 1 0 1 1 0 0 0 0 1 0 0 0 13 4 1 3 8 4 2 0 3 4 0 2 0 3 2
19110119 898 3 3 1 2 1 0 1 1 0 0 0 0 1 1 1 0 8 3 13 2 3 5 4 0 3 1 4 0 4 3 2
19110120 815 6 2 2 3 1 3 2 1 0 3 1 0 0 0 0 1 3 2 3 6 4 0 13 7 4 1 1 1 5 2 8 0 0 0
19110121 781 7 3 2 1 1 3 1 2 1 0 1 1 0 0 0 0 3 2 2 0 2 3 5 2 4 3 2 6 4 5 0 3 13 1 0
19110122 806 3 3 3 2 1 0 3 1 0 0 0 0 0 1 2 2 0 1 0 5 2 3 0 10 13 1 0 9 6 3 1
19110123 787 11 1 2 2 2 3 3 3 1 3 1 2 1 0 1 1 0 0 0 0 3 4 4 0 3 4 13 0 3 4 9 3 3 5 3 0 1 0 2
19110124 842 6 3 2 1 3 2 3 1 0 1 1 0 0 0 0 1 2 3 0 0 1 2 1 4 3 4 3 4 5 1 0 2 13 2
19110125 888 9 1 2 1 3 2 3 3 2 1 1 0 3 1 0 0 0 0 3 3 3 0 2 0 1 6 5 1 2 8 6 3 0 13 3 3 4
19110127 752 9 2 3 1 2 1 2 2 3 3 1 0 1 1 0 0 0 0 2 4 3 1 3 3 0 2 13 5 3 2 3 3 0 0 1 1 0
19110128 837 6 2 1 1 3 1 3 1 0 3 1 0 0 0 0 3 1 2 0 0 1 3 2 5 2 5 2 3 1 0 4 2 13 0
19110129 786 4 1 2 1 2 1 0 3 1 0 0 0 0 2 2 0 0 2 3 0 0 6 1 0 0 3 5 1 3 13 4 2
19110130 859 7 3 2 1 2 1 2 2 1 0 3 1 0 0 0 0 2 4 1 0 3 1 13 5 1 4 8 0 5 5 3 0 0 3 3
19110131 833 5 1 1 2 2 3 1 0 1 1 0 0 0 0 2 2 1 2 3 7 13 0 5 5 8 0 4 3 3 3 0 0 0
19110132 770 1 2 1 0 3 1 0 0 0 0 0 1 0 2 3 5 13 0 1 5 2 0 1 8 3 0 0 1 0
19110134 667 1 2 1 0 3 1 0 0 0 0 0 1 0 4 13 1 1 3 5 3 2 2 3 2 0 1 1 0 0
19110136 816 0 1 0 1 1 0 0 0 0 0 0 0 0 1 2 0 5 5 3 0 7 7 1 3 13 3 2 2
19110137 852 1 1 1 0 3 1 0 0 0 0 1 0 0 9 2 5 3 7 4 4 9 13 6 1 2 0 3 3 0
19110138 869 11 2 3 1 2 3 2 2 1 1 3 1 1 0 3 1 0 0 0 0 4 4 3 13 5 3 2 2 4 1 0 5 7 7 0 0 3 0 1
19110139 841 8 2 3 3 1 1 3 2 1 1 0 3 1 0 0 0 0 3 2 3 5 4 6 3 0 1 7 13 2 2 4 2 0 0 7 1
19110140 828 11 3 2 1 3 1 1 2 3 2 1 2 1 0 3 1 0 0 0 0 4 4 3 0 7 4 13 0 3 5 9 2 7 4 3 1 3 0 0
19110141 884 3 1 3 2 1 0 3 1 0 0 0 0 1 1 1 3 4 13 3 3 5 5 7 0 2 2 1 1 0 0 0
19110142 685 7 1 2 2 1 3 2 3 1 0 1 1 0 0 0 0 2 3 2 5 4 3 1 2 6 0 0 13 1 0 0 0 2 0 0
19110143 871 10 2 1 1 1 1 3 3 2 3 2 1 0 2 1 0 0 0 0 4 3 3 3 0 0 0 4 3 1 0 4 6 3 2 13 4 1 2
19110144 946 4 1 1 2 2 1 0 3 1 0 0 0 0 2 2 0 13 8 5 3 4 2 6 3 3 1 1 0 2 0 0 0
19110145 855 8 2 1 3 2 2 3 1 2 1 0 1 1 0 0 0 0 2 4 2 2 8 3 6 4 3 4 3 3 1 3 13 0 0 0 1
19110146 851 8 1 1 1 1 3 3 3 3 1 0 2 1 0 0 0 0 4 0 4 2 2 2 0 0 3 8 2 0 1 3 4 0 13 7 3
19110148 893 4 3 1 2 3 1 0 1 1 0 0 0 0 1 1 2 2 6 13 0 5 1 2 2 4 4 3 0 1 0 0 3
19110151 897 3 1 1 2 1 0 2 1 0 0 0 0 2 1 0 13 2 4 0 3 5 8 3 9 3 0 1 3 3 0 0
19110152 843 5 1 1 2 3 3 1 0 2 1 0 0 0 0 2 1 2 13 6 4 3 4 4 2 0 0 1 1 2 3 0 0 0
19110154 978 7 2 1 1 3 1 2 1 1 0 2 1 0 0 0 0 4 2 1 3 2 0 0 3 3 0 0 6 6 3 0 6 7 13 3
19110156 936 6 2 2 2 1 1 3 3 1 6 0.33333333333333331 7 0.33333333333333331 8 0.33333333333333331 2 3 1 13 3 1 3 3 8 4 5 4 1 6 3 2 3 4 0
19110159 860 7 1 2 1 1 1 3 3 1 0 2 1 0 0 0 0 4 1 2 2 1 0 2 4 8 0 0 7 9 2 3 5 13 4 0
19110160 860 11 1 1 3 2 3 1 2 1 2 3 2 1 0 3 1 0 0 0 0 4 4 3 13 3 3 3 4 5 3 2 3 1 0 3 0 1 2 0
19110161 980 4 1 3 3 2 1 0 2 1 0 0 0 0 1 1 2 3 1 2 4 0 3 4 1 0 4 5 13 0 0 2 1
19110162 907 1 2 1 0 1 1 0 0 0 0 0 1 0 0 2 5 0 0 1 2 4 3 13 3 6 4 1 4 3
19110163 880 0 1 0 2 1 0 0 0 0 0 0 0 0 0 2 0 1 3 0 5 1 5 3 3 3 13 6 7
19110164 896 10 1 2 2 3 2 1 3 1 2 3 1 0 1 1 0 0 0 0 3 4 3 13 5 3 1 3 2 5 0 3 0 3 3 0 0 0 3
19110172 853 9 3 1 2 2 2 1 3 3 1 1 0 2 1 0 0 0 0 3 3 3 3 3 13 6 0 2 5 1 1 0 0 7 3 0 0 3
19110173 661 1 3 1 0 2 1 0 0 0 0 0 0 1 3 6 4 13 2 1 6 2 0 1 4 3 0 0 1 0
19110174 919 0 3 1 5 0.42857142857142855 6 0.2857142857142857 7 0.2857142857142857 0 0 0 3 2 3 0 3 6 1 0 2 4 10 3 1 3 13 3
19110175 874 4 3 2 2 3 1 0 1 1 0 0 0 0 0 2 2 1 13 3 0 4 5 3 3 6 1 0 0 0 0 2 0
19110177 728 6 1 1 2 3 3 2 1 0 2 1 0 0 0 0 2 2 2 3 5 3 4 2 13 2 3 3 1 7 4 0 1 3 1
19110178 865 9 2 1 3 3 3 1 2 1 3 1 0 2 1 0 0 0 0 3 2 4 7 2 1 5 1 6 3 1 0 4 2 13 0 4 2 3
19110179 854 0 1 0 2 1 0 0 0 0 0 0 0 0 0 1 0 3 0 3 0 1 13 6 4 6 3 3 2
19110180 778 7 3 3 3 2 1 1 1 1 0 1 1 0 0 0 0 3 1 3 0 4 2 0 0 8 3 2 0 1 2 4 2 3 5 13
19110181 710 3 3 1 2 1 0 2 1 0 0 0 0 1 1 1 2 0 0 0 1 7 3 0 3 4 3 1 13 4 5 3
19110182 813 8 1 2 3 1 1 2 2 3 1 0 1 1 0 0 0 0 3 3 2 0 3 3 4 2 7 6 13 9 4 4 3 3 0 0 0
19110183 1032 7 1 2 3 3 1 2 1 1 0 2 1 0 0 0 0 3 2 2 13 2 5 0 3 4 1 3 9 9 2 3 4 0 1 0
19110184 792 5 1 1 2 2 3 1 0 1 1 0 0 0 0 2 2 1 7 0 7 0 3 0 3 3 3 6 2 13 0 2 3 1
19110185 969 10 1 3 1 3 2 3 1 2 2 3 1 0 2 1 0 0 0 0 3 3 4 0 0 1 0 3 2 4 0 13 6 10 3 1 3 3 3
19110186 817 0 1 0 1 1 0 0 0 0 0 0 0 4 3 3 0 3 13 5 1 4 6 2 4 3 2 0 0
19110188 938 2 1 2 1 0 2 1 0 0 0 0 1 1 0 0 13 3 1 3 4 1 1 2 2 3 3 0 0 4 9
19110192 874 1 3 1 0 1 1 0 0 0 0 0 0 1 0 0 0 2 2 3 1 4 1 5 2 13 3 8 3 3
19110193 787 2 2 1 1 0 3 1 0 0 0 0 1 1 0 0 0 0 3 3 4 0 0 3 4 5 3 13 3 7 3
19110195 742 6 2 3 2 2 1 3 1 0 3 1 0 0 0 0 1 3 2 0 0 1 1 0 3 6 2 0 2 5 1 7 13 3 1
19110196 776 4 3 3 1 1 1 0 1 1 0 0 0 0 2 0 2 2 0 0 0 3 0 0 0 5 3 5 2 13 6 3 2
19110197 915 3 3 2 3 1 0 1 1 0 0 0 0 0 1 2 13 6 3 2 8 4 4 1 4 6 0 0 3 0 0 0
19110198 746 10 2 1 1 2 3 1 1 2 3 3 1 0 2 1 0 0 0 0 4 3 3 3 1 8 9 13 3 3 4 3 4 3 2 0 7 0 3
19110199 877 2 1 2 1 0 1 1 0 0 0 0 1 1 0 0 0 0 1 2 3 4 4 0 5 3 4 0 2 3 13
19110200 847 10 3 3 1 2 3 2 1 1 1 3 1 0 2 1 0 0 0 0 4 2 4 3 3 4 13 2 1 4 2 0 3 3 4 2 1 0 0
19110202 878 1 1 1 0 3 1 0 0 0 0 1 0 0 3 3 0 0 3 2 5 3 0 5 13 3 3 3 1 2
19110203 843 11 1 3 1 3 2 1 2 2 3 2 3 1 0 1 1 0 0 0 0 3 4 4 0 2 1 0 2 5 1 1 3 2 8 3 1 2 4 13
19110206 959 7 2 3 2 1 3 3 1 1 0 1 1 0 0 0 0 2 2 3 0 2 0 0 3 13 1 2 6 5 4 4 3 1 2 0
19110207 823 3 1 3 2 1 0 2 1 0 0 0 0 1 1 1 13 4 1 3 3 6 3 0 4 3 0 0 3 0 0 0
19110209 931 5 2 1 3 3 2 1 0 1 1 0 0 0 0 1 2 2 0 0 3 0 0 3 3 13 1 5 7 9 2 6 8 5
19110211 843 4 2 2 1 1 1 0 2 1 0 0 0 0 2 2 0 1 6 13 2 8 7 3 0 3 2 4 1 1 3 0 0
19110212 721 0 1 0 3 1 0 0 0 0 0 0 0 0 4 2 3 5 1 6 4 0 0 1 13 0 0 0 2
19110215 875 8 1 1 3 2 3 3 1 1 1 0 2 1 0 0 0 0 4 1 3 0 1 2 0 4 4 4 0 4 6 2 2 13 4 3 3
19110216 899 11 3 1 2 3 1 3 1 2 3 2 1 1 0 2 1 0 0 0 0 4 3 4 2 3 0 0 3 5 3 1 13 5 1 3 0 2 0 0
19110217 832 6 2 2 3 1 2 3 1 0 1 1 0 0 0 0 1 3 2 0 1 0 0 0 3 4 7 3 13 3 3 0 5 4 3
19110218 795 5 2 1 3 3 2 1 0 1 1 0 0 0 0 1 2 2 0 3 3 13 1 2 4 2 0 3 3 5 0 0 1 0
19110219 742 5 1 3 3 1 1 1 0 2 1 0 0 0 0 3 0 2 2 3 0 0 5 5 0 3 6 2 2 0 13 4 1 0
19110220 733 5 3 1 2 2 3 1 0 1 1 0 0 0 0 1 2 2 1 2 3 3 13 7 4 5 3 3 4 0 0 1 0 2
19110221 765 3 3 3 1 1 0 2 1 0 0 0 0 1 0 2 0 0 3 4 0 0 1 6 1 2 6 13 2 0 0 0
19110225 883 1 3 1 0 1 1 0 0 0 0 0 0 1 2 2 5 3 13 8 4 0 1 5 3 0 0 1 0 2
19110226 783 8 3 2 1 3 2 1 3 3 1 0 2 1 0 0 0 0 2 2 4 4 3 4 3 1 13 5 0 3 2 1 2 6 1 4 0
19110228 955 10 2 3 1 1 2 1 3 3 2 1 1 0 3 1 0 0 0 0 4 3 3 0 0 0 2 0 2 0 0 3 0 4 0 6 6 13 1
19110229 964 10 2 1 3 2 1 1 2 3 1 3 1 0 2 1 0 0 0 0 4 3 3 3 1 2 4 3 5 4 1 0 3 2 13 0 0 6 4
19110230 782 11 2 1 2 3 1 3 1 1 3 2 3 1 0 2 1 0 0 0 0 4 3 4 0 0 1 3 0 1 4 3 5 4 6 2 2 5 7 13
19110231 739 11 3 2 1 1 3 2 1 2 3 1 2 1 0 3 1 0 0 0 0 4 4 3 2 0 2 0 3 6 4 1 1 3 13 3 8 3 5 4
19110232 784 3 3 3 1 1 0 1 1 0 0 0 0 1 0 2 13 4 4 3 3 3 5 2 4 2 2 0 0 1 0 0
19110234 811 11 2 3 2 1 3 1 1 1 3 2 3 1 0 2 1 0 0 0 0 4 3 4 0 4 13 3 1 8 6 7 0 3 3 3 2 2 0 1
19110236 745 9 3 1 3 2 3 1 1 2 3 1 0 2 1 0 0 0 0 3 2 4 3 1 13 1 2 5 2 0 1 3 5 0 0 0 0 2
19110238 827 3 3 2 3 1 0 1 1 0 0 0 0 0 1 2 13 4 1 0 2 3 1 1 3 6 4 0 5 2 0 2
19110240 801 4 3 2 1 3 1 0 2 1 0 0 0 0 1 1 2 1 0 2 0 0 1 5 1 0 2 7 4 0 13 5 4
19110241 812 6 1 3 3 1 2 1 1 0 1 1 0 0 0 0 3 1 2 3 13 4 2 0 6 4 3 0 3 3 2 0 2 0 0
19110243 879 6 3 2 2 3 3 1 1 0 3 1 0 0 0 0 1 2 3 3 4 0 0 3 6 0 0 3 7 5 1 13 7 1 2
19110245 967 7 3 1 2 2 3 2 1 1 0 2 1 0 0 0 0 2 3 2 4 1 13 0 4 4 3 1 4 6 4 0 0 2 1 0
19110246 822 5 1 1 2 1 2 1 0 2 1 0 0 0 0 3 2 0 3 6 13 4 4 1 4 3 0 0 3 3 0 0 0 2
19110248 820 4 2 3 1 1 3 1 8 0.18181818181818185 9 0.27272727272727276 10 0.54545454545454553 2 1 1 0 6 3 5 3 7 6 3 2 2 9 13 0 1 3 9
19110249 784 11 2 1 1 3 3 2 2 3 1 1 2 1 0 3 1 0 0 0 0 4 4 3 0 13 4 3 9 6 6 3 3 4 3 3 0 0 0 3
19110250 939 3 2 2 2 1 0 3 1 0 0 0 0 0 3 0 1 3 4 1 3 13 1 6 4 2 3 0 3 3 1 0
19110251 945 9 3 1 2 1 1 2 1 3 2 1 0 3 1 0 0 0 0 4 3 2 13 3 4 2 8 7 6 3 6 5 3 1 3 2 0 0
19110252 896 6 3 2 1 2 3 1 1 0 1 1 0 0 0 0 2 2 2 0 3 7 3 13 5 6 1 6 4 8 3 5 2 3 2
19110253 901 8 3 2 1 2 1 3 2 1 1 0 1 1 0 0 0 0 3 3 2 0 4 3 13 0 6 4 3 3 2 0 0 3 0 0 0
19110254 877 8 3 1 2 3 2 2 2 1 1 0 1 1 0 0 0 0 2 4 2 3 3 0 0 6 3 1 0 13 4 3 0 0 0 3 3
19110255 964 6 3 1 2 1 2 1 1 0 3 1 0 0 0 0 3 2 1 1 0 2 0 0 2 5 1 0 3 3 4 0 13 2 3
19110256 858 5 1 2 2 3 2 1 0 1 1 0 0 0 0 1 3 1 5 3 0 0 5 13 0 2 1 1 3 0 0 0 3 0
19110257 778 1 1 1 0 1 1 0 0 0 0 1 0 0 0 1 0 2 13 1 2 0 6 4 5 2 4 3 3 2
19110259 978 8 1 2 3 2 2 1 3 3 1 0 1 1 0 0 0 0 2 3 3 3 2 8 3 13 3 0 2 4 4 3 0 1 1 0 0
19110260 783 4 3 1 2 1 1 0 1 1 0 0 0 0 2 1 1 0 0 5 3 2 3 2 13 1 3 5 2 1 2 3 4
19110262 737 5 3 3 3 2 3 1 0 1 1 0 0 0 0 0 1 4 0 0 1 0 2 0 1 0 2 3 5 2 1 6 13 3
19110264 856 1 2 1 0 2 1 0 0 0 0 0 1 0 3 1 3 0 5 2 0 0 1 4 0 1 13 1 2 0
19110265 814 10 3 2 3 3 2 2 1 1 3 1 1 0 2 1 0 0 0 0 3 3 4 1 1 0 3 0 4 5 3 0 2 13 5 0 3 4 9
19110267 706 0 3 1 5 0.42857142857142855 6 0.2857142857142857 7 0.2857142857142857 0 0 0 3 1 4 13 3 1 6 4 0 4 3 2 0 1 2 2
19110269 878 6 2 3 3 2 2 3 1 0 1 1 0 0 0 0 0 3 3 1 1 0 4 0 2 0 3 0 3 4 3 0 1 4 13
19110270 737 8 1 1 3 1 3 2 2 2 1 0 1 1 0 0 0 0 3 3 2 3 3 13 4 2 7 8 6 0 3 1 7 0 2 3 3
19110271 844 3 2 1 1 1 0 1 1 0 0 0 0 2 1 0 0 0 3 0 3 2 6 4 3 2 6 5 0 0 13 5
19110273 865 0 1 0 2 1 0 0 0 0 0 0 0 13 7 2 2 6 5 3 1 1 1 6 3 2 4 1 0
19110274 724 3 2 1 3 3 1 8 0.18181818181818185 9 0.27272727272727276 10 0.54545454545454553 1 1 1 0 0 0 3 2 7 3 8 3 1 7 8 3 0 3 13
19110276 929 9 2 3 3 1 2 1 1 3 3 1 0 2 1 0 0 0 0 3 2 4 2 3 0 0 1 6 3 0 4 8 6 4 13 3 2 1
19110278 957 7 2 3 3 1 1 3 3 1 0 1 1 0 0 0 0 2 1 4 1 2 4 2 4 3 1 3 0 5 3 13 0 2 0 2
19110281 801 3 2 1 2 1 0 3 1 0 0 0 0 1 2 0 13 5 3 0 1 5 0 0 4 3 3 0 3 1 0 2
19110282 797 9 2 1 1 1 2 2 3 3 3 1 0 2 1 0 0 0 0 3 3 3 1 3 0 0 0 4 4 3 0 5 3 1 0 13 3 2
19110283 730 9 2 1 1 3 2 1 3 2 2 3 1 6 0.33333333333333331 7 0.33333333333333331 8 0.33333333333333331 3 4 2 3 5 3 3 3 6 7 13 0 8 6 3 3 5 1 0
19110285 938 8 3 2 3 1 2 1 3 3 1 0 1 1 0 0 0 0 2 2 4 3 2 10 5 2 7 13 3 3 5 6 8 2 1 0 1
19110287 850 11 2 1 2 3 1 3 2 3 1 1 3 1 0 2 1 0 0 0 0 4 3 4 3 9 7 5 4 4 9 3 6 13 4 0 3 0 3 0
19110288 768 10 1 1 1 2 2 1 3 3 2 3 1 0 2 1 0 0 0 0 4 3 3 0 4 5 13 3 0 3 4 0 4 1 1 0 2 3 2
19110289 828 7 2 1 1 3 2 2 3 1 0 3 1 0 0 0 0 2 3 2 0 0 0 1 1 2 3 0 0 3 2 1 4 5 13 4
19110290 887 1 3 1 0 2 1 0 0 0 0 0 0 1 0 0 3 0 2 3 3 13 0 6 4 5 0 9 1 1
19110292 846 4 3 2 2 3 1 0 3 1 0 0 0 0 0 2 2 3 3 3 2 1 13 4 1 3 3 3 0 4 1 4 0
19110293 940 2 2 1 1 0 3 1 0 0 0 0 1 1 0 6 4 2 4 0 2 13 1 8 5 6 3 1 2 7 1
19110294 821 9 3 2 2 3 1 1 1 2 1 1 0 2 1 0 0 0 0 4 3 2 0 0 3 3 4 3 10 3 3 8 13 4 0 3 0 0
19110295 849 7 1 2 1 3 2 1 2 1 0 1 1 0 0 0 0 3 3 1 4 2 0 0 7 4 1 3 8 2 3 0 4 8 13 0
19110297 935 0 1 0 3 1 0 0 0 0 0 0 0 0 3 1 13 2 3 2 4 0 2 3 1 1 3 0 4
19110298 713 5 1 3 1 2 2 1 0 1 1 0 0 0 0 2 2 1 2 2 0 0 0 3 3 0 3 8 5 4 13 4 4 1
19110299 998 6 1 1 2 2 2 3 1 0 3 1 0 0 0 0 2 3 1 0 0 0 2 3 3 2 4 1 3 1 4 0 1 6 13
19110300 809 5 1 3 2 1 3 1 0 3 1 0 0 0 0 2 1 2 0 2 0 0 0 1 1 3 0 4 2 13 2 0 4 4
19110302 842 11 3 1 2 2 1 1 3 3 2 1 3 1 0 2 1 0 0 0 0 4 3 4 0 1 5 13 3 2 3 9 0 0 3 3 2 0 1 4
19110304 914 11 2 1 1 2 2 1 3 3 1 3 3 3 1 7 0.2857142857142857 8 0.2857142857142857 9 0.42857142857142855 4 3 4 0 3 6 4 5 3 7 2 2 3 13 8 0 3 1 3
19110305 865 8 3 1 2 3 1 3 1 2 1 0 3 1 0 0 0 0 3 2 3 0 1 3 0 9 2 7 4 5 5 4 8 2 13 1 2
19110306 934 8 2 3 3 2 3 3 1 1 1 0 1 1 0 0 0 0 2 2 4 1 3 13 5 2 3 8 2 0 7 1 3 0 0 2 0
19110308 814 8 3 2 1 1 3 2 2 1 1 0 1 1 0 0 0 0 3 3 2 0 4 5 3 0 4 13 1 2 4 3 6 2 0 3 0
19110311 852 11 3 1 1 3 2 3 3 2 2 1 2 1 0 1 1 0 0 0 0 3 4 4 3 13 5 0 3 5 4 3 2 4 3 0 0 1 0 3
19110312 822 2 2 3 1 0 2 1 0 0 0 0 0 1 1 1 0 4 0 0 2 6 13 4 5 5 7 1 6 1 8
19110313 818 7 2 3 1 1 1 2 1 1 0 2 1 0 0 0 0 4 2 1 13 7 1 0 9 5 4 3 2 3 4 0 3 2 3 0
19110314 824 2 2 2 1 0 3 1 0 0 0 0 0 2 0 8 3 7 2 2 3 13 0 3 1 6 3 1 3 1 1
19110315 798 11 2 2 2 3 1 3 3 1 3 1 1 1 0 2 1 0 0 0 0 4 3 4 2 9 5 4 0 4 13 1 1 0 3 4 2 0 0 3
19110316 914 9 3 2 1 2 1 3 1 3 2 1 0 3 1 0 0 0 0 3 3 3 13 4 1 1 3 3 5 0 4 2 2 2 0 1 0 0
19110319 794 10 2 3 1 3 1 3 2 2 1 1 1 0 2 1 0 0 0 0 4 3 3 4 2 13 0 3 1 5 0 1 3 5 3 0 0 2 0
19110320 795 6 1 1 2 1 3 3 1 0 3 1 0 0 0 0 3 1 2 0 6 7 13 2 3 4 2 0 6 1 5 0 0 0 2
19110321 773 5 2 3 2 2 1 1 0 3 1 0 0 0 0 1 3 1 2 1 5 1 4 1 0 3 13 4 4 0 3 5 0 0
19110322 861 4 3 2 3 2 1 0 3 1 0 0 0 0 0 2 2 1 7 8 3 3 1 6 3 13 1 1 0 7 2 0 2
19110323 710 3 2 3 1 1 0 3 1 0 0 0 0 1 1 1 1 2 3 8 0 0 13 7 3 2 4 6 0 1 3 4
19110324 820 2 1 1 1 0 3 1 0 0 0 0 2 0 0 2 3 2 3 1 6 5 8 2 8 6 13 0 3 2 1
19110326 845 10 3 2 1 1 3 3 2 3 1 2 1 0 1 1 0 0 0 0 3 3 4 0 0 1 2 4 3 3 0 3 5 4 3 13 2 3 0
19110327 921 0 1 0 1 1 0 0 0 0 0 0 0 0 3 0 0 1 0 2 2 0 3 3 3 4 6 9 13
19110328 797 7 2 3 2 3 1 2 1 1 0 3 1 0 0 0 0 2 3 2 4 3 3 0 1 5 3 0 4 13 0 0 0 1 0 2
19110329 849 5 2 2 3 1 3 1 0 1 1 0 0 0 0 1 2 2 2 3 0 0 4 5 2 1 9 4 3 0 1 4 13 0
19110331 738 4 1 3 3 2 1 0 3 1 0 0 0 0 1 1 2 2 3 1 0 4 13 1 2 9 3 4 3 5 0 3 0
19110332 834 10 1 3 2 3 2 2 3 3 1 1 1 0 2 1 0 0 0 0 3 3 4 3 1 1 3 3 0 7 13 0 3 4 2 0 0 2 1
19110333 991 10 1 1 3 2 3 2 3 2 1 1 1 0 3 1 0 0 0 0 4 3 3 2 0 0 0 3 4 2 0 3 5 7 1 13 4 1 2
19110334 870 0 1 0 2 1 0 0 0 0 0 0 0 0 3 13 2 3 3 3 1 1 5 4 3 0 2 4 1
19110335 889 10 1 3 2 2 2 3 1 3 1 2 1 0 1 1 0 0 0 0 3 4 3 0 1 0 3 0 3 2 4 0 2 9 13 3 4 4 1
19110337 840 4 3 1 1 3 1 0 3 1 0 0 0 0 2 0 2 0 2 0 0 13 3 2 0 5 3 5 0 2 5 0 1
19110338 982 2 1 3 1 0 2 1 0 0 0 0 1 0 1 3 5 2 2 1 1 3 4 1 4 13 0 0 3 0 2
19110341 687 1 1 1 0 2 1 0 0 0 0 1 0 0 3 0 0 0 0 0 3 13 3 7 4 4 3 3 4 5
19110342 918 10 3 2 2 3 2 3 1 3 1 1 1 0 1 1 0 0 0 0 3 3 4 0 2 0 0 0 4 5 1 2 1 5 4 0 13 2 7
19110343 1025 5 2 3 1 2 2 1 0 3 1 0 0 0 0 1 3 1 1 0 0 0 2 5 3 13 3 6 3 4 1 0 3 1
19110345 895 2 2 1 1 0 1 1 0 0 0 0 1 1 0 0 2 0 1 1 6 4 0 0 2 5 6 0 2 6 13
19110346 989 7 3 2 3 1 2 1 3 1 0 2 1 0 0 0 0 2 2 3 0 0 0 2 1 1 3 13 0 0 3 6 0 0 4 3
19110347 903 9 2 3 3 1 2 2 1 1 3 1 0 3 1 0 0 0 0 3 3 3 6 0 1 2 4 5 3 0 13 4 2 0 2 3 1 1
19110348 895 1 1 1 0 1 1 0 0 0 0 1 0 0 0 3 2 0 13 8 6 3 1 6 2 2 4 3 0 0
19110350 846 7 1 3 1 2 3 2 3 1 0 2 1 0 0 0 0 2 2 3 0 0 2 3 0 1 4 8 0 5 4 9 1 0 13 4
19110351 849 1 1 1 0 2 1 0 0 0 0 1 0 0 2 0 3 0 0 0 5 1 2 3 7 7 1 5 3 13
19110353 1062 9 1 3 3 1 3 2 1 1 2 1 0 2 1 0 0 0 0 4 2 3 1 4 3 3 3 5 2 2 13 0 4 0 0 0 3 0
19110354 845 11 2 1 1 2 1 2 3 1 2 3 3 1 0 3 1 0 0 0 0 4 4 3 3 3 7 13 0 5 8 5 2 3 3 4 0 1 0 3
19110355 908 2 1 1 1 0 1 1 0 0 0 0 2 0 0 2 3 0 0 5 3 5 3 4 6 7 2 13 4 2 0
19110357 1096 4 1 1 3 2 1 0 3 1 0 0 0 0 2 1 1 7 3 2 3 6 8 10 0 13 4 2 0 3 5 1 4
19110359 826 9 1 3 1 2 1 3 3 2 2 1 0 1 1 0 0 0 0 3 3 3 13 3 4 3 2 6 5 0 4 3 1 6 2 0 3 0
19110360 668 11 2 2 1 1 3 2 3 3 2 1 3 1 0 1 1 0 0 0 0 3 4 4 3 4 1 4 3 13 2 0 7 1 0 3 3 2 0 0
19110366 886 4 1 2 3 1 1 0 1 1 0 0 0 0 2 1 1 8 0 3 2 0 2 4 3 0 4 3 3 0 13 7 5
19110367 986 2 1 3 1 0 2 1 0 0 0 0 1 0 1 0 4 4 4 3 13 5 3 0 0 2 1 3 0 0 0
19110369 886 3 2 3 3 1 0 2 1 0 0 0 0 0 1 2 3 2 1 0 1 3 1 1 0 2 5 13 0 3 1 2
19110370 1012 0 1 0 1 1 0 0 0 0 0 0 0 13 2 1 3 1 8 2 3 4 9 4 7 4 2 3 0
19110373 779 6 2 1 3 1 2 3 1 0 2 1 0 0 0 0 2 2 2 1 3 0 0 2 4 3 5 1 5 13 0 4 3 2 1
19110374 876 9 2 2 1 2 1 1 2 1 3 1 0 3 1 0 0 0 0 4 4 1 0 2 1 3 8 4 3 4 3 3 13 1 2 3 7 3
19110375 817 7 3 2 1 1 2 1 2 1 0 3 1 0 0 0 0 3 3 1 0 5 2 13 3 4 6 1 2 1 4 7 0 0 0 4
19110376 836 11 1 1 3 1 1 2 2 3 2 3 3 1 0 2 1 0 0 0 0 4 3 4 3 7 6 1 2 1 13 5 3 6 2 4 0 0 9 4
19110379 955 8 2 1 1 1 3 1 3 3 1 0 2 1 0 0 0 0 4 1 3 13 3 3 2 4 4 0 4 2 3 0 3 2 1 0 0
19110380 888 2 3 3 1 0 1 1 0 0 0 0 0 0 2 3 6 1 0 6 8 3 1 13 2 0 0 3 2 2 0
19110381 912 3 1 1 3 1 0 3 1 0 0 0 0 2 0 1 5 4 2 3 2 1 13 3 0 4 3 0 0 0 0 2
19110383 849 4 1 2 1 3 1 0 2 1 0 0 0 0 2 1 1 0 0 3 0 0 3 3 13 3 4 4 5 3 2 1 3
19110387 803 5 2 3 1 3 3 1 0 1 1 0 0 0 0 1 1 3 3 2 3 13 2 5 1 6 0 0 3 5 0 0 1 2
19110388 868 9 2 1 1 1 2 3 2 1 3 1 0 2 1 0 0 0 0 4 3 2 7 1 9 13 3 5 4 0 2 3 3 3 0 0 4 3
19110391 817 2 1 2 1 0 2 1 0 0 0 0 1 1 0 0 0 1 0 3 4 0 7 0 6 0 2 0 1 4 13
19110392 888 3 3 1 2 1 0 2 1 0 0 0 0 1 1 1 13 5 3 1 3 5 2 0 1 5 2 0 1 2 1 0
19110394 789 11 2 1 3 1 1 3 2 3 2 3 1 1 0 2 1 0 0 0 0 4 3 4 0 5 2 1 0 4 4 13 0 9 6 3 2 1 3 4
19110395 758 10 3 2 2 2 3 2 1 3 1 1 1 0 3 1 0 0 0 0 3 4 3 13 3 3 0 3 7 5 2 1 1 6 8 3 0 2 1
19110400 835 8 2 1 3 2 3 3 2 1 1 0 1 1 0 0 0 0 2 3 3 0 3 6 1 3 1 13 3 0 4 2 5 0 2 0 3
19110401 878 4 2 2 2 1 1 0 3 1 0 0 0 0 1 3 0 3 7 1 3 4 1 5 2 3 3 4 13 0 3 1 0
19110402 687 2 3 1 1 0 2 1 0 0 0 0 1 0 1 13 2 3 0 1 4 3 0 5 3 3 1 2 4 0 0
19110403 851 1 2 1 0 1 1 0 0 0 0 0 1 0 3 8 5 2 4 13 3 3 1 3 2 3 4 1 0 0
19110405 777 4 2 1 2 1 1 0 3 1 0 0 0 0 2 2 0 2 2 3 1 4 4 1 0 13 2 8 0 1 4 3 5
19110406 902 8 1 3 3 2 1 1 2 3 1 0 2 1 0 0 0 0 3 2 3 1 1 3 7 3 0 13 7 3 4 2 3 0 0 0 2
19110407 861 10 1 1 3 3 2 1 2 2 3 3 1 0 1 1 0 0 0 0 3 3 4 1 3 4 7 1 3 5 3 13 2 2 0 0 9 3 2
19110409 914 3 3 2 1 1 0 3 1 0 0 0 0 1 1 1 13 7 5 0 4 4 1 2 3 5 4 0 3 0 0 0
19110410 808 3 1 2 1 1 0 2 1 0 0 0 0 2 1 0 0 13 3 4 3 3 5 4 0 3 3 1 0 2 0 0
19110411 909 5 3 1 3 3 2 1 0 2 1 0 0 0 0 1 1 3 2 0 1 0 3 6 3 0 4 7 5 3 13 4 3 1
19110412 987 11 1 3 2 2 1 3 2 1 2 3 1 1 0 3 1 0 0 0 0 4 4 3 1 4 2 3 0 2 5 1 0 13 3 3 0 2 1 5
19110416 978 3 2 2 2 1 0 2 1 0 0 0 0 0 3 0 1 1 1 4 1 9 7 4 0 13 4 4 0 3 3 0
19110418 928 11 1 3 2 1 2 2 3 1 3 3 2 1 0 1 1 0 0 0 0 3 4 4 3 4 4 5 13 3 6 2 3 1 2 0 1 0 3 0
19110419 782 2 1 2 1 0 3 1 0 0 0 0 1 1 0 0 9 5 13 3 5 7 8 0 4 4 2 0 0 0 1
19110421 853 11 2 3 1 1 3 1 2 3 2 3 1 1 0 2 1 0 0 0 0 4 3 4 1 4 2 3 3 4 13 0 2 5 4 0 7 1 0 0
19110422 828 6 1 2 3 1 3 2 1 0 1 1 0 0 0 0 2 2 2 0 0 3 0 2 3 5 1 1 5 2 0 1 13 2 2
19110423 962 4 3 2 2 3 1 0 3 1 0 0 0 0 0 2 2 0 0 1 0 2 5 0 0 3 7 1 1 13 3 3 3
19110425 816 1 1 1 0 2 1 0 0 0 0 1 0 0 13 5 4 1 6 3 3 2 2 4 0 0 0 3 1 0
19110426 682 9 2 3 1 3 2 1 1 1 3 1 0 2 1 0 0 0 0 4 2 3 0 0 4 3 0 3 5 3 3 5 8 4 3 2 0 13
19110427 699 3 1 3 2 1 0 1 1 0 0 0 0 1 1 1 2 7 3 1 13 7 0 0 4 3 6 0 2 5 0 0
19110428 682 3 3 3 2 1 0 1 1 0 0 0 0 0 1 2 7 1 4 3 2 3 13 0 5 3 0 0 2 1 0 6
19110430 821 1 1 1 0 2 1 0 0 0 0 1 0 0 3 2 13 9 3 1 8 3 5 3 2 2 0 1 6 1
19110431 786 5 2 2 3 1 3 1 0 1 1 0 0 0 0 1 2 2 3 3 0 0 6 7 13 2 1 3 3 4 0 1 2 4
19110433 868 6 3 3 3 1 2 3 1 0 1 1 0 0 0 0 1 1 4 2 0 0 0 0 6 0 3 1 3 13 4 2 2 1 5
19110435 899 4 1 3 2 1 1 0 1 1 0 0 0 0 2 1 1 0 0 3 2 0 0 0 5 0 3 4 4 4 13 4 2
19110437 841 2 3 1 1 0 3 1 0 0 0 0 1 0 1 1 4 3 0 3 2 1 0 4 13 3 2 3 3 2 0
19110439 876 7 3 2 2 2 2 1 1 1 0 3 1 0 0 0 0 2 4 1 0 0 1 0 3 3 3 2 1 5 6 3 1 3 4 13
19110440 941 6 3 2 1 2 3 1 1 0 1 1 0 0 0 0 2 2 2 0 5 1 13 2 4 7 4 0 5 8 3 0 2 5 3
19110441 842 11 3 2 1 2 3 3 2 3 2 1 1 1 0 1 1 0 0 0 0 3 4 4 0 4 3 3 5 2 3 4 0 13 1 3 1 2 0 0
19110442 800 2 2 1 1 0 3 1 0 0 0 0 1 1 0 2 3 9 13 0 6 4 3 0 4 2 1 0 0 1 0
19110444 887 0 1 0 1 1 0 0 0 0 0 0 0 0 2 3 5 3 2 6 3 3 3 8 3 0 13 6 1
19110445 868 0 1 0 3 1 0 0 0 0 0 0 0 13 9 1 1 2 2 7 3 3 3 4 1 3 2 0 0
19110447 855 2 2 2 1 0 3 1 0 0 0 0 0 2 0 0 0 1 3 3 1 7 1 0 2 5 4 1 2 3 13
19110448 815 7 3 2 1 3 1 2 2 1 0 1 1 0 0 0 0 2 3 2 0 1 6 0 2 13 5 6 3 3 5 3 0 0 0 3
19110450 905 9 2 1 2 1 3 1 2 3 3 1 0 2 1 0 0 0 0 3 3 3 3 0 3 0 1 4 3 1 8 4 0 0 13 2 2 1
19110452 847 9 3 1 3 2 2 1 2 3 2 3 1 4 0.54545454545454553 5 0.27272727272727276 6 0.18181818181818185 2 4 3 5 8 3 1 0 2 4 3 1 3 13 5 0 3 0 1
19110453 874 1 3 1 0 2 1 0 0 0 0 0 0 1 0 0 1 0 3 3 0 3 2 5 4 0 13 4 1 4
19110454 953 0 1 0 1 1 0 0 0 0 0 0 0 1 2 2 3 5 4 2 2 0 3 1 4 0 1 7 13
19110455 799 4 1 3 2 3 1 0 3 1 0 0 0 0 1 1 2 3 4 0 0 3 5 1 2 4 13 3 0 2 3 1 0
19110457 733 5 3 1 3 2 1 1 0 1 1 0 0 0 0 2 1 2 3 3 3 2 13 5 4 3 2 2 4 0 1 0 0 0
19110458 905 11 1 2 2 1 3 2 3 1 1 3 2 3 1 6 0.33333333333333331 7 0.33333333333333331 8 0.33333333333333331 4 4 3 1 9 3 3 3 2 7 6 0 5 3 13 0 3 3 0
19110459 816 10 2 1 2 3 3 1 1 3 3 1 1 0 2 1 0 0 0 0 4 2 4 2 3 3 2 8 3 5 13 2 4 1 1 0 2 1 0
19110460 810 7 3 1 1 2 3 3 3 1 0 2 1 0 0 0 0 2 1 4 2 0 0 4 3 1 6 6 1 1 3 3 2 13 4 2
19110461 838 7 1 2 1 1 3 3 2 1 0 1 1 0 0 0 0 3 2 2 2 3 4 5 5 0 3 3 13 3 0 0 2 0 0 0
19110462 874 1 1 1 0 3 1 0 0 0 0 1 0 0 3 2 13 3 1 6 0 2 0 0 1 7 2 0 0 4
19110464 798 5 2 1 1 3 2 1 0 3 1 0 0 0 0 2 2 1 0 0 2 2 0 1 3 1 2 5 7 0 4 1 6 13
19110466 928 11 2 3 1 1 3 2 3 2 1 2 1 1 0 3 1 0 0 0 0 4 4 3 2 3 5 3 13 4 4 0 5 4 3 0 3 1 2 1
19110467 849 3 3 2 3 1 0 1 1 0 0 0 0 0 1 2 0 4 4 1 2 8 5 3 13 5 4 0 2 7 1 0
19110468 929 11 2 2 1 2 1 1 3 3 1 3 2 1 0 3 1 0 0 0 0 4 4 3 3 3 0 0 3 1 1 0 8 6 0 0 2 13 3 2
19110469 881 0 1 0 3 1 0 0 0 0 0 0 0 2 4 2 3 13 4 1 1 4 2 6 1 4 1 2 0
19110470 799 6 1 3 2 3 3 2 1 0 2 1 0 0 0 0 1 2 3 7 1 3 2 1 5 1 1 2 6 3 1 0 3 13 2
19110473 928 4 2 3 3 2 1 0 1 1 0 0 0 0 0 2 2 2 4 1 0 3 6 1 0 3 4 1 2 13 7 5 0
19110474 972 10 3 2 1 2 2 3 3 2 1 3 1 0 1 1 0 0 0 0 2 4 4 1 3 13 0 4 1 4 3 5 2 2 0 9 4 0 1
19110475 912 3 3 2 1 1 0 3 1 0 0 0 0 1 1 1 3 7 0 0 9 3 5 0 5 1 7 0 13 3 3 2
19110478 1077 5 3 1 1 3 2 1 0 3 1 0 0 0 0 2 1 2 13 7 1 0 2 6 1 0 2 4 4 2 2 1 0 0
19110479 834 5 3 3 2 1 3 1 0 1 1 0 0 0 0 1 1 3 4 4 3 1 5 13 5 2 2 1 0 0 0 2 0 0
19110482 890 10 3 3 2 1 1 3 1 2 1 2 1 0 2 1 0 0 0 0 4 3 3 0 0 3 3 3 7 5 2 1 4 3 2 3 13 1 4
19110484 814 8 1 1 2 2 3 2 1 1 1 0 3 1 0 0 0 0 4 3 1 13 5 5 0 1 1 7 2 5 2 3 3 4 0 2 0
19110485 981 5 3 1 1 3 2 1 0 1 1 0 0 0 0 2 1 2 0 2 6 0 1 2 5 0 0 0 2 4 4 3 3 13
19110486 863 5 1 2 2 3 3 1 0 1 1 0 0 0 0 1 2 2 0 13 3 4 6 3 8 4 3 4 1 8 0 0 0 2
19110488 894 3 2 2 3 1 0 1 1 0 0 0 0 0 2 1 1 0 0 0 7 7 3 0 3 4 13 3 3 6 3 0
19110490 997 7 1 3 2 3 2 2 2 1 0 3 1 0 0 0 0 1 4 2 0 3 0 0 1 13 6 0 3 4 3 1 3 6 3 1
19110491 988 9 1 3 2 1 3 3 1 1 2 1 0 2 1 0 0 0 0 4 2 3 2 2 2 13 3 3 6 1 3 6 1 3 0 5 1 2
19110493 788 0 1 0 3 1 0 0 0 0 0 0 0 4 3 3 2 13 5 1 0 1 3 7 0 0 0 2 0
19110494 905 1 2 1 0 2 1 0 0 0 0 0 1 0 1 4 1 13 1 5 5 3 0 3 2 2 0 0 0 1
19110495 741 9 2 2 1 1 3 3 3 2 2 1 0 1 1 0 0 0 0 2 4 3 5 4 3 3 8 5 3 1 13 6 3 0 1 2 0 0
19110496 780 10 2 3 2 2 1 2 1 3 1 3 1 0 1 1 0 0 0 0 3 4 3 0 3 1 13 0 3 4 3 0 3 4 1 3 2 2 0
19110500 719 8 3 1 2 3 2 1 1 2 1 0 3 1 0 0 0 0 3 3 2 3 3 3 1 5 6 3 0 13 3 4 0 0 0 2 0
19110503 794 11 1 3 3 2 2 1 3 1 3 2 1 1 0 2 1 0 0 0 0 4 3 4 1 0 3 0 3 4 3 2 4 3 5 0 13 3 3 3
19110506 961 2 2 3 1 0 2 1 0 0 0 0 0 1 1 0 4 7 13 0 3 7 6 3 1 3 1 3 1 0 2
19110508 840 1 1 1 0 2 1 0 0 0 0 1 0 0 0 0 3 0 0 0 4 4 4 6 3 1 2 3 13 3
19110509 995 8 1 2 1 2 3 1 2 3 1 0 1 1 0 0 0 0 3 3 2 3 3 0 3 3 7 2 0 1 7 9 0 13 2 3 0
19110510 1026 9 1 2 3 3 2 3 2 2 3 1 0 1 1 0 0 0 0 1 4 4 1 0 0 1 0 4 1 6 0 2 4 8 0 3 4 13
19110511 888 4 1 2 3 3 1 0 2 1 0 0 0 0 1 1 2 3 0 0 0 3 3 0 2 4 5 1 0 13 4 1 0
19110512 894 5 3 3 1 2 1 1 0 1 1 0 0 0 0 2 1 2 0 2 1 0 2 3 2 13 4 6 4 5 0 3 3 3
19110513 723 8 3 1 2 2 1 1 2 3 1 0 1 1 0 0 0 0 3 3 2 3 3 2 3 5 6 1 1 4 13 3 0 2 3 2 3
19110514 752 3 1 3 1 1 0 1 1 0 0 0 0 2 0 1 3 0 0 0 2 0 2 1 0 5 4 2 0 2 13 4
19110520 883 10 3 1 1 1 2 3 1 3 2 2 1 0 2 1 0 0 0 0 4 3 3 0 0 3 0 0 4 2 3 3 1 9 3 3 4 13 3
19110521 823 6 1 3 2 3 3 2 1 0 2 1 0 0 0 0 1 2 3 3 2 1 1 6 4 1 3 0 4 2 13 0 0 1 0
19110522 927 8 2 3 1 3 2 2 3 2 1 0 1 1 0 0 0 0 1 4 3 1 0 0 2 3 2 5 3 4 6 13 1 1 3 1 4
19110527 875 0 1 0 1 1 0 0 0 0 0 0 0 2 0 0 0 3 6 3 3 1 3 7 0 13 2 4 10
19110528 859 11 1 2 1 1 3 3 3 2 1 3 2 1 0 2 1 0 0 0 0 4 3 4 0 0 5 3 0 3 4 13 2 3 5 4 0 1 0 9
19110529 889 2 1 1 1 0 2 1 0 0 0 0 2 0 0 1 0 3 0 5 2 2 0 4 3 5 3 1 13 2 3
19110530 781 9 2 2 3 1 1 1 1 2 2 1 0 3 1 0 0 0 0 4 4 1 3 1 9 13 3 6 4 5 6 3 2 3 3 0 0 0
19110531 916 10 3 3 1 3 1 2 2 2 3 2 1 0 1 1 0 0 0 0 2 4 4 13 4 1 0 4 3 6 0 3 0 3 2 1 0 9 0
19110532 898 2 3 1 1 0 1 1 0 0 0 0 1 0 1 0 2 3 0 7 3 4 1 3 6 2 3 13 2 3 3
19110536 853 1 2 1 0 3 1 0 0 0 0 0 1 0 1 1 3 4 0 9 6 13 0 4 7 8 5 4 2 5
19110538 801 7 1 1 2 1 1 2 3 1 0 3 1 0 0 0 0 4 2 1 3 0 4 2 1 5 6 4 0 5 6 13 0 2 7 2
19110539 854 7 1 2 3 1 3 3 2 1 0 1 1 0 0 0 0 2 2 3 6 2 3 1 13 2 4 0 0 5 3 3 0 3 1 2
19110540 819 6 3 1 3 3 2 2 1 0 1 1 0 0 0 0 1 2 3 0 1 3 0 0 1 1 3 2 3 5 3 4 2 13 2
19110541 835 7 2 2 3 1 3 3 1 1 0 3 1 0 0 0 0 2 2 3 1 4 2 4 2 1 3 3 0 4 7 13 2 3 1 0
19110542 830 11 2 3 2 3 2 3 1 2 1 3 1 1 0 1 1 0 0 0 0 3 4 4 0 3 1 3 0 5 7 0 1 2 8 4 0 2 5 13
19110543 768 8 1 1 3 2 3 2 3 1 1 0 1 1 0 0 0 0 3 2 3 3 3 0 0 2 1 5 3 5 9 8 4 13 2 3 2
19110544 659 8 3 1 1 2 3 3 2 2 1 0 1 1 0 0 0 0 2 3 3 4 0 2 0 1 5 2 0 13 4 3 0 3 5 0 1
19110546 930 11 3 1 2 1 2 1 3 1 3 2 3 1 0 2 1 0 0 0 0 4 3 4 3 1 2 2 4 3 2 0 13 8 5 1 0 3 0 1
19110547 793 1 3 1 0 1 1 0 0 0 0 0 0 1 0 1 0 2 4 5 2 0 1 8 3 2 13 3 4 0
19110548 975 3 3 2 1 1 0 1 1 0 0 0 0 1 1 1 2 13 6 3 7 10 9 4 0 2 4 4 0 0 3 1
19110550 885 2 2 3 1 0 1 1 0 0 0 0 0 1 1 3 13 3 0 3 5 5 0 8 0 4 1 0 0 0 2
19110552 903 4 3 3 2 1 1 0 2 1 0 0 0 0 1 1 2 0 1 2 1 0 3 2 5 1 2 3 1 0 13 4 3
19110554 825 10 3 3 1 1 2 2 2 1 3 1 1 0 3 1 0 0 0 0 4 3 3 0 2 5 13 5 4 4 9 0 5 0 1 0 0 2 3
19110555 787 1 1 1 0 3 1 0 0 0 0 1 0 0 0 0 4 4 2 5 13 2 2 3 5 3 0 1 0 1
19110557 863 6 1 2 2 3 3 3 1 0 1 1 0 0 0 0 1 2 3 1 0 0 0 0 13 2 3 2 4 5 3 0 3 4 1
19110558 804 6 3 2 1 3 2 1 1 0 1 1 0 0 0 0 2 2 2 2 0 5 3 1 1 4 0 3 6 7 2 2 13 3 0
19110560 789 8 1 2 2 3 1 1 1 3 1 0 2 1 0 0 0 0 4 2 2 0 0 3 0 0 4 4 3 5 7 5 13 0 2 3 3
19110561 984 11 3 3 2 2 2 1 1 3 1 2 3 1 0 1 1 0 0 0 0 3 4 4 0 1 0 0 0 4 2 0 0 2 5 3 1 3 6 13
19110562 935 11 2 2 1 3 3 3 3 2 2 1 1 1 0 1 1 0 0 0 0 3 4 4 0 3 0 2 2 4 13 1 0 1 5 4 1 3 3 2
19110563 912 5 3 1 3 3 1 1 0 2 1 0 0 0 0 2 0 3 3 2 0 0 5 3 1 0 2 3 13 1 7 8 2 0
19110564 851 0 1 0 3 1 0 0 0 0 0 0 0 3 3 8 2 5 7 7 0 1 13 3 6 0 0 3 0
19110565 982 3 2 2 3 1 0 1 1 0 0 0 0 0 2 1 4 1 4 13 0 8 2 4 0 2 1 3 1 6 0 0
19110567 843 2 1 3 1 0 2 1 0 0 0 0 1 0 1 1 3 3 5 0 1 3 3 0 2 13 4 0 0 2 7
19110569 806 1 1 1 0 2 1 0 0 0 0 1 0 0 13 8 7 0 3 7 4 0 3 5 1 0 4 0 0 2
19110570 862 7 3 2 2 2 3 2 1 1 0 1 1 0 0 0 0 1 4 2 0 2 0 3 1 5 0 1 4 4 4 1 1 3 2 13
19110571 899 7 3 1 1 1 3 1 2 1 0 2 1 0 0 0 0 4 1 2 0 4 13 3 0 4 3 2 0 3 6 3 2 3 2 1
19110572 1094 10 1 1 1 1 2 2 3 3 2 3 1 0 3 1 0 0 0 0 4 3 3 13 3 8 5 4 4 3 0 2 1 0 3 0 0 2 0
19110574 846 3 1 2 2 1 0 2 1 0 0 0 0 1 2 0 0 0 3 0 0 4 3 1 1 3 7 8 3 1 2 13
19110576 810 7 2 3 2 1 1 3 1 1 0 3 1 0 0 0 0 3 2 2 3 3 2 1 5 6 2 0 13 1 4 0 0 2 0 0
19110577 852 9 3 2 3 1 2 1 2 1 2 1 0 3 1 0 0 0 0 3 4 2 13 2 4 3 9 1 1 3 2 5 0 0 1 3 0 0
19110578 769 5 2 2 3 3 1 1 0 1 1 0 0 0 0 1 2 2 3 1 0 0 2 13 4 3 2 4 0 4 2 1 1 3
19110580 771 9 1 1 2 2 2 2 1 1 3 1 0 3 1 0 0 0 0 4 4 1 9 3 1 3 0 2 4 3 0 4 5 3 0 13 6 3
19110581 826 9 2 1 2 1 1 2 3 3 1 1 0 3 1 0 0 0 0 4 3 2 0 13 3 2 2 1 3 2 0 4 8 4 0 3 5 1
19110583 798 8 1 1 2 3 3 2 2 1 1 0 3 1 0 0 0 0 3 3 2 1 0 13 3 0 3 7 3 4 1 4 3 0 0 2 2
19110586 1157 11 2 3 3 1 2 2 1 1 3 1 2 1 0 3 1 0 0 0 0 4 4 3 1 4 0 0 0 7 4 0 2 4 7 2 13 9 1 0
19110587 768 9 3 3 3 1 1 1 1 2 2 1 0 3 1 0 0 0 0 4 2 3 4 7 13 0 9 6 4 3 0 6 2 0 2 1 0 2
19110588 838 4 3 1 1 2 1 0 3 1 0 0 0 0 2 1 1 1 3 8 4 13 3 0 0 4 3 0 2 2 6 0 0
19110589 908 8 2 1 3 1 2 3 3 3 1 0 2 1 0 0 0 0 2 2 4 0 1 0 4 0 1 7 5 1 4 5 13 2 3 4 2
19110590 803 1 1 1 0 3 1 0 0 0 0 1 0 0 2 3 3 13 2 5 3 9 0 2 1 3 1 4 0 0
19110595 896 6 1 1 3 2 3 1 1 0 3 1 0 0 0 0 3 1 2 2 3 0 2 0 3 7 5 2 4 5 9 0 1 3 13
19110596 831 5 1 3 2 2 1 1 0 2 1 0 0 0 0 2 2 1 5 4 3 3 6 6 5 1 13 1 4 0 0 2 3 0
19110597 790 7 1 3 2 3 3 1 2 3 1 4 0.54545454545454553 5 0.27272727272727276 6 0.18181818181818185 2 2 3 0 13 3 3 0 3 4 5 1 3 3 1 2 0 2 0
19110598 959 6 2 3 3 1 1 2 1 0 3 1 0 0 0 0 2 2 2 0 2 3 1 2 3 5 3 0 2 1 13 1 0 3 8
19110599 1009 3 3 3 1 1 0 1 1 0 0 0 0 1 0 2 2 0 0 0 13 4 2 3 6 3 5 3 3 3 3 0
19110600 811 1 3 1 0 1 1 0 0 0 0 0 0 1 1 6 13 0 2 5 4 0 0 5 3 0 1 3 2 2
19110602 1071 1 2 1 0 1 1 0 0 0 0 0 1 0 0 3 1 0 13 3 5 2 3 7 7 3 2 4 3 1
19110604 701 5 2 2 1 2 1 1 0 3 1 0 0 0 0 2 3 0 2 0 3 0 3 1 4 9 4 1 8 13 1 2 3 3
19110605 888 10 3 1 3 3 2 3 1 1 2 1 1 0 2 1 0 0 0 0 4 2 4 0 2 1 0 0 1 5 2 3 3 7 7 0 4 2 13
19110609 875 10 1 1 3 3 1 1 2 2 2 2 1 0 3 1 0 0 0 0 4 4 2 13 8 4 0 6 5 1 0 2 2 0 3 1 0 0 0
19110610 1072 7 2 2 1 2 3 3 3 1 0 1 1 0 0 0 0 1 3 3 1 4 1 0 5 3 2 1 2 13 0 0 0 0 3 0
19110611 902 6 3 1 2 2 3 1 1 0 3 1 0 0 0 0 2 2 2 0 1 2 4 2 3 1 0 3 5 8 3 5 13 0 0
19110612 811 5 1 3 3 3 2 1 0 1 1 0 0 0 0 1 1 3 0 5 3 0 0 1 3 3 0 2 4 3 2 13 7 4
19110613 815 7 2 1 1 2 2 1 2 1 0 3 1 0 0 0 0 3 4 0 0 0 3 9 3 2 5 8 0 3 1 4 0 13 3 1
19110617 776 7 2 2 3 3 1 2 2 1 0 1 1 0 0 0 0 1 4 2 1 0 2 0 1 4 4 3 4 3 5 0 13 8 3 1
19110618 876 4 3 2 1 1 1 0 1 1 0 0 0 0 2 1 1 2 3 4 13 2 5 5 3 0 3 2 4 1 0 0 0
19110620 713 1 2 1 0 3 1 0 0 0 0 0 1 0 13 6 7 3 4 5 3 0 3 3 0 0 1 0 0 0
19110622 903 11 1 1 3 2 2 3 3 2 1 3 2 1 0 1 1 0 0 0 0 3 4 4 0 0 3 0 1 0 0 3 3 2 4 5 3 3 4 13
19110624 743 11 3 2 1 2 2 1 3 1 3 1 2 1 0 3 1 0 0 0 0 4 4 3 0 9 2 13 3 1 6 3 0 3 2 2 0 1 0 1
19110625 865 1 1 1 0 1 1 0 0 0 0 1 0 0 3 2 6 3 2 5 4 7 0 3 13 3 0 1 3 2
19110627 860 8 2 3 3 3 2 1 2 1 1 0 3 1 0 0 0 0 2 3 3 2 0 2 1 0 4 1 3 0 1 5 13 3 4 6 3
19110628 814 6 1 1 3 1 3 1 1 0 2 1 0 0 0 0 4 0 2 2 13 6 4 6 2 2 3 5 4 9 1 0 3 2 3
19110629 778 10 1 2 2 3 2 1 1 3 2 1 1 0 3 1 0 0 0 0 4 4 2 2 3 8 7 0 1 5 13 4 4 4 6 0 5 3 0
19110630 1066 1 1 3 1 5 0.42857142857142855 6 0.2857142857142857 7 0.2857142857142857 1 0 0 1 0 0 3 0 3 4 3 0 2 3 6 0 2 4 13
19110631 841 8 3 2 3 1 2 2 3 2 1 0 1 1 0 0 0 0 1 4 3 3 4 4 3 4 5 6 0 13 0 0 0 1 3 1 0
19110632 901 5 1 3 2 1 1 1 0 2 1 0 0 0 0 3 1 1 2 1 3 0 2 5 2 0 13 7 4 0 4 5 3 1
19110633 933 10 3 1 1 1 2 2 1 3 2 2 1 0 3 1 0 0 0 0 4 4 2 13 2 3 3 3 2 7 1 1 2 5 4 3 0 1 0
19110634 849 7 1 2 3 1 3 1 2 1 0 1 1 0 0 0 0 3 2 2 0 2 5 13 2 3 4 6 0 0 1 3 3 2 0 0
19110635 908 2 2 2 1 0 1 1 0 0 0 0 0 2 0 13 5 3 1 8 4 1 2 2 2 4 1 0 4 0 1
19110636 748 0 1 0 1 1 0 0 0 0 0 0 0 2 0 4 3 3 7 0 2 1 4 4 2 1 3 13 4
19110637 948 4 2 2 1 3 1 0 3 1 0 0 0 0 1 2 1 0 0 3 0 2 5 3 5 0 1 5 6 0 3 1 13
19110638 809 7 2 2 1 3 1 3 3 1 0 2 1 0 0 0 0 2 2 3 3 1 0 0 1 4 0 0 4 2 1 2 13 5 3 0
19110639 854 11 2 1 2 1 2 3 1 2 1 3 3 1 0 3 1 0 0 0 0 4 4 3 13 6 4 0 3 5 3 1 1 6 2 0 2 4 0 0
19110640 779 4 3 3 1 3 1 0 2 1 0 0 0 0 1 0 3 2 2 0 0 1 3 0 1 0 5 13 3 4 3 2 1
19110641 1011 10 1 1 2 1 3 3 3 2 2 3 1 0 1 1 0 0 0 0 3 3 4 0 2 5 0 1 0 4 4 0 4 7 13 0 4 3 2
19110642 782 2 3 1 1 0 2 1 0 0 0 0 1 0 1 0 1 0 0 3 4 3 2 1 3 4 0 2 4 13 3
19110643 919 9 3 2 3 2 3 2 1 1 3 1 0 2 1 0 0 0 0 2 3 4 0 0 1 0 3 1 3 2 2 5 13 0 1 4 4 1
19110644 883 7 1 3 2 1 3 2 1 1 0 3 1 0 0 0 0 3 2 2 0 0 0 1 3 4 2 3 13 3 7 0 3 5 3 2
19110646 860 8 3 2 1 2 3 2 2 1 1 0 1 1 0 0 0 0 2 4 2 0 0 0 1 3 3 3 4 0 3 7 4 0 13 7 6
19110647 944 9 1 3 1 2 3 2 2 1 1 1 0 3 1 0 0 0 0 4 3 2 13 7 3 2 2 5 1 1 4 8 6 0 3 3 2 0
19110648 808 5 2 2 2 3 1 1 0 1 1 0 0 0 0 1 3 1 0 0 1 4 0 5 3 3 3 3 7 13 0 3 3 0
19110649 921 2 3 1 1 0 1 1 0 0 0 0 1 0 1 2 0 3 0 0 0 5 0 3 1 4 13 0 4 2 2
19110650 737 8 3 3 2 3 2 3 1 1 1 0 1 1 0 0 0 0 2 2 4 3 5 3 3 13 4 2 1 3 0 0 0 0 2 0 0
19110651 846 11 2 1 3 2 3 1 3 2 3 1 2 1 0 1 1 0 0 0 0 3 4 4 0 3 2 3 0 4 5 4 3 3 3 3 0 1 3 13
19110652 910 11 3 3 3 2 3 2 2 1 1 1 2 1 0 1 1 0 0 0 0 3 4 4 0 0 9 5 7 4 4 1 0 3 2 13 0 3 4 3
19110657 925 2 3 1 1 0 2 1 0 0 0 0 1 0 1 3 2 0 0 4 4 0 0 5 1 0 1 13 3 2 0
19110658 890 8 3 1 3 1 2 1 1 2 1 0 2 1 0 0 0 0 4 2 2 1 0 2 0 3 6 3 0 4 3 2 3 13 3 3 3
19110660 814 0 1 0 2 1 0 0 0 0 0 0 0 0 1 0 2 13 3 0 0 5 8 5 3 4 1 3 3
19110662 961 2 1 2 1 0 1 1 0 0 0 0 1 1 0 0 0 3 2 0 3 5 4 0 2 13 4 1 3 3 3
19110666 834 8 3 3 1 2 3 2 2 3 1 0 2 1 0 0 0 0 1 3 4 1 0 1 0 0 4 4 1 5 2 7 0 13 8 1 3
19110669 904 8 2 1 3 1 3 2 1 3 1 0 3 1 0 0 0 0 3 2 3 3 0 2 4 3 5 9 0 4 13 0 0 3 9 8 0
19110670 930 8 1 3 2 2 3 1 1 3 1 0 3 1 0 0 0 0 3 2 3 0 2 0 0 3 1 3 0 5 4 2 2 13 9 3 1
19110671 911 9 1 1 2 3 2 2 3 3 1 1 0 2 1 0 0 0 0 3 3 3 0 2 5 13 0 5 6 1 1 9 0 5 0 0 0 9
19110674 930 4 3 1 2 1 1 0 2 1 0 0 0 0 2 1 1 3 1 0 0 2 5 2 3 0 13 5 3 0 0 1 4
19110677 881 0 1 0 1 1 0 0 0 0 0 0 0 0 3 2 13 0 1 4 4 2 3 7 3 0 5 6 3
19110678 895 11 1 3 3 2 2 2 1 3 1 2 1 1 0 3 1 0 0 0 0 4 4 3 4 3 3 1 7 13 4 6 4 8 3 0 0 2 4 0
19110679 768 7 1 1 1 2 3 3 2 1 0 2 1 0 0 0 0 3 2 2 3 3 2 3 2 7 1 4 3 13 6 0 1 4 3 0
19110680 698 0 1 0 2 1 0 0 0 0 0 0 0 0 3 0 2 2 0 1 5 0 1 3 4 0 1 3 13
19110681 794 0 1 0 2 1 0 0 0 0 0 0 0 0 13 4 2 2 1 5 7 0 0 1 3 0 0 4 1
19110682 898 1 2 1 0 3 1 0 0 0 0 0 1 0 1 4 3 1 0 3 5 13 0 2 3 3 0 2 1 0
19110683 1046 2 1 2 1 0 1 1 0 0 0 0 1 1 0 0 3 2 9 1 6 7 2 2 1 3 4 0 13 5 4
19110684 926 3 2 3 2 1 0 2 1 0 0 0 0 0 2 1 1 3 13 9 4 7 5 9 1 4 5 0 1 0 3 0
19110685 806 8 1 2 2 3 3 1 3 3 1 0 1 1 0 0 0 0 2 2 4 0 0 0 2 3 1 5 9 5 4 13 4 1 5 2 2
19110687 768 11 3 2 2 3 1 3 2 2 1 3 1 1 0 1 1 0 0 0 0 3 4 4 3 3 5 4 5 6 3 7 1 4 13 2 0 0 0 7
19110688 674 4 1 3 1 3 1 0 2 1 0 0 0 0 2 0 2 2 1 0 0 4 3 0 0 6 5 0 0 13 3 3 2
19110689 1089 1 2 1 0 1 1 0 0 0 0 0 1 0 4 13 2 0 4 1 0 0 2 5 3 1 2 0 1 3
19110690 854 4 3 1 3 2 1 0 1 1 0 0 0 0 1 1 2 3 6 13 2 4 5 7 3 4 4 5 0 3 3 0 0
19110692 864 8 1 1 2 3 3 2 1 3 1 0 3 1 0 0 0 0 3 2 3 3 0 0 2 1 3 6 1 8 4 2 3 13 4 2 0
19110693 899 1 2 1 0 1 1 0 0 0 0 0 1 0 3 0 0 0 4 3 2 0 1 3 4 0 13 4 2 1
19110694 832 0 1 0 2 1 0 0 0 0 0 0 0 2 1 0 0 3 1 0 0 3 5 3 2 1 4 13 0
19110695 743 9 3 1 2 2 2 3 3 1 1 3 1 5 0.42857142857142855 6 0.2857142857142857 7 0.2857142857142857 3 3 3 2 3 3 13 0 5 4 1 3 0 2 3 0 0 1 0
19110696 678 9 2 2 3 1 1 2 1 3 3 1 0 3 1 0 0 0 0 3 3 3 2 0 0 2 0 1 4 9 1 13 6 4 3 5 3 3
19110698 711 9 2 2 3 2 3 3 1 3 1 1 0 1 1 0 0 0 0 2 3 4 4 2 3 1 3 4 3 4 9 13 0 0 1 2 0 0
19110700 845 4 2 2 3 2 1 0 1 1 0 0 0 0 0 3 1 3 4 0 0 3 13 1 1 5 3 3 0 3 1 2 0
19110702 806 3 1 3 1 1 0 2 1 0 0 0 0 2 0 1 0 0 3 0 4 3 2 0 4 6 1 0 13 7 4 2
19110703 647 4 1 2 2 3 1 0 3 1 0 0 0 0 1 2 1 3 3 4 9 7 5 13 1 0 4 5 4 0 1 2 3
19110704 787 11 2 2 3 1 1 3 2 2 3 3 1 1 0 1 1 0 0 0 0 3 4 4 3 0 8 0 1 4 2 0 7 3 4 2 5 13 5 1
19110705 885 4 2 1 3 2 1 0 3 1 0 0 0 0 1 2 1 1 0 3 1 0 5 3 2 0 4 4 2 0 13 4 1
19110706 862 10 1 2 2 1 3 3 3 3 2 1 1 0 2 1 0 0 0 0 3 3 4 2 3 9 13 6 4 1 1 2 3 5 3 0 4 3 1
19110707 828 1 1 1 0 3 1 0 0 0 0 1 0 0 1 13 3 0 5 4 3 2 0 6 4 0 2 0 7 3
19110708 984 4 2 2 3 3 1 0 1 1 0 0 0 0 0 2 2 0 2 9 13 3 3 4 6 7 6 1 4 0 0 3 1
19110709 879 11 1 3 3 2 1 2 1 3 1 2 3 1 0 2 1 0 0 0 0 4 3 4 0 0 2 0 0 9 0 4 1 5 3 3 2 1 4 13
19110711 986 9 3 3 1 3 2 2 2 1 1 1 0 1 1 0 0 0 0 3 3 3 2 2 0 0 6 3 5 1 13 2 1 9 3 3 0 0
19110713 824 3 2 3 3 1 0 1 1 0 0 0 0 0 1 2 3 13 5 4 0 3 3 2 0 0 1 1 0 2 0 0
19110714 899 8 1 2 1 1 3 2 2 2 1 0 3 1 0 0 0 0 3 4 1 3 3 4 1 5 4 3 0 3 13 4 0 8 5 4 0
19110717 810 8 2 2 1 3 3 1 2 1 3 1 4 0.54545454545454553 5 0.27272727272727276 6 0.18181818181818185 3 3 2 0 0 3 0 3 7 3 1 5 8 13 0 4 3 2 0
19110718 957 1 1 1 0 1 1 0 0 0 0 1 0 0 2 0 0 0 0 4 3 13 1 8 5 4 2 4 4 2
19110722 804 11 3 1 2 3 1 3 3 2 2 1 2 1 0 1 1 0 0 0 0 3 4 4 1 0 1 13 0 2 5 8 3 5 6 9 2 2 4 1
19110726 864 1 1 1 0 1 1 0 0 0 0 1 0 0 2 3 2 4 4 13 5 8 0 0 7 4 0 1 2 0
19110730 866 0 1 0 3 1 0 0 0 0 0 0 0 2 3 1 0 3 4 13 1 9 2 2 0 3 1 3 4
19110732 1013 7 1 3 3 2 2 2 1 1 0 3 1 0 0 0 0 2 3 2 1 0 0 0 13 2 0 0 5 3 0 3 1 4 3 0
19110735 911 5 1 2 1 3 1 1 0 3 1 0 0 0 0 3 1 1 0 0 2 3 5 3 6 5 2 3 13 9 2 5 3 1
19110737 867 7 3 2 2 3 1 3 1 1 0 3 1 0 0 0 0 2 2 3 13 3 1 2 4 8 1 3 3 6 2 0 3 0 0 0
19110738 929 5 2 3 2 3 1 1 0 1 1 0 0 0 0 1 2 2 0 0 3 0 0 13 3 1 0 1 5 2 2 3 3 4
19110739 677 4 3 3 1 2 1 0 2 1 0 0 0 0 1 1 2 2 3 1 0 5 6 13 3 4 6 1 0 4 2 1 0
19110740 783 8 1 2 1 2 1 3 3 2 1 0 1 1 0 0 0 0 3 3 2 3 3 3 0 4 6 3 2 4 13 4 2 5 3 1 0
19110742 814 3 1 1 2 1 0 3 1 0 0 0 0 2 1 0 0 0 4 2 0 3 7 13 1 8 4 3 2 3 4 3
19110743 902 4 2 1 3 1 1 0 1 1 0 0 0 0 2 1 1 0 6 7 13 0 1 6 4 2 2 4 2 0 0 3 0
19110745 852 5 2 2 2 3 3 1 0 1 1 0 0 0 0 0 3 2 2 3 0 6 0 1 0 5 0 3 1 3 0 1 3 13
19110746 903 5 3 1 2 1 2 1 0 2 1 0 0 0 0 2 2 1 0 3 0 2 4 3 13 3 0 5 1 5 5 4 1 7
19110747 915 6 2 2 3 1 3 3 1 0 1 1 0 0 0 0 1 2 3 0 0 0 2 0 3 3 3 2 5 4 1 1 13 4 9
19110748 872 3 1 2 3 1 0 3 1 0 0 0 0 1 1 1 1 3 0 0 1 2 5 2 3 4 13 3 3 3 3 3
19110752 776 11 3 2 1 3 1 1 1 2 2 3 2 1 0 3 1 0 0 0 0 4 4 3 0 5 2 4 0 4 4 1 4 3 5 13 3 0 3 0
19110753 884 2 3 1 1 0 2 1 0 0 0 0 1 0 1 3 0 0 0 4 4 0 0 3 8 2 3 13 4 6 1
19110755 843 9 1 2 1 3 3 2 1 3 3 1 0 1 1 0 0 0 0 3 2 4 2 1 3 2 0 4 13 5 1 6 4 2 0 2 0 3
19110756 929 9 2 3 1 3 1 1 2 3 2 1 0 3 1 0 0 0 0 3 3 3 1 3 3 2 3 6 4 5 3 8 7 3 13 3 9 0
19110758 822 5 3 3 1 3 2 1 0 2 1 0 0 0 0 1 1 3 0 3 2 0 1 7 1 0 3 3 6 0 13 4 4 3
19110759 1015 2 3 3 1 0 3 1 0 0 0 0 0 0 2 1 8 2 13 3 4 3 3 0 1 6 1 0 3 2 2
19110760 686 1 2 1 0 3 1 0 0 0 0 0 1 0 1 5 3 0 2 6 1 0 7 1 1 0 13 9 2 2
19110761 931 10 2 2 1 3 3 1 3 2 2 1 1 0 3 1 0 0 0 0 3 4 3 2 5 2 3 1 3 1 13 0 1 5 1 0 0 2 3
19110762 751 6 2 1 1 3 2 3 1 0 1 1 0 0 0 0 2 2 2 0 3 3 3 2 8 4 3 0 13 1 5 2 3 0 3
19110763 705 6 3 1 3 1 1 2 1 0 3 1 0 0 0 0 3 1 2 13 6 5 2 4 4 8 4 4 2 2 1 3 0 0 0
19110765 928 3 1 3 3 1 0 1 1 0 0 0 0 1 0 2 0 5 0 0 0 5 4 13 2 6 8 2 2 1 5 3
19110766 903 3 2 3 3 1 0 3 1 0 0 0 0 0 1 2 0 0 0 2 0 3 0 1 0 5 2 3 1 1 6 13
19110768 682 6 1 3 2 3 1 3 1 0 1 1 0 0 0 0 2 1 3 0 0 2 0 0 2 1 4 7 8 4 7 2 3 5 13
19110769 681 1 3 1 0 2 1 0 0 0 0 0 0 1 2 0 0 0 0 5 1 3 0 3 7 0 1 13 5 3
19110770 889 6 3 2 1 3 1 1 1 0 2 1 0 0 0 0 3 1 2 6 4 5 4 3 4 1 13 0 0 0 2 0 0 3 2
19110771 788 11 1 3 1 3 3 2 1 2 2 2 1 1 0 3 1 0 0 0 0 4 4 3 0 4 4 2 0 4 5 5 1 0 4 13 0 0 0 3
19110772 799 10 3 1 2 3 3 3 1 2 2 1 1 0 2 1 0 0 0 0 3 3 4 0 1 3 0 0 0 1 2 1 4 3 4 2 4 6 13
19110773 881 4 2 1 3 2 1 0 3 1 0 0 0 0 1 2 1 0 1 5 13 0 1 0 3 2 4 0 1 0 3 2 0
19110775 939 11 3 2 2 1 3 3 1 1 2 1 2 1 0 3 1 0 0 0 0 4 4 3 0 1 6 0 4 4 5 4 3 13 4 2 1 2 3 4
19110776 689 4 1 1 2 3 1 0 3 1 0 0 0 0 2 1 1 3 0 0 3 2 3 4 0 7 13 3 2 6 3 1 0
19110777 934 3 3 2 1 1 0 1 1 0 0 0 0 1 1 1 5 1 3 2 4 13 2 3 3 3 4 3 2 0 0 1
19110778 919 9 3 1 3 2 3 3 1 1 1 1 0 2 1 0 0 0 0 4 1 4 2 0 3 0 0 0 1 0 0 4 3 2 2 13 5 3
19110779 802 5 1 2 2 3 2 1 0 3 1 0 0 0 0 1 3 1 3 13 1 1 5 2 1 2 3 4 5 1 3 0 0 0
19110781 969 8 1 3 3 1 2 2 3 1 1 0 1 1 0 0 0 0 3 2 3 2 0 2 0 0 3 1 13 0 3 6 2 0 3 0 3
19110782 749 6 1 3 1 2 3 1 1 0 3 1 0 0 0 0 3 1 2 3 6 1 3 3 5 1 6 13 3 4 2 2 2 2 8
19110786 843 1 3 1 0 2 1 0 0 0 0 0 0 1 0 1 3 0 0 0 4 2 0 13 3 3 3 3 1 5
19110787 868 0 1 0 3 1 0 0 0 0 0 0 0 0 1 3 13 0 1 4 2 1 1 6 2 2 2 0 0
19110788 753 7 1 2 2 3 2 1 3 3 1 7 0.2857142857142857 8 0.2857142857142857 9 0.42857142857142855 2 3 2 5 4 3 0 3 5 1 0 1 13 4 3 3 8 5 2
19110789 822 2 3 1 1 0 1 1 0 0 0 0 1 0 1 4 3 2 3 4 5 1 0 13 3 0 3 2 2 0 0
19110791 884 1 3 1 0 2 1 0 0 0 0 0 0 1 13 4 1 1 3 3 6 2 3 2 3 0 1 0 0 0
19110793 833 8 3 1 3 2 1 3 2 1 1 0 3 1 0 0 0 0 3 2 3 4 3 5 1 0 3 10 2 1 13 2 3 0 2 0 0
19110797 999 1 1 1 0 3 1 0 0 0 0 1 0 0 0 5 3 13 0 2 6 7 0 0 3 4 3 0 2 1
19110798 720 10 2 3 3 2 1 1 2 1 3 1 1 0 3 1 0 0 0 0 4 3 3 3 2 1 0 2 13 4 0 7 4 3 0 1 6 4 2
19110801 744 9 1 3 2 3 1 3 3 2 2 1 0 1 1 0 0 0 0 2 3 4 3 3 13 7 0 9 4 2 1 4 0 3 2 0 0 1
19110802 918 8 2 2 1 1 1 3 3 3 1 0 3 1 0 0 0 0 3 2 3 2 0 0 0 0 1 3 0 2 3 6 13 0 0 3 3
19110803 859 7 3 1 1 1 2 3 3 1 0 1 1 0 0 0 0 3 1 3 4 3 2 0 4 13 0 0 9 5 3 2 0 3 0 2
19110804 897 8 1 3 1 3 1 3 2 3 1 0 1 1 0 0 0 0 3 1 4 2 3 6 2 2 2 5 0 13 3 1 0 2 3 1 3
19110807 906 0 1 0 1 1 0 0 0 0 0 0 0 0 3 3 3 3 2 4 7 3 13 3 0 0 4 3 0
19110808 903 11 3 1 1 1 1 2 3 3 2 3 2 1 0 2 1 0 0 0 0 4 3 4 2 0 1 0 1 3 5 0 2 5 3 5 13 6 5 0
19110810 779 3 2 3 3 1 0 1 1 0 0 0 0 0 1 2 3 2 2 0 1 3 13 0 1 6 3 2 1 4 3 5
19110812 677 11 2 3 2 3 3 1 1 2 3 1 2 1 0 1 1 0 0 0 0 3 4 4 0 3 6 13 0 2 3 4 0 3 5 4 1 6 0 0
19110813 881 9 3 2 1 1 3 2 3 1 3 1 0 1 1 0 0 0 0 3 2 4 0 0 2 0 2 13 1 5 0 7 4 3 0 5 4 2
19110814 839 10 3 2 1 3 3 1 1 3 2 2 3 1 8 0.18181818181818185 9 0.27272727272727276 10 0.54545454545454553 3 3 4 0 0 2 0 0 3 4 3 1 5 4 4 1 2 13 3
19110815 853 7 3 3 2 3 1 2 1 1 0 2 1 0 0 0 0 2 2 3 13 5 3 0 4 5 3 3 8 3 0 0 1 0 0 0
19110816 916 8 3 2 1 3 2 2 1 1 1 0 2 1 0 0 0 0 3 3 2 0 0 0 1 0 0 13 5 0 3 5 3 3 4 2 1
19110817 877 10 2 2 2 3 1 2 1 3 3 1 1 0 1 1 0 0 0 0 3 4 3 2 13 5 3 3 6 5 3 0 0 3 0 1 0 0 0
19110818 692 10 2 1 2 3 2 1 1 2 3 3 1 0 3 1 0 0 0 0 3 4 3 1 3 4 13 2 5 7 5 4 6 4 4 0 0 0 1
19110819 812 11 1 3 3 3 1 3 2 1 2 1 2 1 0 2 1 0 0 0 0 4 3 4 3 0 3 0 1 2 4 5 0 3 7 8 5 3 3 13
19110820 891 0 1 0 3 1 0 0 0 0 0 0 0 3 0 9 0 1 2 13 4 4 8 1 0 3 4 3 2
19110826 737 1 1 1 0 3 1 0 0 0 0 1 0 0 0 1 5 3 0 13 6 3 0 3 4 2 6 2 0 0
19110827 844 10 3 1 2 1 1 3 2 3 2 3 1 0 2 1 0 0 0 0 3 3 4 0 3 3 4 2 3 4 1 1 0 4 13 0 3 0 3
19110829 812 9 3 3 1 1 2 3 1 2 2 1 0 2 1 0 0 0 0 3 3 3 3 13 3 3 0 3 5 6 0 2 4 1 0 0 1 0
19110830 827 0 1 0 3 1 0 0 0 0 0 0 0 0 2 0 4 0 1 13 2 8 7 5 5 2 4 1 1
19110831 1035 3 2 3 1 1 0 3 1 0 0 0 0 1 1 1 0 0 0 1 0 1 13 1 5 3 2 3 2 2 7 9
19110832 901 10 2 2 1 1 3 1 2 3 3 1 1 0 2 1 0 0 0 0 4 3 3 1 8 4 1 13 4 5 2 0 2 4 0 0 0 0 3
19110835 863 6 2 1 3 1 2 1 1 0 1 1 0 0 0 0 3 2 1 3 8 5 13 0 3 4 3 0 2 3 2 0 0 3 0
19110837 928 0 3 1 4 0.54545454545454553 5 0.27272727272727276 6 0.18181818181818185 0 0 0 2 0 0 1 3 5 3 2 7 13 0 1 5 3 3 0
19110838 848 0 1 0 1 1 0 0 0 0 0 0 0 6 3 13 3 3 4 4 6 0 3 6 2 0 4 4 3
19110840 802 8 1 2 2 3 3 2 1 3 1 0 2 1 0 0 0 0 2 3 3 0 13 3 1 1 5 4 4 0 2 6 1 0 3 4 0
19110841 724 10 3 1 3 2 2 3 1 2 3 1 1 0 2 1 0 0 0 0 3 3 4 0 1 0 0 4 3 0 0 6 7 4 1 13 4 2 0
19110843 779 3 1 1 1 1 0 2 1 0 0 0 0 3 0 0 3 2 3 0 1 4 5 2 2 13 5 3 4 2 1 0
19110845 776 5 2 2 3 2 1 1 0 1 1 0 0 0 0 1 3 1 4 13 4 0 9 1 1 0 4 3 7 3 3 0 2 0
19110847 920 0 1 0 3 1 0 0 0 0 0 0 0 1 2 0 0 3 5 0 0 7 5 13 3 2 5 3 1
19110849 821 10 1 2 2 1 1 3 1 2 3 2 1 0 3 1 0 0 0 0 4 4 2 3 6 3 13 0 1 6 5 2 0 4 2 3 0 1 0
19110851 786 1 3 1 0 1 1 0 0 0 0 0 0 1 3 3 2 1 1 6 2 5 8 6 5 0 13 9 2 0
19110853 795 8 1 2 3 3 1 3 1 3 1 0 2 1 0 0 0 0 3 1 4 4 3 2 4 0 0 6 1 2 2 0 13 0 1 6 9
19110855 830 5 3 1 2 1 3 1 0 2 1 0 0 0 0 2 1 2 4 3 13 0 1 1 6 3 0 0 2 0 0 0 2 0
19110857 869 2 1 3 1 0 2 1 0 0 0 0 1 0 1 9 3 3 4 3 13 4 1 4 3 5 2 2 0 1 0
19110858 918 11 2 1 2 3 3 2 3 2 3 1 1 1 0 1 1 0 0 0 0 3 4 4 3 2 0 0 0 8 3 13 2 3 4 6 2 1 1 1
19110860 840 0 1 0 2 1 0 0 0 0 0 0 0 0 0 1 2 1 4 8 4 3 4 4 13 4 3 3 3
19110861 938 1 2 1 0 2 1 0 0 0 0 0 1 0 3 1 0 0 3 5 1 0 3 7 4 0 13 8 7 3
19110862 784 6 3 3 2 1 2 2 1 0 1 1 0 0 0 0 1 3 2 1 7 9 13 0 2 3 4 0 2 3 1 0 0 1 3
19110863 749 10 2 1 2 2 3 1 3 3 1 1 1 0 3 1 0 0 0 0 4 3 3 2 0 0 0 0 2 1 8 1 3 13 6 4 2 3 4
19110864 848 2 1 2 1 0 2 1 0 0 0 0 1 1 0 3 0 0 3 0 3 4 1 0 2 5 7 0 1 4 13
19110865 771 9 2 1 2 1 3 3 3 1 1 1 0 2 1 0 0 0 0 4 2 3 0 2 0 0 0 4 1 4 0 5 8 2 5 13 9 5
19110866 897 9 3 2 1 3 1 1 2 3 2 3 1 8 0.18181818181818185 9 0.27272727272727276 10 0.54545454545454553 3 3 3 1 3 1 3 2 1 0 13 0 4 2 4 0 0 2 3
19110869 983 2 3 2 1 0 1 1 0 0 0 0 0 1 1 6 1 0 0 13 4 2 6 3 4 3 2 9 6 1 0
19110870 951 10 3 2 3 3 2 2 1 1 3 1 1 0 2 1 0 0 0 0 3 3 4 0 0 0 1 0 0 5 4 0 2 3 4 1 0 4 13
19110872 892 10 1 1 2 3 3 3 2 1 1 2 1 0 3 1 0 0 0 0 4 3 3 0 1 2 0 13 3 2 0 5 1 4 0 3 3 2 3
19110878 970 5 3 2 1 1 1 1 0 2 1 0 0 0 0 3 1 1 0 2 0 0 3 3 8 3 0 4 6 3 0 5 5 13
19110879 769 10 3 2 2 1 1 3 3 1 1 3 1 0 2 1 0 0 0 0 4 2 4 2 0 0 4 1 3 6 3 0 0 5 13 2 4 7 3
19110881 844 1 3 1 0 2 1 0 0 0 0 0 0 1 0 1 8 3 3 5 4 6 0 4 4 9 2 3 1 13
19110883 851 7 2 3 3 1 2 1 2 1 0 2 1 0 0 0 0 2 3 2 4 1 8 3 3 13 2 1 3 4 5 3 0 3 1 0
19110884 870 1 1 1 0 2 1 0 0 0 0 1 0 0 13 3 3 0 8 4 1 0 4 2 2 0 4 1 0 3
19110885 917 7 1 3 3 2 2 2 1 1 0 3 1 0 0 0 0 2 3 2 0 3 0 0 3 3 4 0 3 5 6 1 4 7 13 0
19110887 891 11 1 1 2 3 3 1 1 3 2 3 2 1 0 2 1 0 0 0 0 4 3 4 13 4 6 0 5 2 1 3 2 3 0 0 0 1 0 0
19110889 921 8 3 2 3 1 2 2 2 1 1 0 1 1 0 0 0 0 2 4 2 0 1 3 0 4 3 5 3 2 13 1 0 3 3 3 3
19110890 706 3 2 3 2 1 0 3 1 0 0 0 0 0 2 1 0 0 1 3 3 0 1 2 1 3 5 2 0 13 1 3
19110891 906 9 3 1 2 1 2 1 3 2 3 1 0 1 1 0 0 0 0 3 3 3 1 0 0 0 2 4 2 3 3 13 0 0 5 4 7 4
19110893 946 11 2 1 3 3 1 2 1 3 2 3 2 1 0 1 1 0 0 0 0 3 4 4 0 1 0 0 0 2 3 2 3 5 5 6 13 3 3 1
19110897 979 11 2 1 3 2 3 1 1 2 3 2 3 1 0 1 1 0 0 0 0 3 4 4 0 8 2 0 3 1 3 13 3 3 1 2 0 4 5 5
19110899 844 8 3 1 3 2 3 2 2 2 1 0 1 1 0 0 0 0 1 4 3 3 0 1 0 4 3 0 0 6 4 3 1 4 5 13 0
19110900 774 8 1 2 2 1 3 3 2 1 1 0 3 1 0 0 0 0 3 3 2 0 0 3 2 0 0 4 3 0 4 7 3 1 3 3 13
19110901 861 5 1 2 3 1 2 1 0 1 1 0 0 0 0 2 2 1 0 2 0 4 0 3 5 1 6 5 2 13 0 9 8 0
19110903 944 9 1 2 3 2 2 3 1 3 3 1 0 2 1 0 0 0 0 2 3 4 1 4 4 1 0 2 13 4 3 7 9 6 0 4 4 1
19110904 934 11 2 2 2 3 2 1 3 1 1 1 3 1 0 3 1 0 0 0 0 4 4 3 0 0 3 1 0 3 5 2 2 6 8 4 3 1 3 13
19110906 747 2 2 3 1 0 2 1 0 0 0 0 0 1 1 3 3 0 0 3 0 1 0 4 5 1 3 13 3 4 0
19110907 800 0 1 0 1 1 0 0 0 0 0 0 0 4 1 3 1 3 13 4 2 3 2 3 0 0 3 2 0
19110908 764 1 3 1 0 3 1 0 0 0 0 0 0 1 2 4 5 4 13 2 0 1 3 1 5 2 5 1 0 0
19110909 860 6 1 3 2 1 2 2 1 0 1 1 0 0 0 0 2 3 1 2 3 3 13 3 1 5 8 7 6 4 2 0 5 3 1
19110910 900 11 2 2 2 3 2 1 3 3 3 1 1 1 0 1 1 0 0 0 0 3 4 4 1 13 1 4 3 2 3 0 2 4 4 2 4 0 3 1
19110915 849 10 2 3 1 3 3 2 1 1 2 3 1 0 2 1 0 0 0 0 3 3 4 0 3 0 0 3 4 4 1 3 4 7 2 9 1 13 0
19110917 891 0 1 0 1 1 0 0 0 0 0 0 0 1 3 13 2 8 2 3 4 0 2 6 5 0 0 1 3
19110918 818 9 3 2 1 3 3 3 2 2 2 1 0 1 1 0 0 0 0 1 4 4 1 3 3 5 0 2 7 13 5 4 1 4 0 3 5 1
19110919 849 1 1 1 0 2 1 0 0 0 0 1 0 0 0 1 0 5 0 2 2 7 3 2 13 6 1 4 3 1
19110920 807 3 3 3 1 1 0 2 1 0 0 0 0 1 0 2 0 0 0 1 0 13 3 2 1 4 1 1 2 5 2 2
19110921 932 6 3 1 3 3 1 1 1 0 3 1 0 0 0 0 3 0 3 1 3 4 2 13 3 3 0 2 5 4 2 2 3 0 0
19110922 842 10 1 1 2 2 1 1 3 3 3 3 1 0 2 1 0 0 0 0 4 2 4 13 3 2 0 2 3 6 3 4 5 4 1 1 0 3 2
19110923 962 8 3 3 1 3 2 1 3 2 1 0 2 1 0 0 0 0 2 2 4 0 2 0 0 1 1 6 4 1 13 5 3 2 7 4 4
19110924 814 2 1 3 1 0 1 1 0 0 0 0 1 0 1 0 0 2 1 0 0 3 2 0 3 5 4 2 13 6 4
19110928 887 0 1 0 1 1 0 0 0 0 0 0 0 3 4 0 0 13 9 2 0 6 4 4 0 2 3 5 1
19110929 861 4 1 3 2 2 1 0 1 1 0 0 0 0 1 2 1 3 1 0 0 3 6 2 3 3 4 4 3 4 1 13 2
19110930 760 4 1 2 2 1 1 0 2 1 0 0 0 0 2 2 0 3 6 1 4 3 6 8 3 3 0 2 13 0 0 4 1
19110931 797 4 2 1 2 1 1 0 1 1 0 0 0 0 2 2 0 0 0 2 4 2 3 5 1 0 6 5 3 0 5 7 13
19110932 902 7 1 3 2 3 2 1 2 1 0 3 1 0 0 0 0 2 3 2 0 3 1 0 1 2 5 0 4 6 3 0 4 2 13 1
19110933 762 7 2 3 1 3 2 2 1 1 0 1 1 0 0 0 0 2 3 2 1 3 3 0 1 1 2 6 5 7 13 4 2 3 3 2
19110934 790 0 1 0 3 1 0 0 0 0 0 0 0 3 5 3 2 13 6 2 1 2 4 3 5 1 1 3 0
19110935 739 4 1 3 1 2 1 0 1 1 0 0 0 0 2 1 1 0 4 2 1 0 3 2 13 3 5 6 5 0 2 3 4
19110936 906 9 1 1 3 3 3 2 1 1 2 1 0 2 1 0 0 0 0 4 2 3 4 13 3 8 1 0 2 3 4 2 3 0 1 2 0 0
19110937 890 8 3 2 2 3 3 1 1 3 1 0 1 1 0 0 0 0 2 2 4 1 0 0 0 13 3 5 0 5 3 8 2 5 5 0 2
19110939 807 8 1 1 3 3 3 2 2 2 1 0 1 1 0 0 0 0 2 3 3 3 3 3 0 6 4 5 2 13 3 4 1 0 0 3 0
19110940 912 6 1 3 1 2 3 2 1 0 2 1 0 0 0 0 2 2 2 1 3 3 13 3 5 2 6 2 5 3 1 0 3 0 1
19110942 924 7 3 1 2 2 3 1 3 1 0 2 1 0 0 0 0 2 2 3 0 0 0 1 4 3 2 0 5 3 2 1 1 13 4 0
19110944 728 9 1 3 2 1 3 3 1 2 3 1 0 1 1 0 0 0 0 3 2 4 6 0 0 0 0 1 4 13 2 4 6 3 0 4 2 2
19110946 883 4 1 2 1 2 1 0 2 1 0 0 0 0 2 2 0 13 5 4 0 5 3 2 3 8 3 1 3 1 0 0 0
19110948 904 7 2 1 3 3 2 2 3 1 0 2 1 0 0 0 0 1 3 3 3 0 1 0 0 3 0 0 3 5 3 1 0 13 3 1
19110949 956 1 2 1 0 1 1 0 0 0 0 0 1 0 13 8 4 0 1 1 4 3 4 6 2 0 3 2 3 0
19110950 881 11 2 2 2 3 3 3 2 3 1 1 1 1 0 1 1 0 0 0 0 3 4 4 0 3 0 0 3 1 3 4 2 4 5 7 3 7 3 13
19110952 823 9 2 3 1 2 3 2 2 1 1 1 0 3 1 0 0 0 0 3 4 2 0 3 1 3 0 2 13 5 1 3 4 7 0 0 3 4
19110954 880 6 2 3 1 1 1 3 1 0 3 1 0 0 0 0 3 1 2 7 3 2 13 3 2 4 3 0 3 9 3 0 0 0 3
19110956 796 3 2 3 1 1 0 1 1 0 0 0 0 1 1 1 0 5 0 3 13 6 3 3 3 7 3 4 7 5 2 0
19110957 826 10 3 3 1 2 3 2 1 1 3 2 1 0 1 1 0 0 0 0 3 3 4 0 1 2 0 4 3 0 0 9 4 0 0 13 5 4 2
19110958 827 6 1 3 2 3 2 2 1 0 3 1 0 0 0 0 1 3 2 3 1 6 5 7 4 3 3 13 4 1 0 2 1 0 0
19110960 916 10 3 3 1 3 2 2 2 1 3 1 1 0 1 1 0 0 0 0 3 3 4 0 1 8 13 2 6 2 1 0 4 4 0 0 6 2 0
19110962 978 3 2 3 3 1 0 2 1 0 0 0 0 0 1 2 0 5 8 13 0 7 3 1 2 1 1 2 0 0 3 1
19110963 786 8 1 2 3 2 3 1 1 1 1 0 2 1 0 0 0 0 4 2 2 13 7 2 2 7 4 4 5 3 5 1 2 3 1 4 0
19110964 890 1 2 1 0 1 1 0 0 0 0 0 1 0 1 4 13 0 3 3 3 3 3 6 2 0 1 0 2 0
19110965 945 8 3 1 2 3 1 1 2 3 1 0 1 1 0 0 0 0 3 2 3 3 3 0 2 2 3 9 2 3 4 4 0 13 5 1 0
19110966 826 4 3 2 2 3 1 0 3 1 0 0 0 0 0 2 2 13 2 9 0 1 4 4 1 3 6 9 1 7 3 0 0
19110967 902 6 3 1 2 3 1 2 1 0 2 1 0 0 0 0 2 2 2 0 1 5 3 2 4 5 5 3 13 8 6 0 0 1 0
19110968 746 7 1 3 1 3 2 2 2 1 0 3 1 0 0 0 0 2 3 2 13 4 3 3 3 5 2 1 4 4 0 0 0 0 1 0
19110969 827 11 1 1 3 3 3 2 1 2 2 1 2 1 0 3 1 0 0 0 0 4 4 3 3 2 0 0 1 4 3 2 5 13 1 0 4 0 3 3
19110974 938 4 2 2 3 1 1 0 3 1 0 0 0 0 1 2 1 1 2 4 5 0 3 4 6 0 1 2 13 0 1 3 0
19110975 870 9 2 2 3 2 1 3 3 1 1 1 0 1 1 0 0 0 0 3 3 3 3 2 0 0 0 1 3 2 3 6 5 1 0 4 13 2
19110976 779 6 1 1 3 1 3 2 3 1 5 0.42857142857142855 6 0.2857142857142857 7 0.2857142857142857 3 1 2 2 3 0 0 4 4 1 0 2 3 3 0 3 4 13 2
19110977 885 7 3 1 2 3 2 2 3 1 0 1 1 0 0 0 0 1 3 3 3 0 0 0 3 4 3 0 1 4 2 1 13 4 9 0
19110978 824 3 2 3 1 1 0 2 1 0 0 0 0 1 1 1 3 13 5 2 0 4 5 4 0 1 4 3 0 1 0 0
19110982 1020 7 3 1 1 1 2 3 2 3 1 5 0.42857142857142855 6 0.2857142857142857 7 0.2857142857142857 3 2 2 2 0 2 0 4 1 2 0 1 3 5 0 3 4 13 3
19110985 801 3 1 1 2 3 1 8 0.18181818181818185 9 0.27272727272727276 10 0.54545454545454553 2 1 0 2 13 0 0 2 4 3 7 2 3 6 1 1 4 3 3
19110987 961 7 2 3 1 3 3 2 2 1 0 2 1 0 0 0 0 1 3 3 13 3 0 3 4 3 0 0 4 5 1 1 0 1 0 0
19110988 815 7 2 2 1 3 3 3 1 1 0 2 1 0 0 0 0 2 2 3 3 5 13 3 6 4 4 1 3 7 2 0 0 8 0 1
19110989 756 11 2 3 1 1 2 1 3 1 2 2 3 1 0 3 1 0 0 0 0 4 4 3 1 0 2 0 1 3 6 4 0 4 8 7 2 10 3 13
19110990 811 11 2 1 3 3 1 2 1 2 1 3 2 1 0 3 1 0 0 0 0 4 4 3 1 4 3 0 2 8 1 3 4 5 8 0 4 7 13 2
19110992 763 1 1 1 0 3 1 0 0 0 0 1 0 0 13 6 3 2 3 4 3 3 3 2 0 0 0 0 1 0
19110995 755 11 1 3 2 1 1 1 2 3 3 2 2 1 0 3 1 0 0 0 0 4 4 3 1 2 0 0 5 4 3 2 4 0 3 1 3 13 5 3
19110996 1022 0 1 0 2 1 0 0 0 0 0 0 0 3 3 4 3 2 13 1 1 1 3 4 0 0 0 2 3
19110997 897 0 1 0 2 1 0 0 0 0 0 0 0 1 1 0 0 5 3 2 2 3 13 3 3 2 1 1 0
19110998 888 1 1 1 0 3 1 0 0 0 0 1 0 0 2 3 5 13 3 5 4 8 0 3 1 7 0 2 0 0
19110999 934 3 3 3 2 1 0 1 1 0 0 0 0 0 1 2 3 13 3 1 3 4 2 0 2 5 3 2 1 1 0 0
19111000 875 3 2 1 3 1 0 2 1 0 0 0 0 1 1 1 0 2 4 9 4 3 1 2 4 5 4 1 13 3 3 1
19111001 899 7 3 2 2 3 1 3 1 1 0 1 1 0 0 0 0 2 2 3 0 13 7 3 5 8 4 3 0 1 5 0 2 0 3 2
19111005 792 2 1 3 1 0 2 1 0 0 0 0 1 0 1 13 2 1 0 3 3 0 0 2 6 0 3 3 1 0 0
19111007 854 4 2 2 3 1 1 0 1 1 0 0 0 0 1 2 1 4 1 13 5 0 5 2 4 3 0 6 4 3 0 0 0
19111008 782 7 2 1 1 3 1 3 2 1 0 1 1 0 0 0 0 3 2 2 13 3 5 0 9 3 5 3 5 2 3 0 3 2 0 3
19111009 850 5 2 1 1 2 3 1 0 3 1 0 0 0 0 2 2 1 0 2 4 3 0 5 3 3 1 1 13 3 2 6 0 0
19111010 960 1 2 1 0 1 1 0 0 0 0 0 1 0 3 3 5 5 4 6 13 3 0 4 1 0 0 3 0 2
19111011 925 8 2 1 3 2 1 2 3 1 1 0 1 1 0 0 0 0 3 3 2 3 4 2 13 0 6 4 2 3 4 8 3 9 0 1 0
19111013 788 0 1 0 3 1 0 0 0 0 0 0 0 3 2 4 8 3 5 3 0 1 3 13 3 0 1 0 2
19111014 865 7 1 3 1 2 3 2 2 1 0 2 1 0 0 0 0 2 3 2 2 3 13 3 1 3 0 0 3 5 1 0 0 1 3 0
19111016 939 4 3 2 1 2 1 0 3 1 0 0 0 0 1 2 1 1 2 0 0 1 4 3 0 6 3 5 2 13 6 5 1
19111017 762 9 1 1 3 1 1 3 2 3 2 1 0 2 1 0 0 0 0 4 2 3 1 2 3 2 5 3 13 0 3 7 4 0 0 3 0 0
19111018 872 5 1 1 3 1 2 1 0 2 1 0 0 0 0 3 1 1 0 3 3 2 4 5 1 3 3 4 13 3 0 0 0 2
19111020 810 8 3 1 1 1 3 3 2 1 1 0 2 1 0 0 0 0 4 1 3 2 1 0 0 2 4 0 4 0 2 13 7 4 8 3 3
19111023 939 7 2 3 1 1 1 2 3 3 1 4 0.54545454545454553 5 0.27272727272727276 6 0.18181818181818185 3 2 2 0 0 0 3 0 3 2 13 3 3 3 5 1 5 2 3
19111024 750 0 1 0 1 1 0 0 0 0 0 0 0 0 1 2 3 3 4 6 4 0 2 4 3 0 13 8 3
19111026 929 10 1 2 3 2 3 1 1 1 3 3 1 0 2 1 0 0 0 0 4 2 4 2 4 13 0 1 4 5 0 1 2 1 0 0 3 2 2
19111027 911 3 1 3 2 1 0 1 1 0 0 0 0 1 1 1 1 0 3 3 0 2 6 4 2 3 5 3 0 4 5 13
19111028 1022 3 3 1 1 1 0 2 1 0 0 0 0 2 0 1 1 7 4 0 1 2 2 3 2 3 13 0 0 3 0 0
19111029 710 9 1 2 1 3 3 1 3 2 2 1 0 2 1 0 0 0 0 3 3 3 2 1 0 0 13 3 2 0 3 5 5 3 1 6 1 4
19111030 691 7 1 3 2 2 1 3 3 1 0 1 1 0 0 0 0 2 2 3 3 6 7 13 3 6 8 1 2 4 3 2 0 0 0 5
19111031 905 3 3 2 1 1 0 3 1 0 0 0 0 1 1 1 3 3 3 2 1 2 4 3 13 6 1 1 2 0 0 0
19111032 963 8 3 1 2 3 1 3 2 2 1 0 1 1 0 0 0 0 2 3 3 0 1 2 0 0 5 3 0 0 3 4 5 8 13 3 4
19111035 836 7 1 3 2 3 1 1 2 1 0 3 1 0 0 0 0 3 2 2 4 4 4 3 1 5 4 3 2 13 2 1 0 2 0 0
19111037 937 7 1 2 3 3 2 3 1 1 0 1 1 0 0 0 0 2 2 3 0 0 0 2 0 0 0 3 0 1 2 13 3 4 5 3
19111038 865 10 3 1 3 1 3 2 2 1 1 2 1 0 2 1 0 0 0 0 4 3 3 5 1 4 3 3 2 1 0 13 5 3 0 3 2 3 0
19111039 788 5 1 2 2 1 3 1 0 3 1 0 0 0 0 2 2 1 1 2 0 0 2 4 3 13 2 1 7 8 3 3 1 4
19111040 817 1 1 1 0 3 1 0 0 0 0 1 0 0 1 1 7 13 2 5 7 3 0 2 5 3 0 2 0 0
19111041 902 0 1 0 2 1 0 0 0 0 0 0 0 3 2 3 1 0 1 5 2 0 13 5 3 3 4 1 3
19111043 894 4 2 3 1 3 1 0 1 1 0 0 0 0 1 1 2 2 3 2 3 3 6 4 0 8 5 2 0 13 1 3 1
19111044 749 1 3 1 0 2 1 0 0 0 0 0 0 1 0 1 2 0 0 3 0 1 3 7 5 6 13 4 5 3
19111045 970 7 2 1 3 2 3 2 1 1 0 1 1 0 0 0 0 2 3 2 13 5 1 2 3 5 1 0 2 0 3 0 3 0 0 0
19111047 858 0 1 0 3 1 0 0 0 0 0 0 0 0 0 3 0 0 1 4 3 2 4 5 8 2 3 1 13
19111048 799 0 1 0 3 1 0 0 0 0 0 0 0 3 3 0 3 3 3 0 0 3 4 5 3 13 7 9 0
19111049 874 5 3 3 1 2 2 1 0 3 1 0 0 0 0 1 2 2 0 1 0 0 4 3 13 0 0 3 3 2 3 4 5 1
19111050 760 11 1 3 3 2 3 3 1 1 2 2 2 1 0 1 1 0 0 0 0 3 4 4 5 2 8 3 4 4 3 0 13 1 6 1 0 2 0 0
19111052 784 0 1 0 2 1 0 0 0 0 0 0 0 2 3 1 0 0 4 3 1 13 7 6 0 1 3 4 2
19111053 807 3 2 2 1 1 0 1 1 0 0 0 0 1 2 0 4 5 4 0 4 8 3 2 5 13 4 0 0 0 1 0
19111054 760 6 3 3 3 2 1 2 1 0 2 1 0 0 0 0 1 2 3 0 0 1 2 3 0 1 1 0 4 1 2 5 3 9 13
19111056 850 8 2 2 1 3 3 2 1 3 1 0 3 1 0 0 0 0 2 3 3 0 0 0 2 0 3 4 13 1 0 4 6 1 3 3 3
19111058 720 7 2 3 3 2 2 3 1 1 0 3 1 0 0 0 0 1 3 3 1 0 1 1 6 0 5 0 2 7 8 3 3 13 4 4
19111059 809 3 1 3 1 1 0 3 1 0 0 0 0 2 0 1 6 0 2 0 3 3 2 1 6 1 13 0 2 4 2 0
19111060 772 2 3 1 1 0 2 1 0 0 0 0 1 0 1 2 1 1 0 3 3 5 0 2 5 4 0 13 3 2 1
19111061 814 2 2 2 1 0 2 1 0 0 0 0 0 2 0 1 1 3 0 4 7 1 1 9 7 3 8 2 4 13 0
19111064 825 2 2 3 1 0 3 1 0 0 0 0 0 1 1 0 1 13 7 0 3 1 1 2 0 4 5 0 0 2 6
19111065 839 11 3 3 3 1 2 2 2 3 1 1 2 1 0 1 1 0 0 0 0 3 4 4 5 2 1 3 3 5 8 3 3 4 13 8 0 3 0 0
19111066 835 5 1 3 3 1 3 1 0 2 1 0 0 0 0 2 0 3 3 2 0 2 5 1 1 0 9 4 2 0 13 8 5 0
19111068 816 7 2 1 2 1 2 3 1 1 0 3 1 0 0 0 0 3 3 1 0 3 2 0 1 4 1 0 3 5 2 7 13 6 4 3
19111070 797 8 1 3 2 2 3 3 2 1 1 0 1 1 0 0 0 0 2 3 3 0 0 0 2 1 0 4 0 0 4 2 4 1 3 3 13
19111071 1005 5 3 2 3 1 1 1 0 2 1 0 0 0 0 2 1 2 2 0 0 0 3 4 4 0 1 8 3 3 13 3 4 3
19111072 961 6 3 3 3 1 1 1 1 0 3 1 0 0 0 0 3 0 3 0 2 13 2 0 4 3 2 2 0 3 3 0 5 3 1
19111073 868 7 3 1 3 1 2 3 3 1 0 2 1 0 0 0 0 2 1 4 1 4 1 13 0 3 5 2 0 2 0 2 0 0 1 0
19111074 877 7 1 2 3 1 3 1 1 1 0 3 1 0 0 0 0 4 1 2 2 0 0 0 3 5 3 2 4 3 4 0 13 7 5 2
19111075 706 4 2 2 3 3 1 0 3 1 0 0 0 0 0 2 2 3 13 2 3 7 5 6 4 1 3 4 1 0 2 1 1
19111076 873 6 2 1 1 2 3 1 1 0 3 1 0 0 0 0 3 2 1 3 1 2 3 0 3 3 13 4 5 4 3 0 3 0 2
19111078 872 8 2 3 3 1 2 1 3 2 1 0 1 1 0 0 0 0 2 3 3 3 4 0 0 1 2 0 0 13 10 3 2 1 6 4 4
19111079 820 11 3 2 1 1 3 2 1 3 2 1 2 1 0 3 1 0 0 0 0 4 4 3 13 2 3 1 2 6 6 3 3 1 1 0 0 0 0 2
19111080 1053 3 3 3 2 1 0 1 1 0 0 0 0 0 1 2 0 0 0 3 0 4 1 3 1 3 4 2 2 3 13 3
19111081 901 5 1 1 3 2 1 1 0 2 1 0 0 0 0 3 1 1 2 6 3 13 0 1 6 3 2 0 4 1 0 0 2 0
19111083 796 0 1 0 2 1 0 0 0 0 0 0 0 0 1 3 0 0 3 1 2 0 1 3 4 2 4 6 13
19111084 761 8 1 2 3 2 1 2 3 1 1 0 3 1 0 0 0 0 3 3 2 13 3 0 0 4 5 2 1 1 5 3 0 0 2 0 0
19111087 760 5 1 2 1 2 2 1 0 3 1 0 0 0 0 2 3 0 1 3 0 5 0 3 3 4 2 3 1 9 0 7 13 3
19111088 820 10 1 3 3 1 2 1 2 1 2 3 1 0 2 1 0 0 0 0 4 3 3 3 0 0 0 3 3 7 2 3 5 3 3 4 13 4 1
19111090 643 7 1 1 2 2 2 3 1 1 0 3 1 0 0 0 0 3 3 1 0 3 0 0 2 1 3 13 0 0 4 4 0 0 7 5
19111091 879 6 2 1 3 1 3 2 1 0 3 1 0 0 0 0 2 2 2 4 1 1 1 2 5 1 9 2 13 2 0 3 7 4 2
19111092 923 10 3 2 2 1 3 1 1 2 3 1 1 0 3 1 0 0 0 0 4 3 3 3 2 3 2 1 5 7 3 13 4 3 0 0 1 4 2
19111093 866 11 1 1 1 3 3 2 2 3 2 2 1 1 0 3 1 0 0 0 0 4 4 3 3 2 1 3 1 2 7 3 13 4 5 0 0 3 0 0
19111094 847 9 2 3 3 3 1 1 2 1 2 1 0 1 1 0 0 0 0 3 3 3 0 0 0 2 0 3 1 4 2 8 4 6 3 3 3 13
19111095 699 8 2 2 3 3 2 1 1 3 1 0 3 1 0 0 0 0 2 3 3 0 0 8 2 3 5 1 2 1 3 7 13 1 4 6 3
19111096 926 6 3 1 3 1 2 1 1 0 1 1 0 0 0 0 3 1 2 0 2 0 3 3 4 2 0 2 3 4 0 3 8 13 0
19111098 767 0 1 0 2 1 0 0 0 0 0 0 0 0 2 1 0 3 5 1 1 2 1 4 0 0 13 2 3
19111099 823 9 2 1 3 2 3 3 1 2 1 1 0 3 1 0 0 0 0 3 3 3 0 0 1 0 2 1 2 13 3 3 6 6 0 4 3 4
19111101 775 1 3 1 0 2 1 0 0 0 0 0 0 1 2 0 3 0 0 4 4 4 1 4 5 7 1 3 3 13
19111104 773 7 3 1 3 1 3 2 2 1 0 2 1 0 0 0 0 2 2 3 3 2 1 0 5 4 4 0 4 13 3 0 0 0 3 1
19111106 907 9 1 1 3 2 2 1 3 1 2 1 0 2 1 0 0 0 0 4 3 2 0 3 0 0 13 3 3 3 3 6 4 2 1 5 4 0
19111107 724 1 3 1 0 1 1 0 0 0 0 0 0 1 0 0 1 0 0 3 3 2 0 2 4 1 2 5 13 4
19111108 820 10 3 3 2 1 2 1 1 2 3 2 1 0 3 1 0 0 0 0 3 4 3 13 6 4 0 2 4 1 3 0 3 3 0 1 0 0 0
19111109 730 9 2 1 3 3 3 1 1 2 2 1 0 3 1 0 0 0 0 3 3 3 0 1 3 3 0 13 3 4 0 4 2 6 2 0 1 0
19111110 806 6 1 2 3 2 1 3 3 1 8 0.18181818181818185 9 0.27272727272727276 10 0.54545454545454553 2 2 2 3 0 1 0 0 1 6 2 2 6 4 4 1 4 2 13
19111113 826 6 2 1 1 2 3 3 1 0 2 1 0 0 0 0 2 2 2 0 3 1 3 0 6 2 1 4 7 4 3 3 6 13 6
19111114 710 6 2 2 3 1 2 3 1 0 1 1 0 0 0 0 1 3 2 0 1 0 1 3 3 4 2 0 4 6 3 3 5 8 13
19111115 1039 0 1 0 3 1 0 0 0 0 0 0 0 3 2 0 0 9 4 1 1 3 2 0 0 13 3 7 4
19111117 1038 10 3 3 3 1 1 2 3 1 2 2 1 0 2 1 0 0 0 0 3 3 4 1 3 3 13 2 3 6 1 0 4 3 1 0 0 0 2
19111118 837 10 1 3 3 2 1 3 3 2 2 1 1 0 2 1 0 0 0 0 3 3 4 0 7 2 0 1 5 3 1 1 0 2 0 3 13 4 5
19111120 813 11 1 1 3 3 1 3 3 2 2 2 2 1 0 1 1 0 0 0 0 3 4 4 3 1 0 3 0 3 4 6 3 6 7 8 0 3 2 13
19111121 671 3 3 3 1 1 0 2 1 0 0 0 0 1 0 2 0 2 4 1 3 2 13 3 6 4 4 4 1 2 0 1
19111122 591 7 3 3 2 2 3 1 1 1 0 1 1 0 0 0 0 2 2 3 0 0 3 2 0 4 1 0 2 1 4 13 0 3 2 4
19111124 914 9 3 2 3 1 1 2 1 3 3 1 0 2 1 0 0 0 0 3 2 4 0 1 1 0 1 5 8 2 0 3 3 3 2 13 2 3
19111125 815 6 1 2 1 1 3 1 1 0 2 1 0 0 0 0 4 1 1 0 3 5 0 0 1 8 5 0 1 2 4 2 13 2 2
19111126 826 0 1 0 2 1 0 0 0 0 0 0 0 4 3 3 13 0 5 7 6 0 1 5 5 3 0 0 0
19111127 1029 6 3 1 2 3 3 2 1 0 3 1 0 0 0 0 1 2 3 3 4 3 2 13 4 4 1 2 0 1 0 0 0 0 1
19111128 837 1 1 1 0 1 1 0 0 0 0 1 0 0 0 2 0 0 3 2 0 1 5 3 0 2 13 8 6 3
19111129 903 9 3 3 1 1 3 1 2 1 2 1 0 3 1 0 0 0 0 4 2 3 0 13 3 2 0 1 7 3 2 5 5 4 2 0 1 2
19111132 823 6 1 2 2 2 3 3 1 0 1 1 0 0 0 0 1 3 2 4 3 5 1 3 3 6 4 0 4 2 13 0 1 3 0
19111134 776 4 3 1 3 2 1 0 3 1 0 0 0 0 1 1 2 0 1 1 0 0 4 4 13 4 6 5 2 2 3 1 2
19111135 961 10 3 2 3 2 1 1 1 2 3 3 1 0 2 1 0 0 0 0 3 3 4 13 1 3 2 4 4 6 3 3 3 3 0 0 4 1 0
19111136 981 11 3 1 2 3 2 3 1 1 2 1 3 1 0 2 1 0 0 0 0 4 3 4 2 4 6 13 0 2 3 4 0 1 5 4 0 0 1 3
19111137 857 8 1 1 3 3 2 1 3 2 1 0 1 1 0 0 0 0 3 2 3 13 4 3 2 4 3 6 2 3 3 1 0 0 2 0 0
19111139 988 8 2 3 1 3 3 2 2 3 1 0 1 1 0 0 0 0 1 3 4 13 3 4 3 1 4 5 3 7 2 1 2 1 0 5 0
19111140 905 3 2 1 2 1 0 1 1 0 0 0 0 1 2 0 2 3 13 4 0 1 5 4 0 4 3 5 0 3 0 0
19111141 784 6 1 3 3 2 3 1 1 0 2 1 0 0 0 0 2 1 3 2 0 2 0 0 1 3 1 0 3 5 6 0 3 6 13
19111142 810 7 2 3 1 3 2 2 3 1 0 2 1 0 0 0 0 1 3 3 13 4 4 0 3 5 1 0 3 6 1 1 0 2 1 0
19111143 746 11 2 1 2 3 2 3 3 1 3 2 1 1 0 1 1 0 0 0 0 3 4 4 2 3 3 1 0 4 2 13 2 7 1 1 0 3 5 4
19111144 672 11 3 1 1 1 2 3 1 2 3 2 3 1 0 2 1 0 0 0 0 4 3 4 3 0 5 13 0 0 3 4 0 3 3 3 0 1 0 2
19111145 728 6 2 1 3 3 2 1 1 0 2 1 0 0 0 0 2 2 2 0 4 4 13 0 0 4 4 0 1 6 4 1 0 0 2
19111146 848 6 3 1 1 1 3 2 1 0 3 1 0 0 0 0 3 1 2 4 9 5 13 0 1 3 2 2 1 4 0 2 3 2 0
19111149 886 0 1 0 1 1 0 0 0 0 0 0 0 7 3 13 0 2 3 6 0 1 4 3 0 0 0 2 3
19111151 750 7 2 3 1 3 1 2 2 1 0 3 1 0 0 0 0 2 3 2 0 0 1 0 5 1 0 2 6 5 5 0 13 8 9 3
19111152 966 1 3 3 1 8 0.18181818181818185 9 0.27272727272727276 10 0.54545454545454553 0 0 1 0 1 0 1 2 3 13 0 1 3 2 0 5 4 2 0
19111154 926 6 3 2 3 2 3 2 1 0 1 1 0 0 0 0 0 3 3 1 3 7 3 3 13 1 0 6 4 2 0 0 0 1 0
19111155 832 2 3 3 1 0 3 1 0 0 0 0 0 0 2 0 1 0 0 0 4 3 5 2 6 1 0 0 13 4 2
19111156 1042 1 2 1 0 2 1 0 0 0 0 0 1 0 0 3 1 0 3 5 13 0 3 2 1 1 5 3 3 0
19111158 757 10 2 1 3 3 3 2 2 1 1 2 1 0 1 1 0 0 0 0 3 4 3 0 1 3 0 3 2 8 0 0 4 3 5 0 13 3 4
19111166 1005 7 3 1 2 2 3 1 3 1 0 3 1 0 0 0 0 2 2 3 6 1 0 2 3 2 1 0 4 5 4 0 13 3 4 0
19111167 949 0 1 0 3 1 0 0 0 0 0 0 0 13 5 3 1 5 8 4 0 3 2 3 0 3 0 0 0
19111168 934 9 1 2 3 3 2 2 1 3 1 1 0 1 1 0 0 0 0 3 3 3 2 3 0 0 13 5 1 3 7 2 4 3 3 6 3 3
19111169 994 3 1 3 3 1 0 1 1 0 0 0 0 1 0 2 0 1 2 0 13 2 2 0 9 7 6 2 3 6 3 1
19111170 790 4 1 2 2 3 1 0 3 1 0 0 0 0 1 2 1 1 1 0 1 3 6 1 2 2 4 4 3 3 5 13 2
19111171 936 5 3 1 3 1 3 1 0 3 1 0 0 0 0 2 0 3 2 3 0 0 1 4 6 9 2 13 5 0 2 3 1 2
19111173 936 10 1 3 2 2 3 1 3 2 1 2 1 0 3 1 0 0 0 0 3 4 3 1 6 3 0 3 5 2 0 2 1 13 3 3 0 1 0
19111174 825 7 3 3 2 2 2 1 3 1 0 2 1 0 0 0 0 1 3 3 0 4 3 3 1 0 5 4 0 1 3 13 0 0 0 1
19111175 945 3 2 3 1 1 0 3 1 0 0 0 0 1 1 1 2 0 0 0 1 0 0 2 1 4 5 0 13 5 3 5
19111177 905 2 3 3 1 0 3 1 0 0 0 0 0 0 2 2 4 1 1 13 3 3 0 3 4 3 0 2 1 0 2
19111178 736 9 1 2 2 2 2 3 1 3 1 1 0 1 1 0 0 0 0 3 4 2 0 0 3 0 3 3 7 3 2 5 3 0 13 1 4 4
19111180 882 3 2 1 2 1 0 3 1 0 0 0 0 1 2 0 13 3 1 0 3 8 4 2 1 1 3 3 0 4 2 3
19111182 731 9 3 2 2 2 1 3 2 3 1 1 0 1 1 0 0 0 0 2 4 3 0 4 3 7 3 6 3 2 1 4 5 5 0 13 3 1
19111183 869 11 1 2 1 2 1 3 1 2 3 2 3 1 0 3 1 0 0 0 0 4 4 3 1 0 0 3 0 3 2 13 0 0 3 9 0 4 4 5
19111184 885 11 3 2 1 1 3 2 1 2 3 1 3 1 0 2 1 0 0 0 0 4 3 4 2 0 0 0 13 1 3 2 3 5 1 3 2 5 6 1
19111185 756 1 1 1 0 1 1 0 0 0 0 1 0 0 0 0 2 3 0 4 2 5 1 5 6 3 2 3 8 13
19111186 809 8 2 1 3 3 3 2 1 1 1 0 1 1 0 0 0 0 3 2 3 7 2 0 0 4 3 0 0 3 3 0 0 4 13 4 2
19111187 804 11 3 3 2 1 1 2 3 1 3 2 1 1 0 2 1 0 0 0 0 4 3 4 2 0 0 0 1 2 0 0 5 5 1 0 13 3 4 3
19111188 914 3 2 1 1 1 0 3 1 0 0 0 0 2 1 0 4 3 2 0 1 5 1 3 2 13 3 0 2 3 0 3
19111189 871 4 1 1 2 1 1 0 3 1 0 0 0 0 3 1 0 0 2 2 6 3 3 4 5 3 4 7 13 0 0 2 1
19111190 817 7 3 3 3 1 1 2 2 1 0 2 1 0 0 0 0 2 2 3 4 6 1 13 0 2 4 4 6 4 3 2 0 3 1 1
19111191 872 7 1 1 1 2 3 3 1 1 0 3 1 0 0 0 0 4 1 2 0 2 0 0 4 3 0 2 3 4 3 0 13 4 2 7
19111192 948 6 2 3 2 1 2 2 3 1 4 0.54545454545454553 5 0.27272727272727276 6 0.18181818181818185 1 4 1 1 4 3 0 3 5 13 3 5 2 6 4 1 3 1 1
19111193 834 0 1 0 1 1 0 0 0 0 0 0 0 13 2 2 0 1 1 4 3 4 3 6 0 2 0 0 3
19111194 729 10 1 3 2 1 3 2 3 1 1 2 1 0 2 1 0 0 0 0 4 3 3 2 4 3 3 0 13 4 1 1 9 4 2 0 3 0 0
19111195 715 5 1 2 2 1 1 1 0 3 1 0 0 0 0 3 2 0 2 13 3 4 2 1 6 5 0 3 5 2 0 1 0 4
19111196 688 2 3 2 1 0 1 1 0 0 0 0 0 1 1 3 0 1 0 3 5 3 1 13 4 6 4 3 6 2 2
19111197 818 3 2 2 3 1 0 3 1 0 0 0 0 0 2 1 0 0 1 3 0 5 5 3 0 4 4 3 1 13 5 3
19111198 689 11 3 1 3 2 1 3 1 2 2 1 2 1 0 3 1 0 0 0 0 4 4 3 3 2 6 2 13 1 4 0 1 4 1 2 3 3 0 0
19111200 955 8 1 3 3 1 2 2 2 3 1 0 1 1 0 0 0 0 2 3 3 1 0 0 3 0 2 2 3 1 4 7 4 0 5 7 13
19111202 710 3 3 2 1 1 0 3 1 0 0 0 0 1 1 1 0 0 0 3 3 4 0 2 3 6 0 0 13 1 3 0
19111207 746 0 1 0 2 1 0 0 0 0 0 0 0 2 0 4 1 0 1 3 4 2 3 4 3 0 1 6 13
19111208 1015 5 1 2 1 1 1 1 0 2 1 0 0 0 0 4 1 0 0 3 0 0 0 2 3 13 0 5 3 6 2 2 1 4
19111209 851 2 3 1 1 0 1 1 0 0 0 0 1 0 1 2 4 0 0 2 4 3 3 3 3 3 0 8 7 13 0
19111210 889 2 1 3 1 0 2 1 0 0 0 0 1 0 1 3 8 13 0 2 6 3 0 0 3 1 0 0 0 3 3
19111214 786 0 1 0 2 1 0 0 0 0 0 0 0 0 2 7 13 0 3 1 4 1 5 1 4 2 4 3 3
19111215 891 2 3 1 1 0 1 1 0 0 0 0 1 0 1 5 0 6 2 0 4 5 4 0 2 4 4 0 13 4 3
19111216 845 10 2 2 2 2 1 1 3 3 3 1 1 0 3 1 0 0 0 0 3 4 3 4 2 3 13 1 5 6 7 0 7 5 2 0 1 3 1
19111217 1090 1 3 1 0 2 1 0 0 0 0 0 0 1 0 3 1 4 0 3 7 3 0 2 5 4 1 4 4 13
19111218 818 7 3 2 1 3 2 2 1 1 0 1 1 0 0 0 0 2 3 2 9 4 13 0 4 4 3 0 0 6 5 0 2 0 1 3
19111219 930 11 3 3 2 3 1 1 1 2 1 3 2 1 0 2 1 0 0 0 0 4 3 4 0 0 1 4 0 2 2 4 2 1 4 4 0 1 3 13
19111221 694 5 1 2 2 3 2 3 1 7 0.2857142857142857 8 0.2857142857142857 9 0.42857142857142855 1 3 1 1 0 0 0 4 3 1 0 6 7 0 0 13 1 4 2
19111222 906 11 1 3 2 2 3 1 1 2 1 2 3 3 1 4 0.54545454545454553 5 0.27272727272727276 6 0.18181818181818185 4 4 3 2 6 8 4 3 1 13 3 0 0 0 1 0 0 2 3
19111223 912 7 3 2 3 2 1 3 1 1 0 2 1 0 0 0 0 2 2 3 0 0 3 0 0 1 0 1 2 0 0 4 0 6 5 13
19111224 785 11 3 3 1 3 3 1 1 1 2 2 2 1 0 2 1 0 0 0 0 4 3 4 2 1 0 0 5 4 13 1 2 4 5 0 3 1 4 2
19111226 866 7 2 1 3 2 1 2 1 1 0 3 1 0 0 0 0 3 3 1 0 1 0 0 2 3 3 2 0 1 8 4 3 3 3 13
19111228 711 9 1 3 2 2 3 1 1 2 3 1 0 1 1 0 0 0 0 3 3 3 2 3 0 0 2 3 13 0 0 1 4 3 3 7 4 0
19111231 874 11 2 2 3 3 3 1 2 2 1 1 1 1 0 3 1 0 0 0 0 4 4 3 1 4 4 13 2 6 8 5 3 0 7 3 0 1 2 0
19111234 964 2 1 2 1 0 3 1 0 0 0 0 1 1 0 3 4 3 13 0 6 5 4 0 1 4 2 0 2 0 1
19111238 831 2 3 1 1 0 1 1 0 0 0 0 1 0 1 0 0 2 2 1 4 2 1 3 6 2 0 13 3 3 4
19111241 945 1 2 1 0 3 1 0 0 0 0 0 1 0 13 3 1 0 3 3 3 1 4 5 3 0 4 2 0 0
19111242 910 0 1 0 2 1 0 0 0 0 0 0 0 13 3 2 1 1 8 6 3 1 3 2 2 3 1 0 0
19111243 753 10 1 1 1 2 3 2 2 3 2 3 1 0 3 1 0 0 0 0 3 4 3 0 9 4 3 2 4 5 13 1 4 3 3 0 0 6 1
19111244 972 1 3 1 0 1 1 0 0 0 0 0 0 1 1 2 4 13 0 5 5 3 0 2 0 1 0 3 0 2
19111245 870 7 3 2 2 1 1 3 1 1 0 3 1 0 0 0 0 3 2 2 13 5 3 0 3 5 2 3 1 6 3 0 2 0 2 1
19111246 873 5 3 1 2 2 2 1 0 3 1 0 0 0 0 1 3 1 0 5 3 13 2 3 3 4 0 0 1 1 0 0 3 1
19111247 760 7 3 3 1 1 2 2 1 1 0 1 1 0 0 0 0 3 2 2 2 9 4 3 13 8 6 2 2 1 7 4 2 3 1 0
19111249 802 10 1 1 3 2 1 2 2 3 1 3 1 0 2 1 0 0 0 0 4 3 3 0 1 8 4 3 5 2 3 3 1 13 3 0 3 0 2
19111251 957 4 2 2 1 3 1 0 2 1 0 0 0 0 1 2 1 3 0 0 0 0 5 2 1 4 4 3 13 1 1 3 7
19111253 811 3 3 1 2 1 0 2 1 0 0 0 0 1 1 1 13 8 6 1 2 1 6 4 7 4 4 5 0 2 1 3
19111254 781 6 2 3 2 1 1 1 1 0 3 1 0 0 0 0 3 2 1 1 3 13 3 3 6 5 3 2 3 4 0 4 2 0 3
19111257 753 9 1 1 2 1 2 2 3 3 2 1 0 1 1 0 0 0 0 3 4 2 0 3 5 5 3 0 4 13 0 5 4 9 0 0 8 5
19111259 881 5 1 1 3 1 2 3 1 8 0.18181818181818185 9 0.27272727272727276 10 0.54545454545454553 3 1 1 13 4 1 0 8 6 2 2 6 4 3 3 0 2 0 3
19111260 862 8 3 3 1 1 2 2 1 3 1 0 2 1 0 0 0 0 3 2 3 1 0 0 0 3 4 13 0 2 4 1 0 3 3 3 2
19111261 865 1 3 3 1 8 0.18181818181818185 9 0.27272727272727276 10 0.54545454545454553 0 0 1 0 13 5 3 2 1 5 2 1 3 1 4 0 2 0 0
19111263 864 2 3 3 1 0 1 1 0 0 0 0 0 0 2 0 0 0 1 1 3 2 3 2 3 4 4 0 13 2 4
19111265 775 5 3 2 2 3 3 1 0 3 1 0 0 0 0 0 2 3 0 1 13 1 1 6 4 2 0 3 1 0 2 2 0 1
19111267 761 5 3 2 1 3 1 1 0 2 1 0 0 0 0 2 1 2 2 0 2 0 1 1 5 4 3 1 13 6 5 2 4 0
19111269 750 7 3 2 1 1 2 3 2 1 0 3 1 0 0 0 0 2 3 2 6 3 6 8 1 13 1 6 2 2 3 0 3 1 3 0
19111270 772 5 3 1 3 1 2 1 0 1 1 0 0 0 0 2 1 2 2 1 4 13 2 3 4 7 0 2 6 4 0 3 0 0
19111271 778 0 1 0 2 1 0 0 0 0 0 0 0 3 3 4 13 3 4 7 1 1 5 6 6 2 3 4 0
19111272 797 0 3 1 6 0.33333333333333331 7 0.33333333333333331 8 0.33333333333333331 0 0 0 3 2 1 2 3 3 1 0 3 6 3 0 3 13 6 0
19111273 776 8 1 2 3 2 3 1 1 3 1 0 2 1 0 0 0 0 3 2 3 0 0 2 0 0 4 1 5 3 3 3 8 7 3 3 13
19111274 874 9 1 2 3 2 3 2 1 1 1 1 0 3 1 0 0 0 0 4 3 2 4 5 6 3 0 13 3 1 0 3 0 6 3 2 2 0
19111276 919 5 1 2 1 3 2 1 0 3 1 0 0 0 0 2 2 1 4 3 6 0 13 1 0 2 3 4 3 1 3 7 2 0
19111278 879 4 3 1 2 3 1 0 3 1 0 0 0 0 1 1 2 3 4 1 2 0 1 3 3 2 5 4 13 3 0 0 0
19111279 800 6 1 2 1 2 3 2 1 0 2 1 0 0 0 0 2 3 1 0 0 3 4 0 4 3 5 0 0 13 3 1 1 4 4
19111283 798 5 1 1 3 2 3 1 0 2 1 0 0 0 0 2 1 2 0 3 0 0 0 3 1 4 3 13 5 3 0 2 5 3
19111284 803 9 2 1 1 1 1 3 3 2 2 1 0 2 1 0 0 0 0 4 3 2 0 0 3 4 0 3 4 6 3 3 8 7 0 4 9 13
19111285 711 9 1 1 2 3 2 1 2 3 1 1 0 3 1 0 0 0 0 4 3 2 0 3 6 13 3 3 5 3 0 1 3 2 0 0 3 2
19111286 690 10 2 1 2 2 3 3 3 1 2 1 1 0 3 1 0 0 0 0 3 4 3 0 0 2 3 0 3 2 1 0 3 4 3 1 1 5 13
19111292 878 10 1 3 3 2 1 3 1 1 3 2 1 0 2 1 0 0 0 0 4 2 4 3 4 4 13 1 5 7 8 2 7 3 3 0 2 0 0
19111294 833 4 1 1 2 1 1 0 2 1 0 0 0 0 3 1 0 1 2 3 13 0 3 5 7 2 3 6 9 0 0 3 5
19111295 865 0 1 0 3 1 0 0 0 0 0 0 0 0 4 4 4 3 3 3 13 7 5 3 2 0 0 0 1
19111297 747 2 3 3 1 0 2 1 0 0 0 0 0 0 2 0 0 0 2 1 4 1 1 6 4 13 0 4 3 2 5
19111298 883 7 1 1 2 3 1 1 2 1 0 3 1 0 0 0 0 4 2 1 0 13 2 3 2 2 5 3 0 4 1 1 0 2 0 0
19111299 861 2 3 1 1 0 2 1 0 0 0 0 1 0 1 0 0 0 2 0 1 0 4 4 3 6 1 2 3 4 13
19111301 932 6 1 3 1 2 1 2 1 0 3 1 0 0 0 0 3 2 1 13 4 2 4 2 4 3 0 3 1 3 1 0 2 0 0
19111302 927 1 2 1 0 1 1 0 0 0 0 0 1 0 2 1 3 2 4 5 1 0 4 6 4 0 5 8 13 0
19111303 801 8 1 2 3 3 1 2 2 1 1 0 2 1 0 0 0 0 3 3 2 5 4 4 13 0 4 7 4 0 7 4 3 0 0 1 3
19111304 736 9 3 3 1 1 2 3 2 3 1 1 0 1 1 0 0 0 0 3 2 4 3 2 3 1 2 6 4 3 2 4 13 9 0 3 3 4
19111308 805 3 3 2 1 1 0 2 1 0 0 0 0 1 1 1 0 3 3 0 13 2 1 0 1 2 5 5 1 6 2 1
19111309 696 0 1 0 1 1 0 0 0 0 0 0 0 0 2 0 0 0 4 1 3 3 0 13 5 0 4 5 2
19111310 891 6 1 2 1 2 3 3 1 0 3 1 0 0 0 0 2 2 2 13 1 3 9 2 5 4 0 3 3 0 2 1 0 0 0
19111311 990 7 1 2 1 2 2 1 3 1 0 3 1 0 0 0 0 3 3 1 0 3 3 13 0 1 5 9 8 4 7 3 3 0 2 5
19111312 783 6 2 2 3 3 1 3 1 0 3 1 0 0 0 0 1 2 3 2 1 0 1 3 2 2 0 5 3 5 1 13 3 1 0
19111314 797 11 2 3 1 2 2 3 1 1 2 1 3 1 0 3 1 0 0 0 0 4 4 3 0 1 3 3 1 3 13 0 2 4 4 0 3 9 2 0
19111315 857 11 2 2 3 3 1 2 1 2 1 3 3 1 0 1 1 0 0 0 0 3 4 4 1 0 3 0 2 3 5 4 5 13 3 2 3 5 1 0
19111317 818 0 1 0 1 1 0 0 0 0 0 0 0 0 0 0 2 0 3 3 0 1 5 3 2 3 4 4 13
19111318 852 2 1 1 1 0 3 1 0 0 0 0 2 0 0 0 9 6 13 1 2 5 6 0 2 3 5 3 2 0 0
19111319 782 11 3 3 3 2 1 1 1 1 3 2 2 1 0 2 1 0 0 0 0 4 3 4 2 0 0 0 1 4 13 2 3 4 7 3 4 6 1 0
19111322 874 6 3 2 2 1 2 1 1 0 3 1 0 0 0 0 2 3 1 3 4 3 8 2 1 13 4 4 5 7 1 3 2 4 1
19111323 886 6 1 3 1 3 2 2 1 0 1 1 0 0 0 0 2 2 2 3 3 3 2 13 3 8 1 0 0 3 2 3 0 0 0
19111324 951 3 2 3 2 1 0 1 1 0 0 0 0 0 2 1 0 2 0 1 3 3 0 0 3 5 3 0 13 3 1 3
19111325 874 9 3 2 2 1 1 3 2 3 1 1 0 3 1 0 0 0 0 3 3 3 13 7 1 2 4 5 4 0 5 2 3 0 0 1 0 0
19111326 939 9 2 1 2 1 2 3 3 1 3 1 0 2 1 0 0 0 0 3 3 3 1 1 3 0 5 5 2 0 13 3 4 0 3 2 0 1
19111327 1085 7 2 3 1 3 2 3 1 1 0 2 1 0 0 0 0 2 2 3 1 3 1 2 0 5 3 1 0 6 13 1 3 7 2 2
19111328 918 4 3 1 3 2 1 0 1 1 0 0 0 0 1 1 2 1 8 6 2 4 3 0 0 13 2 2 1 0 0 3 0
19111329 897 2 3 2 3 1 6 0.33333333333333331 7 0.33333333333333331 8 0.33333333333333331 0 1 1 3 7 0 0 4 2 13 0 1 5 1 2 3 3 1 3
19111330 938 5 1 1 1 3 2 1 0 2 1 0 0 0 0 3 1 1 8 5 0 0 13 4 0 2 4 3 6 3 2 1 3 0
19111332 1019 6 3 1 2 2 3 1 3 1 8 0.18181818181818185 9 0.27272727272727276 10 0.54545454545454553 2 2 2 0 0 1 0 0 3 0 4 3 3 6 8 0 13 2 9
19111334 840 2 2 2 1 0 2 1 0 0 0 0 0 2 0 0 4 1 13 3 3 4 4 0 0 6 1 0 0 3 1
19111335 1031 6 2 1 1 2 2 3 1 0 1 1 0 0 0 0 2 3 1 0 3 0 13 0 3 4 8 3 0 3 8 0 3 0 3
19111337 726 2 3 3 1 0 1 1 0 0 0 0 0 0 2 0 2 0 0 0 5 1 3 1 7 2 2 3 3 13 6
19111338 848 4 2 3 1 3 1 0 1 1 0 0 0 0 1 1 2 0 0 0 2 1 13 7 5 0 3 5 4 0 2 3 3
19111339 908 10 3 2 3 2 1 1 2 1 3 2 1 0 1 1 0 0 0 0 3 4 3 0 1 0 3 1 4 5 2 1 2 13 5 3 2 4 4
19111342 1019 9 2 3 3 1 1 1 2 2 2 1 0 3 1 0 0 0 0 3 4 2 0 0 3 3 1 6 0 6 2 8 13 3 3 3 3 1
19111343 771 10 3 2 2 3 1 1 1 3 2 2 1 0 1 1 0 0 0 0 3 4 3 0 1 0 3 2 4 2 4 3 1 2 13 0 1 5 8
19111344 1038 9 3 3 2 1 1 1 1 2 2 1 0 3 1 0 0 0 0 4 3 2 3 0 0 0 3 2 4 1 9 5 1 0 13 3 2 2
19111346 871 6 2 1 2 3 1 3 1 0 1 1 0 0 0 0 2 2 2 4 4 1 0 6 13 3 0 4 3 0 0 2 0 0 2
19111348 818 10 2 2 3 1 1 3 2 3 1 3 3 1 7 0.2857142857142857 8 0.2857142857142857 9 0.42857142857142855 3 3 4 4 4 3 1 5 3 7 3 13 8 2 3 0 9 0 0
19111349 845 1 2 1 0 3 1 0 0 0 0 0 1 0 2 3 6 13 1 1 7 3 0 3 5 3 0 0 1 2
19111350 814 3 2 1 3 1 0 1 1 0 0 0 0 1 1 1 9 8 7 3 2 13 7 4 3 0 0 2 1 0 0 4
19111351 781 8 3 3 1 2 2 1 2 3 1 0 1 1 0 0 0 0 2 3 3 2 13 1 0 2 4 5 3 5 4 0 2 1 0 1 0
19111352 786 7 1 1 2 1 2 3 1 1 0 2 1 0 0 0 0 4 2 1 0 3 2 0 0 5 5 4 0 13 4 3 3 3 7 3
19111353 904 1 2 1 0 3 1 0 0 0 0 0 1 0 2 2 4 1 4 3 2 5 1 2 3 1 4 13 1 1
19111354 802 4 1 2 2 3 1 0 3 1 0 0 0 0 1 2 1 3 2 5 1 13 2 0 1 3 6 1 3 0 1 0 2
19111356 841 8 2 1 2 1 2 3 1 3 3 1 4 0.54545454545454553 5 0.27272727272727276 6 0.18181818181818185 3 3 2 2 4 1 0 4 2 3 0 3 13 3 0 5 1 3 3
19111357 668 11 1 2 1 2 2 1 3 3 1 2 3 1 0 3 1 0 0 0 0 4 4 3 2 0 1 13 3 4 6 7 0 0 3 6 0 0 3 0
19111358 988 1 2 1 0 1 1 0 0 0 0 0 1 0 13 3 1 4 4 6 4 0 3 2 3 0 1 2 0 0
19111362 916 1 1 1 0 1 1 0 0 0 0 1 0 0 3 13 2 1 1 5 4 3 2 3 2 0 4 2 3 0
19111363 981 11 3 2 2 3 1 1 3 1 2 3 2 1 0 1 1 0 0 0 0 3 4 4 2 2 13 0 5 4 1 2 6 8 1 3 5 1 0 0
19111364 859 2 2 1 1 0 2 1 0 0 0 0 1 1 0 0 0 5 1 0 2 7 2 1 6 3 8 3 4 1 13
19111365 904 6 2 3 1 2 1 1 1 0 2 1 0 0 0 0 3 2 1 0 13 4 1 0 1 4 2 3 4 3 2 2 3 1 0
19111366 870 2 2 3 1 0 3 1 0 0 0 0 0 1 1 3 0 0 0 3 4 6 2 7 5 13 1 3 3 1 8
19111367 778 3 2 2 3 1 0 3 1 0 0 0 0 0 2 1 9 13 1 3 4 6 3 1 3 7 5 2 0 0 0 1
19111368 906 4 2 2 1 1 1 0 3 1 0 0 0 0 2 2 0 2 0 1 0 13 6 4 0 5 1 4 3 4 3 2 3
19111369 789 10 3 1 3 2 2 1 3 1 2 1 1 0 3 1 0 0 0 0 4 3 3 13 5 4 2 2 3 1 1 4 6 4 0 2 8 3 0
19111371 828 5 2 3 2 2 1 1 0 1 1 0 0 0 0 1 3 1 0 3 4 2 0 3 5 4 0 4 6 1 1 3 4 13
19111373 873 7 3 1 3 3 1 2 2 3 1 8 0.18181818181818185 9 0.27272727272727276 10 0.54545454545454553 2 2 3 0 4 1 4 1 2 2 13 3 7 3 4 0 0 0 3
19111374 977 0 1 0 1 1 0 0 0 0 0 0 0 0 3 0 0 3 3 3 0 8 7 3 2 13 4 3 3
19111375 919 2 3 3 1 0 1 1 0 0 0 0 0 0 2 3 1 0 0 2 2 3 1 3 2 5 7 13 1 3 2
19111376 821 5 3 1 1 1 1 1 0 3 1 0 0 0 0 4 0 1 0 0 0 2 2 6 2 8 0 0 1 13 2 4 3 2
19111377 847 9 3 1 1 2 3 2 1 3 2 1 0 1 1 0 0 0 0 3 3 3 3 8 0 0 4 7 3 1 13 3 0 2 2 2 1 0
19111378 757 5 1 2 3 2 2 1 0 3 1 0 0 0 0 1 3 1 0 1 0 0 4 2 4 1 4 13 3 3 3 1 4 3
19111379 864 6 3 3 2 1 1 2 1 0 2 1 0 0 0 0 2 2 2 0 0 0 2 0 1 1 3 0 4 5 6 3 4 9 13
19111380 792 5 1 3 3 2 1 1 0 2 1 0 0 0 0 2 1 2 2 3 9 13 3 1 4 5 0 1 2 3 0 3 0 0
19111382 881 8 3 3 2 3 2 3 2 1 1 0 2 1 0 0 0 0 1 3 4 0 0 6 1 3 1 3 2 0 3 3 1 1 13 4 3
19111383 826 6 1 1 2 1 3 3 1 0 1 1 0 0 0 0 3 1 2 2 13 3 3 6 5 3 5 2 5 7 0 2 0 3 0
19111384 712 1 3 1 0 1 1 0 0 0 0 0 0 1 0 3 0 1 0 2 6 0 6 7 3 2 1 2 8 13
19111385 790 7 2 1 3 3 1 2 3 1 0 1 1 0 0 0 0 2 2 3 3 5 3 0 2 4 1 0 13 6 3 2 1 6 3 2
19111387 774 4 3 2 1 2 1 0 3 1 0 0 0 0 1 2 1 0 1 3 0 13 2 9 0 3 3 4 1 4 3 2 1
19111388 1045 11 2 2 3 3 1 2 2 1 3 1 1 1 0 3 1 0 0 0 0 4 4 3 2 13 4 0 1 3 4 0 1 3 7 3 2 2 0 1
19111390 781 11 2 1 1 3 2 3 3 2 1 1 2 1 0 3 1 0 0 0 0 4 4 3 3 4 2 3 0 1 13 3 3 3 4 3 0 1 2 0
19111391 1028 0 1 0 3 1 0 0 0 0 0 0 0 6 1 2 13 4 3 6 7 0 6 4 2 0 1 4 8
19111392 788 9 2 3 1 1 1 2 3 3 1 1 0 2 1 0 0 0 0 4 2 3 13 8 5 2 1 5 3 0 4 3 3 0 2 3 0 0
19111394 849 5 3 1 1 2 3 1 0 3 1 0 0 0 0 2 1 2 0 2 0 0 1 13 5 3 0 6 4 3 0 3 3 2
19111396 799 2 3 2 1 0 3 1 0 0 0 0 0 1 1 1 5 1 3 1 5 1 13 2 7 2 3 0 4 5 2
19111398 774 6 3 1 1 3 2 1 1 0 1 1 0 0 0 0 3 1 2 3 0 2 13 6 7 4 9 0 2 6 2 3 0 0 0
19111399 947 2 1 1 1 0 2 1 0 0 0 0 2 0 0 0 0 3 0 4 3 13 0 4 4 4 0 2 2 1 3
19111401 795 6 1 1 2 1 2 1 1 0 2 1 0 0 0 0 4 2 0 0 0 0 3 4 5 7 3 0 0 6 13 3 2 8 3
19111402 939 3 3 2 3 1 0 2 1 0 0 0 0 0 1 2 2 13 1 3 1 3 1 4 0 3 5 4 0 8 7 0
19111403 856 0 1 0 2 1 0 0 0 0 0 0 0 4 2 3 3 4 3 13 0 1 3 1 3 0 3 0 0
19111405 828 1 1 1 0 2 1 0 0 0 0 1 0 0 0 0 3 1 3 0 6 2 5 2 5 0 13 4 1 3
19111406 800 2 2 1 1 0 2 1 0 0 0 0 1 1 0 0 6 3 1 0 2 13 4 1 4 3 0 0 2 0 1
19111407 822 5 3 3 2 3 2 1 0 1 1 0 0 0 0 0 2 3 4 13 1 5 1 4 4 5 0 2 2 1 1 0 2 0
19111408 850 7 3 1 3 1 3 2 2 1 0 3 1 0 0 0 0 2 2 3 0 0 1 0 13 2 3 1 6 3 6 2 3 4 3 0
19111411 983 5 1 3 1 3 2 1 0 2 1 0 0 0 0 2 1 2 1 2 0 2 0 0 3 6 1 3 6 7 0 0 4 13
19111413 944 9 2 1 1 2 1 3 2 3 3 1 0 2 1 0 0 0 0 3 3 3 1 0 0 3 0 0 3 13 0 1 1 5 4 3 2 2
19111414 896 3 1 2 3 1 0 1 1 0 0 0 0 1 1 1 13 7 4 3 8 7 4 0 4 6 2 0 3 0 3 0
19111415 802 6 2 2 1 1 3 2 1 0 2 1 0 0 0 0 2 3 1 0 4 2 1 0 7 5 4 1 13 1 3 0 0 4 3
19111416 724 7 3 3 1 1 1 2 2 1 0 3 1 0 0 0 0 3 2 2 2 1 13 6 2 3 5 6 0 0 8 2 0 0 3 1
19111418 697 8 1 1 3 3 1 1 3 2 1 0 2 1 0 0 0 0 4 1 3 2 4 3 4 8 6 5 13 9 7 4 5 2 0 0 0
19111419 719 9 3 2 3 3 2 2 1 3 1 1 0 1 1 0 0 0 0 2 3 4 2 0 0 0 3 4 1 4 13 4 5 3 3 5 2 1
19111421 912 0 1 0 1 1 0 0 0 0 0 0 0 3 2 1 3 0 4 6 3 4 2 13 2 0 9 0 1
19111422 914 6 3 1 1 2 1 3 1 0 1 1 0 0 0 0 3 1 2 0 3 0 0 3 2 4 0 7 4 5 0 13 5 2 2
19111424 680 9 2 3 3 3 3 2 1 1 2 1 0 2 1 0 0 0 0 2 3 4 0 4 0 1 0 1 0 2 0 4 5 3 1 5 7 13
19111426 791 8 2 3 3 1 2 1 2 3 1 0 1 1 0 0 0 0 2 3 3 0 1 0 2 3 7 6 0 4 5 4 3 13 3 3 3
19111428 846 0 1 0 3 1 0 0 0 0 0 0 0 0 0 2 0 0 2 1 4 0 1 4 5 1 2 4 13
19111429 830 10 1 2 2 3 1 2 3 2 3 1 1 0 1 1 0 0 0 0 3 4 3 13 2 3 1 6 2 6 3 4 3 3 0 0 1 0 3
19111430 808 4 3 3 1 2 1 0 2 1 0 0 0 0 1 1 2 3 0 2 3 0 5 9 1 0 0 8 13 3 5 1 4
19111431 897 2 3 1 1 0 3 1 0 0 0 0 1 0 1 2 1 3 3 2 6 6 4 3 13 2 0 0 0 0 1
19111432 899 1 3 1 0 2 1 0 0 0 0 0 0 1 1 4 3 13 1 5 3 3 0 3 2 0 1 2 0 0
19111433 1002 9 3 1 3 3 1 2 1 2 2 1 0 1 1 0 0 0 0 3 3 3 13 2 2 2 3 4 6 1 1 3 4 0 0 3 0 0
19111434 958 8 2 2 2 1 3 3 1 1 3 1 5 0.42857142857142855 6 0.2857142857142857 7 0.2857142857142857 3 3 2 4 13 0 3 1 4 3 0 4 2 3 2 1 0 0 0
19111435 805 7 1 2 1 2 3 3 3 1 0 2 1 0 0 0 0 2 2 3 1 0 0 3 4 4 1 13 3 7 6 2 1 5 5 2
19111436 895 4 3 2 1 3 1 0 2 1 0 0 0 0 1 1 2 2 0 3 4 2 7 4 3 0 1 4 13 0 1 5 1
19111437 899 5 3 2 2 1 1 1 0 3 1 0 0 0 0 2 2 1 0 3 1 2 0 1 4 13 0 7 5 3 3 4 3 2
19111438 852 5 2 3 3 2 1 1 0 1 1 0 0 0 0 1 2 2 0 1 3 2 0 1 5 13 2 4 2 4 0 4 0 1
19111439 951 4 2 3 1 1 1 0 3 1 0 0 0 0 2 1 1 0 0 1 0 2 4 5 2 2 4 5 3 0 3 1 13
19111444 873 10 3 2 2 3 3 1 3 1 1 2 1 0 2 1 0 0 0 0 3 3 4 13 3 1 1 8 8 4 0 2 3 6 2 1 0 0 0
19111445 745 9 2 1 2 3 3 1 3 2 1 1 0 3 1 0 0 0 0 3 3 3 2 4 4 5 0 0 4 2 0 1 3 13 0 1 0 0
19111447 909 11 1 3 1 2 1 2 2 3 3 1 3 1 0 2 1 0 0 0 0 4 3 4 3 0 2 0 4 1 3 3 3 1 4 8 2 13 3 3
19111448 741 0 1 0 2 1 0 0 0 0 0 0 0 0 1 13 4 5 8 7 5 0 4 5 3 2 3 9 1
19111451 822 6 2 2 3 3 3 1 1 0 2 1 0 0 0 0 1 2 3 1 3 3 13 6 4 4 6 1 3 2 6 0 1 4 0
19111452 895 10 2 3 1 1 3 2 1 3 2 3 1 0 2 1 0 0 0 0 3 3 4 3 4 13 7 3 2 4 5 0 2 1 1 0 0 0 1
19111456 880 11 2 3 3 2 1 2 3 3 1 1 2 3 1 8 0.18181818181818185 9 0.27272727272727276 10 0.54545454545454553 3 4 4 4 3 6 3 5 1 2 0 3 13 0 0 0 1 0 0
19111457 849 6 3 1 1 2 1 3 1 0 3 1 0 0 0 0 3 1 2 2 3 2 1 2 13 6 1 5 0 4 0 2 3 0 0
19111458 933 2 2 3 1 0 2 1 0 0 0 0 0 1 1 1 0 5 0 2 3 1 0 4 3 1 1 3 13 4 2
19111461 681 9 2 1 1 3 2 2 1 3 3 1 0 1 1 0 0 0 0 3 3 3 1 13 3 3 3 3 6 0 2 3 5 0 2 0 0 3
19111465 948 3 2 3 1 1 0 2 1 0 0 0 0 1 1 1 4 13 3 3 3 4 5 7 3 5 3 0 1 0 0 0
19111466 857 10 2 1 2 2 3 2 3 1 1 3 3 1 7 0.2857142857142857 8 0.2857142857142857 9 0.42857142857142855 3 4 3 0 1 1 0 0 5 7 0 0 4 2 3 3 4 13 0
19111467 879 10 3 1 3 3 2 3 2 1 1 1 1 0 2 1 0 0 0 0 4 2 4 2 0 1 0 0 0 6 3 1 13 2 1 4 2 2 4
19111468 817 0 1 0 3 1 0 0 0 0 0 0 0 0 0 0 9 13 4 1 2 3 2 6 2 1 1 3 0
19111470 839 5 1 1 3 2 1 1 0 2 1 0 0 0 0 3 1 1 8 2 0 0 4 4 2 0 3 1 5 2 3 1 13 0
19111471 745 10 1 1 3 1 2 2 3 3 3 2 1 0 1 1 0 0 0 0 3 3 4 0 0 3 0 3 2 0 0 2 5 6 1 13 8 1 2
19111472 846 8 2 3 3 3 2 1 2 1 1 0 2 1 0 0 0 0 2 3 3 0 3 3 0 0 5 8 3 3 4 5 3 1 1 4 13
19111473 753 7 3 3 1 2 2 1 1 1 0 3 1 0 0 0 0 3 2 2 2 7 7 13 5 4 3 3 3 3 3 1 0 0 0 2
19111474 858 6 1 2 2 1 3 1 1 0 2 1 0 0 0 0 3 2 1 2 2 0 1 0 5 5 3 0 1 13 3 0 4 4 9
19111476 953 7 3 2 3 3 1 1 2 1 0 2 1 0 0 0 0 2 2 3 1 13 3 0 3 5 3 5 3 2 4 1 3 0 0 0
19111477 1142 0 1 0 2 1 0 0 0 0 0 0 0 1 4 9 13 2 3 4 1 0 3 2 1 0 0 3 4
19111478 932 3 2 3 3 1 0 1 1 0 0 0 0 0 1 2 0 1 0 4 0 1 4 13 0 4 6 4 2 8 3 2
19111479 703 10 3 2 2 3 2 2 3 1 1 1 1 0 3 1 0 0 0 0 3 4 3 1 5 5 9 3 4 4 13 0 3 3 0 0 1 2 0
19111480 752 7 3 3 2 2 1 1 3 1 0 2 1 0 0 0 0 2 2 3 2 2 6 0 1 5 2 0 4 4 3 1 13 1 1 8
19111483 802 3 3 3 3 1 0 3 1 0 0 0 0 0 0 3 0 2 3 0 3 3 4 5 1 2 6 6 1 1 2 13
19111484 731 6 2 3 1 3 2 2 1 0 1 1 0 0 0 0 1 3 2 8 3 0 0 7 3 0 0 5 4 1 1 13 4 5 2
19111485 937 2 3 1 1 0 1 1 0 0 0 0 1 0 1 3 2 0 0 5 3 0 0 9 5 0 2 13 4 9 3
19111487 843 0 1 0 3 1 0 0 0 0 0 0 0 3 1 13 3 2 1 3 6 0 4 0 5 0 0 2 4
19111488 903 0 1 0 3 1 0 0 0 0 0 0 0 1 3 0 3 3 13 1 0 5 4 0 0 2 4 2 0
19111490 866 11 1 3 1 1 1 2 3 2 2 2 3 1 0 3 1 0 0 0 0 4 4 3 13 5 5 3 2 3 0 0 3 1 0 3 3 0 0 0
19111491 920 8 2 2 3 2 1 3 1 3 1 0 2 1 0 0 0 0 2 3 3 0 0 1 0 0 3 0 3 3 13 5 3 1 6 4 3
19111492 990 5 2 3 1 1 2 1 0 3 1 0 0 0 0 2 2 1 3 1 0 1 0 0 3 4 2 4 3 2 0 0 13 3
19111493 893 11 3 1 3 3 2 2 1 2 3 1 2 1 0 1 1 0 0 0 0 3 4 4 0 0 0 2 0 7 1 13 0 1 4 5 3 3 4 2
19111496 859 7 1 3 3 1 1 3 2 1 0 2 1 0 0 0 0 3 1 3 3 2 0 0 2 4 1 13 4 6 6 2 1 3 3 3
19111497 858 2 1 3 1 0 1 1 0 0 0 0 1 0 1 13 4 1 3 2 2 5 1 3 2 2 0 0 3 0 0
19111498 977 8 1 1 1 3 2 1 3 3 1 0 2 1 0 0 0 0 4 1 3 2 2 3 0 0 0 13 4 0 1 4 3 3 4 2 3
19111499 829 7 1 3 1 1 1 2 3 1 0 3 1 0 0 0 0 4 1 2 0 0 4 2 0 3 6 2 0 3 4 8 3 2 0 13
19111500 833 4 1 3 1 1 1 0 3 1 0 0 0 0 3 0 1 7 1 6 2 0 6 5 2 2 2 3 4 0 3 4 13
19111501 667 0 1 0 1 1 0 0 0 0 0 0 0 4 9 0 0 5 6 3 0 4 3 0 3 13 4 2 0
19111502 1018 11 3 3 2 2 2 1 3 1 2 3 1 1 0 1 1 0 0 0 0 3 4 4 0 0 1 0 0 0 2 4 0 4 4 5 2 1 5 13
19111504 1059 0 1 0 1 1 0 0 0 0 0 0 0 0 1 3 0 6 2 2 0 9 4 6 0 13 9 2 1
19111505 845 10 1 3 2 2 1 3 2 2 1 1 1 0 3 1 0 0 0 0 4 4 2 0 0 3 0 0 2 3 0 13 5 4 0 3 3 4 1
19111506 1018 0 1 0 3 1 0 0 0 0 0 0 0 1 6 4 13 3 8 9 2 1 3 3 2 3 2 1 0
19111507 868 7 3 2 2 3 1 1 1 1 0 1 1 0 0 0 0 3 2 2 2 0 3 2 0 4 1 4 0 2 4 7 0 4 5 13
19111508 759 6 3 2 2 3 1 2 1 0 1 1 0 0 0 0 1 3 2 0 0 0 3 0 5 1 5 3 1 3 2 3 4 5 13
19111509 861 2 3 2 1 0 1 1 0 0 0 0 0 1 1 0 6 3 2 0 3 5 1 0 13 2 3 1 3 0 0
19111510 939 0 1 0 2 1 0 0 0 0 0 0 0 0 3 2 3 0 4 6 3 8 1 3 1 0 13 5 4
19111511 753 1 2 1 0 2 1 0 0 0 0 0 1 0 0 3 0 3 13 2 1 3 4 4 5 1 6 1 0 0
19111512 799 0 1 0 1 1 0 0 0 0 0 0 0 1 2 7 0 13 4 5 3 9 2 3 3 4 3 4 0
19111513 988 10 3 2 1 3 1 3 2 2 2 1 1 0 3 1 0 0 0 0 3 4 3 4 3 0 1 1 7 5 3 9 1 3 2 13 2 3 0
19111514 890 8 2 3 1 3 2 1 1 2 3 1 8 0.18181818181818185 9 0.27272727272727276 10 0.54545454545454553 3 3 2 3 0 1 0 3 1 3 0 5 13 4 0 2 2 5 4
19111515 853 7 3 2 1 1 2 3 2 1 0 3 1 0 0 0 0 2 3 2 1 4 3 3 0 9 5 6 0 1 7 13 0 3 0 2
19111516 989 2 2 3 1 0 3 1 0 0 0 0 0 1 1 0 1 3 0 3 3 0 2 2 5 1 0 13 4 4 1
19111517 863 7 1 1 1 1 3 2 2 1 0 2 1 0 0 0 0 4 2 1 0 3 0 0 0 1 5 13 2 4 5 3 0 3 3 2
19111518 848 10 1 1 2 2 3 2 3 3 2 1 3 1 4 0.54545454545454553 5 0.27272727272727276 6 0.18181818181818185 3 4 3 0 3 0 1 2 3 3 0 4 1 3 9 13 6 4 0
19111520 872 7 3 3 1 3 2 2 2 1 0 2 1 0 0 0 0 1 3 3 13 4 5 1 1 4 4 0 1 2 0 0 0 0 0 1
19111523 759 9 3 1 2 3 1 2 2 1 3 1 0 1 1 0 0 0 0 3 3 3 2 0 1 0 0 0 3 3 3 0 2 6 3 6 7 13
19111524 885 0 1 0 2 1 0 0 0 0 0 0 0 13 1 3 3 4 8 6 1 2 3 5 0 1 2 0 0
19111526 982 8 2 2 3 1 1 2 3 3 1 0 1 1 0 0 0 0 2 3 3 5 1 1 2 2 4 5 3 13 2 5 0 1 0 0 0
19111528 871 0 1 0 3 1 0 0 0 0 0 0 0 3 2 4 2 0 1 13 3 0 1 1 2 3 0 3 6
19111529 927 2 1 2 1 0 1 1 0 0 0 0 1 1 0 13 4 3 3 3 3 5 4 2 2 4 1 3 0 0 0
19111531 820 7 1 2 3 1 3 3 1 1 0 2 1 0 0 0 0 3 1 3 3 0 0 0 13 6 4 0 4 5 4 0 4 1 2 2
19111534 899 1 3 1 0 1 1 0 0 0 0 0 0 1 2 0 3 0 2 5 3 2 0 1 4 8 0 1 9 13
19111535 753 6 2 3 1 3 1 1 1 0 2 1 0 0 0 0 3 1 2 0 0 0 2 3 3 0 0 0 2 4 1 0 5 5 13
19111536 920 11 2 1 2 3 1 2 3 1 3 1 2 1 0 3 1 0 0 0 0 4 4 3 4 3 5 2 13 3 0 1 4 3 3 0 1 5 7 2
19111537 1004 3 1 2 3 1 0 1 1 0 0 0 0 1 1 1 2 4 1 4 0 5 3 13 0 2 10 3 2 3 0 1
19111539 1048 6 2 1 1 3 1 3 1 0 3 1 0 0 0 0 3 1 2 0 0 2 1 2 5 6 0 3 8 5 2 0 13 5 4
19111540 994 9 2 3 3 1 1 1 3 3 2 1 0 2 1 0 0 0 0 3 2 4 0 0 2 0 0 0 2 1 5 7 1 0 3 7 13 0
19111541 837 5 3 2 2 3 1 1 0 2 1 0 0 0 0 1 2 2 5 13 3 0 1 3 4 0 3 0 7 3 0 1 3 0
19111542 990 8 2 2 3 1 3 2 1 3 1 0 3 1 0 0 0 0 2 3 3 0 1 2 1 0 2 4 6 1 4 5 3 0 4 6 13
