19110801 515 7 1 1 1 2 3 2 3 1 0 3 1 0 0 0 0 3 2 2 4 3 2 2 3 12 3 0 5 0 0 0 4 0 1 0
19110802 554 9 3 1 1 3 1 2 3 2 1 1 0 3 1 0 0 0 0 4 2 3 2 1 2 12 7 5 4 5 0 2 4 1 2 0 0 0
19110803 497 10 1 3 2 1 1 3 2 3 2 1 1 0 3 1 0 0 0 0 4 3 3 2 12 6 5 0 6 5 3 0 0 3 3 0 5 0 3
19110804 512 6 2 1 1 3 2 1 3 1 4 0.54545454545454541 5 0.27272727272727271 6 0.1818181818181818 3 2 1 0 3 3 0 1 7 4 12 2 3 3 5 0 3 4 2
19110805 522 8 1 1 2 2 3 2 1 3 1 0 3 1 0 0 0 0 3 3 2 5 4 4 0 7 5 3 2 12 0 0 0 1 5 0 0
19110806 525 7 3 3 3 1 2 1 1 1 0 3 1 0 0 0 0 3 1 3 3 12 4 4 4 3 4 2 5 0 0 0 3 2 0 0
19110807 495 1 3 1 0 2 1 0 0 0 0 0 0 1 12 3 2 0 1 5 6 0 2 5 3 0 0 1 0 1
19110808 542 8 3 1 1 3 1 3 3 2 1 0 2 1 0 0 0 0 3 1 4 12 1 2 0 7 6 3 2 2 5 4 0 0 1 0 0
19110809 512 9 3 1 2 3 2 1 3 2 1 1 0 3 1 0 0 0 0 3 3 3 3 3 3 0 6 12 5 1 8 5 6 3 4 0 2 0
19110810 522 5 2 3 2 3 1 1 0 2 1 0 0 0 0 1 2 2 0 3 0 0 0 1 12 3 5 3 3 3 3 1 1 2
19110811 578 0 1 0 2 1 0 0 0 0 0 0 0 3 4 4 12 1 0 8 5 0 0 5 1 0 0 3 2
19110812 447 8 2 3 1 1 1 1 2 2 1 0 3 1 0 0 0 0 4 3 1 0 8 7 5 0 4 5 12 3 0 4 4 0 2 3 0
19110813 567 10 1 2 2 1 2 3 3 3 1 2 1 0 1 1 0 0 0 0 3 4 3 2 1 5 12 2 1 4 5 0 3 0 3 0 0 0 3
19110814 478 10 3 1 3 2 1 2 3 1 2 1 1 0 2 1 0 0 0 0 4 3 3 0 0 2 3 0 0 4 1 3 0 2 6 0 1 12 3
19110815 482 0 1 0 3 1 0 0 0 0 0 0 0 0 12 7 4 0 4 4 3 0 2 5 1 3 0 3 3
19110816 569 3 2 3 1 1 0 3 1 0 0 0 0 1 1 1 0 0 3 1 0 1 5 2 1 3 6 8 2 4 2 12
19110817 575 11 1 2 2 2 3 1 1 3 3 1 3 1 0 2 1 0 0 0 0 4 3 4 12 7 5 3 1 5 6 2 3 3 4 3 1 0 2 0
19110818 471 3 2 1 3 1 0 3 1 0 0 0 0 1 1 1 0 0 0 2 3 0 3 3 1 3 4 7 0 0 4 12
19110819 441 4 2 1 2 3 1 0 1 1 0 0 0 0 1 2 1 5 1 0 0 1 3 0 0 3 12 2 0 2 4 4 3
19110820 554 2 2 1 1 0 1 1 0 0 0 0 1 1 0 0 1 4 12 2 5 4 7 0 1 5 6 2 4 4 2
19110823 590 4 2 3 1 2 1 0 3 1 0 0 0 0 1 2 1 2 4 7 2 2 4 12 0 3 5 8 1 0 1 1 1
19110824 568 5 2 1 2 2 2 1 0 3 1 0 0 0 0 1 4 0 0 0 6 0 1 5 12 3 4 4 1 0 4 4 1 0
19110825 556 0 1 0 2 1 0 0 0 0 0 0 0 1 0 3 5 7 5 5 12 2 6 3 6 3 6 1 3
19110826 436 10 3 2 3 3 3 2 1 2 1 1 1 0 1 1 0 0 0 0 3 3 4 2 12 3 4 3 1 3 4 0 2 6 3 0 0 2 1
19110827 519 8 3 3 2 2 1 1 2 3 1 0 1 1 0 0 0 0 2 3 3 0 0 0 1 0 2 3 2 3 6 4 3 3 1 12 4
19110828 531 8 1 1 2 1 3 2 3 2 1 0 2 1 0 0 0 0 3 3 2 0 0 0 3 0 3 4 3 3 3 7 3 4 8 1 12
19110829 511 5 3 2 1 3 3 1 0 1 1 0 0 0 0 1 1 3 12 8 3 2 3 8 0 0 3 4 3 2 1 4 0 0
19110830 500 10 1 1 1 2 2 3 1 2 3 2 1 0 3 1 0 0 0 0 4 4 2 4 5 12 3 1 3 6 0 2 3 3 0 3 0 3 0
19110831 553 2 1 3 1 0 3 1 0 0 0 0 1 0 1 2 4 0 2 3 3 0 1 2 4 12 3 2 1 3 1
19110832 526 1 3 1 0 2 1 0 0 0 0 0 0 1 12 5 3 0 5 4 1 0 3 1 1 0 0 2 0 2
19110834 581 10 3 1 2 1 2 3 1 3 1 3 1 0 2 1 0 0 0 0 4 2 4 12 2 3 0 6 4 4 0 4 3 1 2 0 2 1 0
19110835 532 9 3 2 3 2 1 2 3 3 1 1 0 1 1 0 0 0 0 2 3 4 3 3 2 0 4 6 3 0 12 4 4 1 2 0 1 0
19110836 551 2 3 1 1 0 2 1 0 0 0 0 1 0 1 12 5 0 0 1 5 4 0 3 6 1 2 3 2 0 0
19110837 614 0 1 0 2 1 0 0 0 0 0 0 0 2 4 3 12 0 3 6 6 0 3 7 1 0 0 1 3
19110838 581 11 3 2 2 3 2 1 1 2 3 1 3 1 0 1 1 0 0 0 0 3 4 4 1 4 4 5 12 7 4 2 2 4 0 0 1 0 0 0
19110839 522 11 1 2 1 2 3 3 3 2 2 1 1 1 0 3 1 0 0 0 0 4 4 3 0 5 12 3 0 3 4 5 0 2 1 0 1 2 0 0
19110840 483 3 2 2 1 1 0 2 1 0 0 0 0 1 2 0 0 5 0 0 1 1 4 2 0 9 3 1 3 6 7 12
19110841 530 0 1 0 3 1 0 0 0 0 0 0 0 2 3 0 0 0 4 3 3 3 8 1 3 0 12 6 3
19110842 541 6 2 1 3 1 3 3 1 0 2 1 0 0 0 0 2 1 3 0 12 5 3 4 5 4 2 4 6 3 4 1 2 3 1
19110843 577 0 1 0 1 1 0 0 0 0 0 0 0 0 0 1 3 2 0 2 0 5 3 3 0 12 5 3 0
19110844 549 3 3 3 2 1 0 1 1 0 0 0 0 0 1 2 2 0 3 2 2 3 4 1 1 3 6 1 12 7 3 0
19110845 497 11 1 3 3 3 2 2 1 2 1 1 3 1 0 2 1 0 0 0 0 4 3 4 12 5 4 3 7 5 3 0 4 3 2 0 0 1 0 0
19110847 518 2 3 3 1 0 2 1 0 0 0 0 0 0 2 1 3 4 3 0 1 5 1 0 2 3 12 0 0 2 0
19110848 610 7 1 3 2 3 2 2 2 1 0 3 1 0 0 0 0 1 4 2 0 1 0 0 3 3 0 0 7 2 1 1 8 12 4 1
19110849 579 8 2 2 3 3 2 1 3 3 1 0 1 1 0 0 0 0 1 3 4 3 8 7 12 3 6 5 3 1 4 1 2 1 2 0 0
19110850 460 9 1 1 2 3 2 2 1 3 3 1 0 3 1 0 0 0 0 3 3 3 0 0 0 2 0 0 1 4 1 1 5 4 0 12 2 2
19110851 500 6 3 1 3 1 1 2 1 0 2 1 0 0 0 0 3 1 2 0 0 2 0 0 0 1 3 0 3 4 6 2 4 5 12
19110852 565 4 2 1 3 3 1 0 2 1 0 0 0 0 1 1 2 0 2 2 0 1 1 6 0 4 1 1 0 2 5 12 3
19110853 494 8 3 1 2 1 1 2 2 3 1 0 2 1 0 0 0 0 3 3 2 1 1 0 0 4 5 3 0 7 4 2 3 12 4 3 0
19110854 566 4 1 3 2 3 1 0 3 1 0 0 0 0 1 1 2 1 0 2 0 0 3 4 3 0 2 7 3 0 1 3 12
19110855 576 6 2 1 2 1 3 3 1 0 2 1 0 0 0 0 2 2 2 3 12 5 1 0 4 4 4 3 0 2 0 1 0 0 0
19110856 551 0 1 0 3 1 0 0 0 0 0 0 0 0 2 1 0 12 7 0 0 5 4 6 2 4 1 4 3
19110857 579 1 1 1 0 2 1 0 0 0 0 1 0 0 0 0 3 0 2 3 3 3 0 4 6 12 0 1 4 4
19110858 558 7 3 3 1 1 1 2 1 1 0 3 1 0 0 0 0 4 1 2 0 0 0 2 2 2 4 6 0 4 3 3 0 6 3 12
19110859 485 1 3 1 0 1 1 0 0 0 0 0 0 1 2 1 0 0 12 6 1 2 1 4 4 0 4 3 2 2
19110860 579 7 3 1 3 3 3 2 1 3 1 7 0.1818181818181818 8 0.27272727272727271 9 0.54545454545454541 2 1 4 2 0 2 0 3 0 1 0 3 6 2 1 12 6 4 0
19110861 524 11 2 2 3 1 3 3 1 2 1 3 1 1 0 2 1 0 0 0 0 4 3 4 0 0 1 5 0 3 6 5 3 3 5 12 0 0 2 0
19110862 514 6 1 3 1 2 2 3 1 0 2 1 0 0 0 0 2 2 2 12 6 3 0 1 5 3 0 2 4 0 0 1 3 0 3
19110863 489 6 3 1 1 1 2 3 1 0 2 1 0 0 0 0 3 1 2 0 2 3 0 12 6 0 0 8 5 4 3 3 3 7 3
19110864 511 8 2 2 2 1 1 2 3 1 1 0 3 1 0 0 0 0 3 4 1 12 7 3 1 7 5 1 2 5 4 4 0 4 0 0 0
19110865 479 6 3 1 3 3 1 1 1 0 2 1 0 0 0 0 3 0 3 2 0 0 0 4 3 3 2 2 1 4 12 0 5 5 3
19110866 567 4 2 2 2 1 1 0 1 1 0 0 0 0 1 3 0 12 6 3 3 3 5 3 1 1 7 5 2 0 3 3 0
19110867 524 9 3 2 2 1 2 3 3 2 1 1 0 1 1 0 0 0 0 2 4 3 3 0 0 0 1 5 3 12 2 4 3 7 1 3 3 3
19110868 599 11 2 3 1 3 3 1 2 2 1 2 3 1 0 1 1 0 0 0 0 3 4 4 1 2 0 0 4 4 5 1 2 5 12 0 1 3 2 0
19110869 601 0 1 0 2 1 0 0 0 0 0 0 0 3 0 3 0 0 0 7 12 1 5 5 1 2 3 3 4
19110870 551 4 1 3 2 1 1 0 2 1 0 0 0 0 2 1 1 3 0 0 1 4 3 5 0 1 7 2 0 2 12 3 0
19110871 508 11 3 1 3 2 1 1 2 3 2 3 1 1 0 2 1 0 0 0 0 4 3 4 12 3 4 3 3 4 2 4 3 3 0 0 1 0 0 0
19110872 589 0 1 0 3 1 0 0 0 0 0 0 0 4 2 0 0 5 5 6 1 12 1 0 2 0 3 0 0
19110873 556 8 1 2 3 1 3 2 3 3 1 0 2 1 0 0 0 0 2 2 4 1 3 0 0 0 4 2 2 0 3 3 12 1 1 5 6
19110874 579 8 2 1 3 2 1 3 1 3 1 0 2 1 0 0 0 0 3 2 3 1 3 6 12 0 2 5 1 0 4 7 3 0 7 0 2
19110875 567 2 3 1 1 0 3 1 0 0 0 0 1 0 1 0 12 9 2 2 3 3 4 0 4 3 5 3 0 0 1
19110876 516 3 2 2 2 1 0 1 1 0 0 0 0 0 3 0 1 4 3 12 1 6 5 7 0 1 7 4 0 3 0 2
19110877 590 8 3 2 1 1 3 1 2 3 1 0 2 1 0 0 0 0 3 2 3 0 1 2 0 4 3 5 2 3 5 6 6 1 7 7 12
19110878 593 5 1 3 3 3 1 1 0 2 1 0 0 0 0 2 0 3 3 2 2 0 5 3 0 0 12 5 4 0 7 0 0 1
19110879 576 6 2 1 3 1 3 2 1 0 1 1 0 0 0 0 2 2 2 3 1 2 0 3 5 3 0 2 6 7 3 12 3 0 3
19110880 564 0 1 0 1 1 0 0 0 0 0 0 0 8 3 3 2 0 5 4 2 0 12 4 5 0 0 5 1
19110881 550 3 1 1 3 1 0 1 1 0 0 0 0 2 0 1 0 4 1 12 0 2 6 3 0 2 6 7 3 2 2 3
19110883 578 9 1 1 1 2 1 3 3 2 2 1 0 3 1 0 0 0 0 4 3 2 0 0 2 3 2 4 3 1 5 3 0 0 12 2 1 0
19110884 573 5 3 3 2 1 2 1 0 1 1 0 0 0 0 1 2 2 4 3 5 6 3 5 0 0 12 3 2 1 7 0 0 0
19110885 533 2 2 2 1 0 3 1 0 0 0 0 0 2 0 1 2 1 12 4 7 6 1 0 4 2 3 0 0 1 0
19110886 485 7 2 3 1 1 2 1 2 1 0 3 1 0 0 0 0 3 3 1 3 1 2 3 0 1 12 4 0 0 4 2 0 0 3 4
19110887 421 1 1 1 0 2 1 0 0 0 0 1 0 0 3 3 4 0 0 6 3 0 4 12 5 3 0 0 1 2
19110888 594 9 3 3 2 1 1 2 2 1 1 1 0 3 1 0 0 0 0 4 3 2 0 0 0 3 2 2 4 12 0 6 4 5 0 1 3 4
19110889 505 2 2 2 1 0 2 1 0 0 0 0 0 2 0 12 8 5 1 1 5 4 0 4 4 1 0 2 0 1 0
19110890 464 3 2 3 3 1 0 3 1 0 0 0 0 0 1 2 1 0 3 0 2 3 12 1 3 5 3 0 4 2 1 0
19110891 526 3 1 1 3 1 0 2 1 0 0 0 0 2 0 1 0 0 0 3 2 0 0 0 4 4 7 5 12 5 3 3
19110892 609 11 2 3 3 1 2 2 1 3 2 3 1 1 0 1 1 0 0 0 0 3 4 4 0 0 0 3 2 2 5 5 0 1 5 7 0 1 3 12
19110893 491 9 3 1 3 2 3 1 2 2 1 1 0 3 1 0 0 0 0 3 3 3 0 2 0 0 4 1 1 1 5 4 2 2 12 7 4 0
19110894 530 1 2 1 0 2 1 0 0 0 0 0 1 0 0 3 5 12 1 1 7 4 3 0 1 4 0 0 2 3
19110895 536 1 1 1 0 2 1 0 0 0 0 1 0 0 0 12 3 2 3 1 1 4 1 4 3 2 6 0 3 2
19110896 599 11 2 3 2 1 1 3 2 1 3 1 2 1 0 3 1 0 0 0 0 4 4 3 2 1 3 0 4 3 4 0 3 6 1 2 5 3 12 0
19110897 589 3 3 3 2 1 0 1 1 0 0 0 0 0 1 2 0 2 0 0 0 0 3 1 3 3 5 3 0 5 6 12
19110898 554 7 1 2 2 3 1 1 3 1 0 3 1 0 0 0 0 3 2 2 6 3 3 0 8 5 4 2 12 1 2 0 0 3 0 0
19110899 539 6 1 3 3 3 2 1 1 0 1 1 0 0 0 0 2 1 3 0 0 3 2 0 0 2 5 0 4 6 4 3 3 3 12
19110900 460 8 1 3 1 1 2 3 3 2 1 0 2 1 0 0 0 0 3 2 3 0 1 0 0 1 4 0 0 12 7 4 2 6 3 3 2
19110901 528 7 2 3 3 2 3 3 1 1 0 2 1 0 0 0 0 1 2 4 1 0 0 2 4 1 7 0 3 3 5 3 1 12 2 1
19110902 543 4 2 1 3 3 1 0 3 1 0 0 0 0 1 1 2 0 1 0 0 3 2 4 3 2 5 3 1 12 8 2 1
19110903 582 6 1 2 2 1 1 2 1 0 3 1 0 0 0 0 3 3 0 0 5 2 0 3 12 3 2 2 6 5 1 3 1 5 1
19110904 585 2 3 3 1 0 1 1 0 0 0 0 0 0 2 0 1 0 1 2 5 4 0 3 6 2 0 2 7 12 0
19110905 484 8 2 1 3 1 2 3 2 1 1 0 2 1 0 0 0 0 3 3 2 0 1 0 0 12 2 4 3 5 5 4 3 1 3 4 0
19110906 452 4 3 1 1 3 1 0 3 1 0 0 0 0 2 0 2 1 1 0 0 2 2 4 2 0 2 5 3 0 12 5 4
19110907 552 7 3 3 2 1 1 2 2 1 0 3 1 0 0 0 0 2 3 2 12 5 3 0 8 4 3 0 5 2 3 1 0 1 0 0
19110908 528 4 1 2 2 2 1 0 3 1 0 0 0 0 1 3 0 1 4 12 0 2 5 1 3 0 5 1 0 3 0 0 3
19110909 510 4 1 3 3 1 1 0 1 1 0 0 0 0 2 0 2 2 4 1 12 0 2 6 2 3 3 2 3 2 1 0 0
19110910 609 1 3 1 0 1 1 0 0 0 0 0 0 1 3 4 3 12 2 5 3 3 0 3 1 5 0 0 2 0
19110911 529 4 3 1 3 1 3 1 4 0.54545454545454541 5 0.27272727272727271 6 0.1818181818181818 2 0 2 3 3 4 12 0 3 4 6 2 2 2 6 0 0 0 1
19110912 417 7 2 3 1 3 2 3 1 3 1 7 0.1818181818181818 8 0.27272727272727271 9 0.54545454545454541 2 2 3 2 5 5 6 3 3 6 12 0 1 1 3 0 0 0 2
19110913 580 4 3 1 2 3 1 0 2 1 0 0 0 0 1 1 2 0 4 6 12 0 0 2 4 3 1 3 3 0 0 0 1
19110914 452 7 2 2 3 3 1 1 2 1 0 1 1 0 0 0 0 2 3 2 3 1 3 2 3 4 2 3 0 12 3 1 0 3 0 3
19110915 548 10 2 1 2 1 3 2 2 1 3 3 3 1 4 0.54545454545454541 5 0.27272727272727271 6 0.1818181818181818 3 4 3 3 0 1 12 4 3 5 3 0 4 4 3 1 0 2 0
19110916 554 1 3 1 0 2 1 0 0 0 0 0 0 1 2 0 0 0 3 1 5 0 12 6 3 1 5 4 4 3
19110917 570 9 1 1 2 1 3 3 2 3 2 1 0 1 1 0 0 0 0 3 3 3 0 0 2 0 3 4 1 3 3 1 5 12 0 8 2 2
19110918 545 0 1 0 1 1 0 0 0 0 0 0 0 12 4 2 3 4 1 4 0 2 3 1 3 2 0 0 0
19110919 500 0 1 0 2 1 0 0 0 0 0 0 0 3 12 8 3 1 2 5 5 4 2 1 1 0 3 0 0
19110920 520 10 2 1 2 3 1 1 2 3 1 3 1 0 3 1 0 0 0 0 4 3 3 0 1 4 12 0 4 5 2 3 5 2 3 2 1 0 0
19110921 586 1 3 1 0 1 1 0 0 0 0 0 0 1 0 2 2 0 1 4 5 1 2 4 6 4 0 6 9 12
19110922 553 7 2 2 1 1 3 1 3 1 0 2 1 0 0 0 0 3 2 2 3 0 0 1 3 2 3 4 0 0 12 4 0 1 5 2
19110923 555 11 3 1 1 2 2 3 1 3 3 2 1 1 0 2 1 0 0 0 0 4 3 4 4 2 2 12 0 6 4 4 0 1 1 3 0 1 0 2
19110924 612 10 1 1 3 2 3 2 3 1 1 2 1 0 2 1 0 0 0 0 4 3 3 0 0 0 3 0 2 4 6 4 8 1 3 3 3 4 12
19110925 537 5 3 2 2 1 2 1 0 1 1 0 0 0 0 1 3 1 3 4 0 0 3 2 0 0 4 1 1 0 12 4 1 2
19110926 565 11 3 1 2 3 2 1 2 1 1 3 2 1 0 3 1 0 0 0 0 4 4 3 1 0 3 12 0 4 4 6 0 2 2 3 0 0 0 1
19110927 510 1 3 1 0 2 1 0 0 0 0 0 0 1 1 4 3 12 3 4 5 1 0 4 7 2 0 2 0 1
19110928 557 7 2 3 1 2 2 2 3 1 0 1 1 0 0 0 0 1 4 2 0 12 7 1 2 9 1 1 6 5 4 5 1 3 3 2
19110929 544 8 2 3 3 2 2 1 1 1 1 0 3 1 0 0 0 0 3 3 2 1 0 0 0 0 3 0 0 4 12 3 0 5 5 3 2
19110930 479 4 3 1 1 1 1 0 3 1 0 0 0 0 3 0 1 0 2 0 2 3 2 5 3 0 3 6 8 0 12 7 5
19110931 485 5 1 3 1 2 2 1 0 3 1 0 0 0 0 2 2 1 12 3 0 0 5 6 3 3 2 5 0 0 0 0 1 0
19110932 587 11 1 1 1 2 3 2 1 3 3 2 3 1 0 2 1 0 0 0 0 4 3 4 0 3 3 12 2 6 5 4 1 8 6 4 0 3 0 4
19110933 544 7 2 3 2 1 2 3 3 1 0 2 1 0 0 0 0 1 3 3 12 5 1 3 8 5 3 0 5 4 1 0 1 3 0 0
19110934 441 4 2 1 1 1 1 0 3 1 0 0 0 0 3 1 0 2 0 0 0 4 2 0 0 4 4 3 0 12 6 4 3
19110935 554 11 3 1 3 1 3 2 2 2 1 3 2 1 0 1 1 0 0 0 0 3 4 4 12 7 8 0 4 5 4 0 4 2 1 2 1 0 0 0
19110936 576 10 1 2 3 2 1 2 3 3 2 1 1 0 3 1 0 0 0 0 3 4 3 3 0 0 1 4 5 0 0 6 3 3 0 12 4 3 0
19110937 483 2 1 1 1 0 3 1 0 0 0 0 2 0 0 0 3 2 1 0 2 12 5 0 4 2 4 2 1 4 4
19110938 523 1 3 1 0 2 1 0 0 0 0 0 0 1 0 2 0 0 3 0 3 0 7 4 5 1 12 4 3 1
19110939 508 7 3 1 1 2 3 2 2 1 0 1 1 0 0 0 0 2 3 2 0 3 0 0 12 3 3 2 5 4 6 0 1 1 2 0
19110940 591 1 1 1 0 3 1 0 0 0 0 1 0 0 0 3 0 4 0 2 4 12 2 4 1 5 3 5 4 3
19110941 554 1 2 1 0 1 1 0 0 0 0 0 1 0 4 3 0 0 1 2 2 5 4 4 5 1 3 12 7 3
19110942 554 2 1 3 1 0 1 1 0 0 0 0 1 0 1 0 0 1 3 2 5 0 0 7 5 2 2 12 3 0 0
19110943 535 4 1 1 2 3 1 0 2 1 0 0 0 0 2 1 1 1 4 12 6 2 3 5 4 0 0 0 4 0 0 0 3
19110944 478 4 1 3 1 3 1 0 3 1 0 0 0 0 2 0 2 0 2 0 3 0 3 5 0 0 2 3 5 1 3 12 2
19110945 524 0 1 0 2 1 0 0 0 0 0 0 0 4 4 5 3 4 12 1 0 4 2 4 1 0 3 0 0
19110946 511 10 1 1 3 1 2 2 2 3 1 2 1 0 3 1 0 0 0 0 4 4 2 0 3 0 0 3 4 4 0 12 5 3 2 4 3 1 0
19110947 517 0 1 0 2 1 0 0 0 0 0 0 0 0 0 0 2 1 1 3 12 4 7 6 7 3 4 4 4
19110948 553 11 2 1 3 2 1 3 1 1 3 3 2 1 0 2 1 0 0 0 0 4 3 4 1 1 0 0 2 3 0 0 5 5 3 2 12 8 5 0
19110949 538 9 2 1 3 3 1 3 1 1 3 3 1 6 0.28571428571428575 7 0.28571428571428575 8 0.4285714285714286 4 1 4 2 0 0 0 0 6 3 2 3 5 2 3 3 4 12 0
19110950 537 1 2 1 0 1 1 0 0 0 0 0 1 0 0 0 0 1 4 0 2 0 4 5 3 0 2 8 12 1
19110951 508 6 1 3 3 2 3 1 1 0 2 1 0 0 0 0 2 1 3 0 1 0 0 1 1 12 0 2 2 4 5 3 3 4 2
19110952 543 0 1 0 1 1 0 0 0 0 0 0 0 0 0 1 3 0 3 7 12 0 6 3 3 2 2 5 4
19110953 502 5 1 2 3 1 1 1 0 2 1 0 0 0 0 3 1 1 3 0 2 0 0 0 3 3 2 3 6 5 0 1 3 12
19110954 498 8 2 1 3 1 2 2 3 3 1 0 3 1 0 0 0 0 2 3 3 12 2 4 1 1 6 4 0 3 4 5 2 0 0 1 0
19110955 542 0 1 0 1 1 0 0 0 0 0 0 0 0 1 2 3 1 3 5 0 2 4 2 0 3 5 12 0
19110956 534 5 3 2 2 1 3 1 0 1 1 0 0 0 0 1 2 2 1 4 4 5 12 3 5 3 2 2 0 0 0 0 0 1
19110957 557 0 1 0 3 1 0 0 0 0 0 0 0 4 0 2 0 1 2 1 0 3 6 3 1 12 4 4 2
19110958 516 11 1 2 3 3 1 3 1 2 3 2 2 1 0 1 1 0 0 0 0 3 4 4 0 0 2 0 3 3 0 0 5 5 3 0 5 12 5 1
19110959 535 7 2 3 1 3 2 3 1 1 0 2 1 0 0 0 0 2 2 3 1 3 5 12 0 0 3 5 0 3 2 5 0 0 0 1
19110960 592 5 1 2 2 2 1 1 0 3 1 0 0 0 0 2 3 0 0 1 7 12 0 3 3 4 2 0 0 3 0 0 0 1
19110961 426 9 2 3 1 1 1 2 3 3 2 1 0 3 1 0 0 0 0 3 3 3 0 0 0 2 1 4 3 2 0 3 1 7 0 4 3 12
19110962 572 11 1 3 1 2 1 2 3 1 2 3 3 1 0 2 1 0 0 0 0 4 3 4 6 12 3 1 1 5 6 3 2 4 4 2 0 0 3 3
19110963 598 1 3 1 0 3 1 0 0 0 0 0 0 1 4 5 8 12 3 6 3 3 2 3 2 1 0 0 4 1
19110964 535 8 1 3 3 3 1 2 2 1 1 0 2 1 0 0 0 0 3 2 3 4 12 6 1 4 2 3 6 0 0 5 1 0 0 3 2
19110965 518 10 3 2 2 1 3 1 1 1 2 2 1 0 3 1 0 0 0 0 4 4 2 1 1 2 0 4 1 3 2 4 2 12 0 0 3 0 0
19110966 498 9 3 2 1 1 2 2 2 3 1 3 1 5 0.42857142857142855 6 0.2857142857142857 7 0.2857142857142857 3 4 2 0 0 1 0 2 4 1 3 6 4 3 0 12 7 5 3
19110967 566 3 3 2 2 1 0 3 1 0 0 0 0 0 2 1 3 3 0 0 4 5 1 0 7 6 4 3 12 1 1 2
19110968 479 11 2 2 1 3 3 1 1 2 2 3 3 1 0 1 1 0 0 0 0 3 4 4 0 12 6 1 2 4 3 5 0 3 3 3 0 0 0 3
19110969 487 5 2 3 1 3 1 1 0 2 1 0 0 0 0 2 1 2 0 4 4 12 0 0 3 3 2 0 6 5 0 0 1 3
19110970 563 5 2 3 3 1 1 1 0 2 1 0 0 0 0 2 1 2 1 2 2 0 6 7 3 0 5 4 6 1 12 3 4 0
19110971 583 2 3 1 1 0 2 1 0 0 0 0 1 0 1 0 5 1 12 1 1 5 8 2 2 6 6 0 2 3 0
19110972 512 11 3 2 2 3 1 1 3 3 1 2 1 1 0 2 1 0 0 0 0 4 3 4 0 1 2 0 0 1 0 2 1 3 7 4 0 2 4 12
19110973 503 11 3 3 1 1 2 1 2 3 1 2 2 1 0 3 1 0 0 0 0 4 4 3 3 4 5 12 5 4 7 2 0 3 1 1 0 0 0 2
19110974 509 5 3 3 1 3 3 1 0 1 1 0 0 0 0 1 0 4 4 12 5 0 3 5 2 1 2 4 3 2 3 0 0 0
19110975 471 10 1 1 2 3 2 3 1 1 3 2 1 0 2 1 0 0 0 0 4 3 3 3 0 1 0 1 3 5 3 2 4 4 12 0 2 3 3
19110976 471 10 1 1 3 2 3 2 3 1 2 3 1 0 1 1 0 0 0 0 3 3 4 2 5 0 2 12 2 0 0 4 1 4 3 1 6 3 0
19110977 503 8 3 3 1 2 1 2 2 2 1 0 1 1 0 0 0 0 2 4 2 1 3 3 12 0 3 4 4 0 3 6 3 0 0 5 3
19110978 559 3 2 2 1 1 0 2 1 0 0 0 0 1 2 0 12 8 1 0 7 3 1 0 4 3 0 0 3 1 3 2
19110979 578 6 3 1 1 2 1 1 1 0 3 1 0 0 0 0 4 1 1 2 3 3 12 0 3 5 3 0 3 3 4 0 0 2 2
19110980 578 7 3 2 2 3 2 3 1 3 1 5 0.42857142857142855 6 0.2857142857142857 7 0.2857142857142857 1 3 3 12 3 2 0 8 6 3 1 6 1 2 1 1 0 0 0
19110981 497 4 1 1 1 1 1 0 3 1 0 0 0 0 4 0 0 2 3 0 0 4 4 2 0 4 6 4 2 12 2 4 0
19110982 603 1 1 1 0 3 1 0 0 0 0 1 0 0 0 1 2 0 3 3 3 3 0 0 5 5 0 2 3 12
19110983 509 9 1 3 1 1 2 2 2 3 1 1 0 2 1 0 0 0 0 4 3 2 4 12 1 3 2 3 1 0 3 4 2 4 0 3 0 0
19110984 496 9 1 2 1 3 2 3 3 1 1 1 0 2 1 0 0 0 0 4 2 3 1 6 2 4 3 3 6 12 0 1 3 2 0 0 2 0
19110985 517 11 2 3 2 1 3 3 2 1 2 1 1 1 0 3 1 0 0 0 0 4 4 3 1 0 0 0 12 2 3 4 8 4 5 3 4 6 2 1
19110987 551 10 1 3 3 1 3 1 3 2 2 2 1 0 1 1 0 0 0 0 3 3 4 0 3 4 12 2 0 3 9 0 4 1 4 0 2 3 0
19110988 581 1 1 3 1 7 0.1818181818181818 8 0.27272727272727271 9 0.54545454545454541 1 0 0 5 0 0 0 2 4 3 0 2 12 1 0 0 3 0 7
19110989 534 10 3 3 1 2 1 3 3 2 2 1 1 0 1 1 0 0 0 0 3 3 4 0 3 5 1 2 1 5 4 0 2 3 12 0 2 0 7
19110990 440 9 3 1 1 3 3 2 3 1 2 1 0 1 1 0 0 0 0 3 2 4 2 0 0 0 2 4 1 0 2 5 6 2 12 7 1 0
19110991 513 0 1 0 1 1 0 0 0 0 0 0 0 0 0 3 0 2 3 1 3 7 4 4 4 12 6 3 2
19110992 459 1 1 1 0 1 1 0 0 0 0 1 0 0 4 4 5 6 3 2 3 2 1 12 3 0 0 0 0 2
19110993 552 10 2 3 1 1 2 2 1 2 3 3 1 0 1 1 0 0 0 0 3 4 3 2 5 3 0 3 5 0 0 1 4 6 3 4 12 0 3
19110994 504 10 1 3 3 3 2 2 3 2 2 1 1 0 1 1 0 0 0 0 2 4 4 3 5 12 3 2 0 5 2 4 0 0 1 1 0 0 1
19110995 457 6 3 2 3 2 3 1 1 0 1 1 0 0 0 0 1 2 3 0 0 1 0 0 3 4 2 3 5 4 5 4 4 6 12
19110996 596 4 2 2 1 2 1 0 3 1 0 0 0 0 1 3 0 0 0 3 0 0 2 1 1 5 4 5 1 4 7 7 12
19110997 537 5 3 1 1 2 1 1 0 2 1 0 0 0 0 3 1 1 0 4 5 12 4 2 5 3 2 1 3 1 0 0 0 2
19110998 517 5 3 2 2 1 3 1 0 2 1 0 0 0 0 1 2 2 0 0 4 3 1 4 1 0 3 3 5 1 12 7 2 3
19110999 601 9 1 1 2 3 1 3 2 2 2 1 0 3 1 0 0 0 0 3 4 2 1 7 12 3 2 5 3 0 2 1 2 0 1 1 0 0
19111000 468 0 1 0 2 1 0 0 0 0 0 0 0 3 0 1 0 12 3 0 0 5 1 2 3 4 4 3 0
19111001 664 10 3 3 1 1 1 2 3 2 2 1 1 0 3 1 0 0 0 0 4 3 3 10 12 5 1 3 3 4 5 0 0 3 2 0 0 4 2
19111003 531 0 1 0 1 1 0 0 0 0 0 0 0 3 4 6 12 3 5 3 2 0 3 6 4 0 1 2 0
19111004 589 10 3 2 1 3 2 1 3 2 3 1 1 0 1 1 0 0 0 0 3 3 4 0 2 2 0 1 6 12 0 2 2 3 3 1 3 1 0
19111005 507 9 1 3 3 1 1 3 2 2 2 1 0 3 1 0 0 0 0 3 3 3 5 12 3 0 5 7 3 2 3 4 1 1 0 0 0 2
19111007 643 2 1 2 1 0 2 1 0 0 0 0 1 1 0 12 8 5 0 4 6 6 0 3 4 0 0 2 1 0 1
19111008 533 9 1 3 2 1 2 1 2 3 3 1 0 3 1 0 0 0 0 3 3 3 0 1 0 0 2 4 3 4 0 3 6 4 0 12 8 5
19111009 590 1 2 1 0 3 1 0 0 0 0 0 1 0 0 1 3 2 4 1 2 0 8 5 3 1 12 5 4 0
19111010 593 2 3 1 1 0 1 1 0 0 0 0 1 0 1 0 2 12 4 2 5 4 3 0 0 3 3 1 0 2 3
19111011 470 10 1 1 2 2 3 1 3 3 1 2 1 0 2 1 0 0 0 0 4 3 3 4 1 1 1 2 2 4 4 0 3 5 12 0 3 2 0
19111013 490 3 3 2 1 1 0 3 1 0 0 0 0 1 1 1 2 1 0 0 0 0 7 3 0 0 4 7 0 3 5 12
19111014 528 11 1 3 2 3 2 1 3 2 1 1 3 1 0 2 1 0 0 0 0 4 3 4 0 2 0 1 4 4 3 1 4 5 3 2 5 7 12 0
19111015 573 8 1 3 2 2 3 2 3 1 1 0 1 1 0 0 0 0 2 3 3 1 2 8 12 3 5 7 3 0 4 6 1 0 0 0 2
19111016 564 3 3 1 3 1 0 1 1 0 0 0 0 1 0 2 0 0 0 2 1 4 3 2 7 5 4 3 12 2 1 2
19111017 548 6 2 1 2 1 2 2 1 0 3 1 0 0 0 0 2 4 0 3 0 0 0 1 5 3 0 5 0 5 6 12 7 3 1
19111018 512 7 1 2 2 2 1 2 3 1 0 3 1 0 0 0 0 2 4 1 1 0 0 0 3 4 3 12 0 0 3 6 0 3 1 4
19111019 608 0 1 0 2 1 0 0 0 0 0 0 0 7 12 3 0 4 3 0 1 1 0 0 0 2 0 0 0
19111020 480 9 1 2 2 3 1 2 2 3 3 1 0 1 1 0 0 0 0 2 4 3 0 0 1 3 4 0 3 0 8 5 3 0 12 7 4 0
19111022 512 11 2 3 3 3 1 2 3 1 2 2 1 1 0 1 1 0 0 0 0 3 4 4 0 2 1 0 12 7 3 3 4 3 3 0 1 2 0 0
19111023 589 2 3 1 1 0 1 1 0 0 0 0 1 0 1 2 0 0 0 12 3 0 0 4 4 0 0 3 5 2 3
19111024 472 7 3 1 3 2 2 3 3 1 0 1 1 0 0 0 0 1 2 4 1 1 3 0 2 5 2 2 0 1 7 4 3 3 4 12
19111025 559 8 3 1 2 1 3 2 2 3 1 0 3 1 0 0 0 0 2 3 3 0 1 3 2 0 3 1 0 3 6 3 0 12 3 2 1
19111026 504 3 3 1 1 1 0 2 1 0 0 0 0 2 0 1 0 0 3 1 0 2 3 3 3 5 4 2 3 4 12 3
19111027 548 4 3 2 3 2 1 0 2 1 0 0 0 0 0 2 2 0 1 5 12 1 6 4 1 0 2 0 4 0 0 1 0
19111028 556 10 3 2 1 3 1 2 1 2 3 3 1 0 2 1 0 0 0 0 3 3 4 0 4 0 0 0 2 4 12 0 5 1 4 1 3 3 3
19111029 527 11 3 1 2 2 1 3 3 2 2 3 1 1 0 1 1 0 0 0 0 3 4 4 12 6 1 4 3 0 3 2 2 3 1 0 0 0 3 0
19111030 536 6 2 1 2 3 1 1 1 0 2 1 0 0 0 0 3 2 1 0 2 3 12 1 1 3 7 0 0 4 6 2 3 0 3
19111031 544 7 2 2 3 1 1 3 2 1 0 1 1 0 0 0 0 2 3 2 5 3 3 1 8 5 7 2 12 3 4 0 0 3 0 0
19111032 546 6 3 1 2 1 1 2 1 0 3 1 0 0 0 0 3 2 1 2 0 4 0 0 1 2 4 3 4 4 3 12 7 3 3
19111033 594 10 3 2 1 2 1 2 2 3 1 3 1 0 1 1 0 0 0 0 3 4 3 12 3 2 1 7 5 3 0 5 5 3 0 3 0 0 0
19111034 504 10 2 3 3 3 2 2 1 1 1 1 1 0 3 1 0 0 0 0 4 3 3 0 2 3 0 0 3 4 3 1 2 1 2 3 3 3 12
19111035 518 9 2 3 3 2 1 1 2 1 3 1 0 1 1 0 0 0 0 3 3 3 3 2 3 12 3 5 4 1 0 0 4 3 0 0 0 2
19111036 574 3 2 3 1 1 0 2 1 0 0 0 0 1 1 1 1 0 5 0 2 3 4 3 3 3 3 3 0 12 1 7
19111037 555 5 1 3 3 2 2 1 0 2 1 0 0 0 0 1 2 2 12 5 3 2 4 4 1 0 4 7 1 3 1 0 0 0
19111038 472 4 1 2 1 2 1 0 3 1 0 0 0 0 2 2 0 0 4 7 12 0 4 8 4 3 3 4 1 0 0 0 2
19111039 452 8 2 1 1 1 1 3 3 2 1 0 2 1 0 0 0 0 4 2 2 0 1 4 12 0 3 3 2 2 5 0 4 0 0 3 0
19111040 525 2 2 3 1 0 2 1 0 0 0 0 0 1 1 0 1 0 2 1 4 6 3 1 3 4 7 3 3 4 12
19111041 546 7 2 2 2 1 1 1 3 1 0 2 1 0 0 0 0 3 3 1 3 5 1 12 0 6 5 3 3 0 4 3 0 1 2 0
19111042 547 8 3 3 2 3 2 2 1 1 1 0 1 1 0 0 0 0 2 3 3 3 0 1 3 0 2 4 4 0 1 6 2 0 5 12 8
19111043 494 2 3 3 1 0 2 1 0 0 0 0 0 0 2 3 4 12 0 2 4 1 0 1 6 4 2 1 3 3 0
19111044 523 9 2 1 2 3 2 3 2 3 1 1 0 3 1 0 0 0 0 2 4 3 1 2 3 1 1 4 3 5 3 12 3 2 0 1 0 0
19111045 557 8 3 1 2 1 3 1 1 2 1 0 3 1 0 0 0 0 4 2 2 4 2 0 0 4 1 1 2 5 4 6 3 2 2 12 0
19111046 484 7 2 1 1 2 3 2 2 1 0 1 1 0 0 0 0 2 4 1 1 5 8 0 3 5 3 0 12 4 3 0 3 0 0 3
19111047 511 9 1 2 1 3 1 1 2 3 3 1 0 3 1 0 0 0 0 4 2 3 2 4 6 5 3 12 7 5 0 0 5 3 0 0 7 2
19111048 479 2 1 3 1 0 2 1 0 0 0 0 1 0 1 3 1 0 0 1 5 3 0 2 4 3 2 3 4 12 0
19111049 436 7 3 2 1 2 3 2 1 1 0 2 1 0 0 0 0 2 3 2 0 1 1 12 3 2 2 5 3 1 4 5 0 0 0 1
19111050 494 7 3 1 3 2 2 3 2 1 0 1 1 0 0 0 0 1 3 3 12 2 4 1 3 6 5 0 0 1 2 1 3 0 0 0
19111051 477 11 3 3 2 1 1 2 2 2 3 1 3 1 0 1 1 0 0 0 0 3 4 4 0 0 4 1 0 12 5 3 0 8 4 3 7 1 2 2
19111052 482 2 3 2 1 0 2 1 0 0 0 0 0 1 1 12 8 5 1 4 4 3 0 3 3 3 0 3 0 1 0
19111053 502 9 1 3 2 2 1 2 1 2 1 1 0 3 1 0 0 0 0 4 4 1 0 3 8 0 0 5 5 1 7 6 3 2 3 12 4 5
19111054 522 1 3 1 0 2 1 0 0 0 0 0 0 1 12 1 5 2 4 5 1 3 2 2 4 0 1 1 0 0
19111055 562 7 2 3 1 3 3 1 2 1 0 1 1 0 0 0 0 2 2 3 7 4 1 0 4 6 5 2 2 8 12 0 2 0 1 0
19111056 540 0 1 0 2 1 0 0 0 0 0 0 0 0 3 0 0 0 0 1 2 1 3 4 12 0 6 5 4
19111057 570 10 1 2 3 3 3 3 1 2 2 1 1 0 2 1 0 0 0 0 3 3 4 1 0 0 0 0 0 0 4 3 3 6 5 0 7 4 12
19111058 448 9 1 1 3 2 3 2 3 3 1 1 0 1 1 0 0 0 0 3 2 4 3 2 3 0 3 4 3 0 4 5 7 4 2 12 0 6
19111059 526 10 2 2 2 3 1 1 2 1 3 3 1 0 1 1 0 0 0 0 3 4 3 0 4 4 12 0 8 4 3 0 1 3 4 3 3 2 0
19111060 536 10 3 1 3 1 1 3 1 2 2 3 1 0 2 1 0 0 0 0 4 2 4 3 1 0 0 2 6 5 0 4 5 4 0 12 6 4 2
19111061 539 1 3 1 0 1 1 0 0 0 0 0 0 1 3 4 4 12 0 0 5 8 0 0 4 5 3 0 2 0
19111063 499 0 1 0 1 1 0 0 0 0 0 0 0 5 4 1 2 12 3 3 2 2 4 0 0 0 1 0 3
19111064 492 7 1 2 3 2 1 3 1 1 0 2 1 0 0 0 0 3 2 2 3 0 3 3 2 12 5 2 6 4 1 3 2 1 1 0
19111065 454 5 2 3 3 3 2 1 0 2 1 0 0 0 0 0 2 3 7 12 5 3 6 1 4 2 1 1 5 3 1 2 1 0
19111066 578 9 1 2 3 2 1 2 3 1 1 1 0 3 1 0 0 0 0 4 3 2 0 0 4 2 0 0 12 3 0 0 5 5 3 7 5 3
19111067 555 0 1 0 1 1 0 0 0 0 0 0 0 0 0 3 0 3 12 2 3 6 2 0 0 7 3 1 0
19111068 580 3 1 2 3 1 0 1 1 0 0 0 0 1 1 1 1 0 2 0 1 4 5 2 5 4 7 3 2 12 4 0
19111069 539 11 3 2 3 2 2 1 1 2 1 1 3 1 0 3 1 0 0 0 0 4 4 3 3 1 4 12 2 1 5 1 2 4 3 2 1 0 2 0
19111070 587 11 3 2 3 3 2 2 2 1 3 1 1 1 0 1 1 0 0 0 0 3 4 4 0 3 3 4 3 3 4 6 0 3 1 12 0 0 0 2
19111071 592 4 2 1 3 3 1 0 1 1 0 0 0 0 1 1 2 12 2 3 1 1 5 0 0 4 4 4 2 0 2 0 3
19111072 498 11 1 1 1 2 3 2 2 3 3 2 3 1 0 1 1 0 0 0 0 3 4 4 12 3 2 0 8 4 4 0 5 4 1 0 2 1 0 3
19111073 482 8 2 3 3 3 2 1 3 2 1 0 1 1 0 0 0 0 1 3 4 0 3 5 3 0 0 3 12 1 1 0 5 2 2 4 1
19111074 644 0 1 0 2 1 0 0 0 0 0 0 0 3 0 2 3 7 1 3 0 7 3 4 0 12 5 1 0
19111075 500 7 2 2 3 3 1 3 1 1 0 1 1 0 0 0 0 2 2 3 0 0 0 2 12 5 0 0 5 5 1 0 2 1 2 4
19111076 528 5 2 2 3 2 1 3 1 5 0.42857142857142855 6 0.2857142857142857 7 0.2857142857142857 1 3 1 0 1 4 12 1 3 4 3 3 4 5 3 0 2 3 1
19111077 481 7 3 3 1 2 2 1 2 1 0 1 1 0 0 0 0 2 3 2 12 5 4 0 2 5 1 0 5 5 1 2 3 7 0 0
19111078 538 4 2 3 2 1 3 1 7 0.1818181818181818 8 0.27272727272727271 9 0.54545454545454541 1 2 1 0 0 2 0 7 1 2 0 8 4 1 3 12 1 4 0
19111079 509 9 1 1 1 2 3 3 3 2 3 1 0 1 1 0 0 0 0 3 2 4 2 0 0 0 12 3 3 2 4 3 5 3 3 2 1 0
19111080 595 11 2 3 1 3 2 2 3 2 3 1 1 1 0 1 1 0 0 0 0 3 4 4 0 1 2 3 3 0 3 5 0 2 6 12 1 0 3 0
19111081 507 9 3 2 3 1 2 1 1 3 3 1 0 1 1 0 0 0 0 3 2 4 2 0 2 0 2 2 3 1 0 1 5 4 0 8 12 3
19111083 556 3 1 3 3 1 0 2 1 0 0 0 0 1 0 2 0 2 1 2 0 4 6 1 3 12 2 3 0 0 0 1
19111084 401 2 2 1 1 0 2 1 0 0 0 0 1 1 0 1 3 12 0 2 5 5 8 7 1 2 0 1 3 0 0
19111085 591 7 3 1 3 2 2 1 3 1 0 2 1 0 0 0 0 2 2 3 0 0 0 3 4 3 4 0 6 4 5 1 12 3 2 1
19111086 578 9 3 2 2 3 3 1 3 2 1 1 0 1 1 0 0 0 0 2 3 4 0 2 0 0 1 5 3 0 3 5 7 6 12 3 2 1
19111087 522 0 1 0 3 1 0 0 0 0 0 0 0 3 3 0 0 7 4 1 1 12 2 4 0 0 3 0 2
19111088 479 11 1 2 3 3 3 2 2 1 1 3 1 1 0 2 1 0 0 0 0 4 3 4 0 0 0 1 3 0 2 12 0 1 6 6 0 2 0 3
19111089 513 10 3 3 1 3 2 1 2 1 2 3 1 0 2 1 0 0 0 0 3 3 4 5 3 4 3 0 3 12 4 0 5 4 0 0 1 3 0
19111090 491 5 1 2 1 1 2 1 0 3 1 0 0 0 0 3 2 0 2 5 12 2 4 4 1 0 3 3 0 0 0 0 3 0
19111091 573 0 1 0 1 1 0 0 0 0 0 0 0 0 4 0 0 4 2 0 0 5 3 3 1 12 3 2 3
19111092 489 6 3 1 3 3 1 2 1 0 2 1 0 0 0 0 2 1 3 0 3 1 2 2 4 0 0 5 4 5 1 3 12 3 0
19111093 528 1 2 1 0 3 1 0 0 0 0 0 1 0 0 12 1 3 0 6 4 2 3 3 4 1 0 1 2 3
19111094 474 8 3 3 3 1 2 3 1 1 1 0 2 1 0 0 0 0 3 1 4 2 2 0 0 3 4 12 1 4 3 5 0 3 2 1 0
19111095 526 3 3 2 2 1 0 1 1 0 0 0 0 0 2 1 0 5 8 12 0 4 6 1 1 1 4 2 0 0 2 3
19111096 504 0 1 0 2 1 0 0 0 0 0 0 0 0 0 1 0 1 4 1 2 2 7 5 0 3 12 5 0
19111097 588 9 2 1 3 3 1 3 2 2 2 1 0 1 1 0 0 0 0 2 4 3 1 7 5 12 3 4 4 7 0 3 0 6 0 3 0 0
19111098 522 6 2 2 3 3 2 3 1 0 1 1 0 0 0 0 0 3 3 0 3 3 12 1 1 4 3 3 4 6 3 0 2 1 0
19111099 474 8 2 1 3 3 2 2 3 3 1 0 1 1 0 0 0 0 1 3 4 1 8 3 12 2 3 6 4 0 3 2 1 0 0 7 1
19111100 571 4 1 3 2 2 1 0 3 1 0 0 0 0 1 2 1 0 0 0 8 2 4 1 12 0 1 5 3 3 5 3 5
19111101 569 0 1 0 3 1 0 0 0 0 0 0 0 0 2 3 0 1 3 4 1 2 6 4 0 12 7 1 2
19111102 542 5 3 1 1 2 3 1 0 2 1 0 0 0 0 2 1 2 2 1 7 12 3 5 6 3 0 4 4 0 0 0 2 1
19111104 568 1 3 1 0 1 1 0 0 0 0 0 0 1 0 0 2 0 2 5 3 0 8 5 6 3 3 12 1 5
19111105 576 10 2 1 3 2 3 1 3 1 1 2 1 0 3 1 0 0 0 0 4 3 3 0 0 4 2 0 3 3 9 3 1 5 12 0 2 0 0
19111106 589 1 3 1 0 2 1 0 0 0 0 0 0 1 1 2 0 2 4 5 3 0 4 6 3 0 12 1 1 0
19111107 500 7 3 2 2 2 3 3 1 1 0 1 1 0 0 0 0 1 3 3 0 1 2 3 1 1 3 3 0 3 5 12 2 6 7 8
19111108 567 10 2 3 1 1 3 1 3 2 2 3 1 0 2 1 0 0 0 0 3 3 4 5 2 1 0 12 6 6 3 7 7 3 2 0 1 0 1
19111109 525 6 3 1 1 1 2 3 1 0 3 1 0 0 0 0 3 1 2 0 7 3 0 2 12 1 2 4 5 4 0 3 2 3 0
19111110 460 4 1 3 3 3 1 0 1 1 0 0 0 0 1 0 3 1 0 1 0 3 2 2 7 2 4 5 0 4 2 12 0
19111111 517 0 1 0 3 1 0 0 0 0 0 0 0 2 0 1 0 12 0 4 0 5 3 3 2 4 2 1 1
19111112 572 2 3 1 1 0 2 1 0 0 0 0 1 0 1 3 5 0 1 3 4 0 0 3 5 3 1 12 2 2 0
19111113 533 11 2 1 3 2 2 3 2 3 1 3 1 1 0 1 1 0 0 0 0 3 4 4 3 0 1 1 4 2 4 0 3 2 0 0 12 6 0 0
19111114 476 10 3 2 2 1 3 3 1 1 3 2 1 0 1 1 0 0 0 0 3 3 4 2 3 4 12 0 4 5 8 3 2 4 1 0 0 0 3
19111115 573 4 3 3 2 2 1 0 1 1 0 0 0 0 0 2 2 0 3 0 0 1 4 1 3 0 7 5 4 2 3 8 12
19111117 525 4 1 2 1 1 1 0 2 1 0 0 0 0 3 1 0 2 3 4 12 0 0 3 6 0 1 3 2 0 0 3 0
19111118 551 1 1 1 0 2 1 0 0 0 0 1 0 0 2 3 1 0 0 1 3 7 0 3 5 4 0 12 2 4
19111119 502 11 1 1 3 3 2 1 2 1 3 2 2 1 0 3 1 0 0 0 0 4 4 3 0 1 12 4 2 4 5 3 0 4 0 3 0 3 0 0
19111120 482 3 3 2 2 3 1 4 0.54545454545454541 5 0.27272727272727271 6 0.1818181818181818 0 2 1 0 0 0 1 0 0 3 4 1 2 1 5 3 4 5 12
19111121 479 2 1 1 1 0 2 1 0 0 0 0 2 0 0 0 0 3 2 3 0 6 2 0 3 5 1 0 8 5 12
19111122 404 9 2 2 3 1 1 2 2 1 3 1 0 3 1 0 0 0 0 3 4 2 3 12 8 1 1 6 5 3 3 2 4 0 0 3 0 0
19111123 562 4 3 1 1 3 1 0 2 1 0 0 0 0 2 0 2 0 2 2 1 0 9 4 3 1 4 5 2 3 3 3 12
19111124 559 4 3 2 3 2 1 0 1 1 0 0 0 0 0 2 2 3 0 7 1 3 2 5 4 0 12 1 1 3 2 3 7
19111125 474 7 3 1 3 2 2 3 3 1 0 1 1 0 0 0 0 1 2 4 1 3 8 2 1 12 7 1 5 3 4 5 2 2 3 0
19111126 599 9 2 2 3 1 3 3 2 1 1 1 0 1 1 0 0 0 0 3 3 3 2 4 2 12 1 4 5 2 0 0 6 1 0 0 0 3
19111127 643 7 3 3 1 1 2 2 1 1 0 3 1 0 0 0 0 3 2 2 12 2 5 0 8 2 3 0 4 6 5 2 3 6 1 1
19111128 456 9 3 3 1 1 2 3 2 3 2 1 0 2 1 0 0 0 0 2 3 4 0 0 1 0 2 1 3 0 12 4 3 0 4 6 3 1
19111129 573 0 1 0 1 1 0 0 0 0 0 0 0 0 0 1 2 0 3 4 3 12 4 6 2 2 1 3 4
19111130 515 2 1 2 1 0 3 1 0 0 0 0 1 1 0 0 0 1 1 2 3 6 12 0 4 4 5 0 2 3 4
19111131 529 0 1 0 2 1 0 0 0 0 0 0 0 4 2 1 0 3 3 1 3 12 6 5 2 0 0 1 0
19111132 496 6 2 3 3 1 3 1 1 0 3 1 0 0 0 0 2 1 3 2 0 0 0 2 0 1 2 1 4 6 4 0 4 4 12
19111133 593 1 2 1 0 1 1 0 0 0 0 0 1 0 1 0 3 2 0 7 8 3 0 5 7 12 3 5 7 3
19111134 546 6 1 2 3 2 1 1 1 0 3 1 0 0 0 0 3 2 1 2 4 3 5 6 3 3 2 12 3 0 0 0 0 1 0
19111135 488 1 2 1 0 1 1 0 0 0 0 0 1 0 12 3 2 0 3 5 3 0 5 7 1 0 1 3 3 2
19111136 556 9 1 2 2 3 1 1 1 3 2 1 0 2 1 0 0 0 0 4 3 2 3 3 5 1 0 2 3 12 0 3 5 0 0 3 0 0
19111137 604 6 2 2 2 3 3 1 1 0 3 1 0 0 0 0 1 3 2 3 0 0 1 1 3 2 0 4 6 2 4 1 6 12 1
19111138 516 11 2 3 2 1 1 3 2 3 3 1 1 1 0 2 1 0 0 0 0 4 3 4 3 0 2 0 3 1 3 2 3 3 4 0 12 5 3 1
19111139 618 1 2 1 0 3 1 0 0 0 0 0 1 0 0 4 2 2 3 8 1 4 1 1 5 4 0 4 3 12
19111140 608 11 2 1 2 2 3 1 3 3 1 2 3 1 0 1 1 0 0 0 0 3 4 4 0 0 1 0 7 5 4 0 12 8 3 2 3 4 3 4
19111141 578 11 2 3 1 3 1 2 3 3 2 2 1 1 0 1 1 0 0 0 0 3 4 4 0 1 3 12 1 2 3 2 2 7 4 3 0 4 5 1
19111142 482 0 1 0 2 1 0 0 0 0 0 0 0 2 3 5 12 1 1 3 4 0 3 0 2 0 1 0 0
19111143 520 5 1 3 1 2 1 1 0 3 1 0 0 0 0 3 1 1 12 3 4 0 2 4 5 1 2 3 4 0 0 6 0 2
19111144 523 3 1 3 2 1 0 1 1 0 0 0 0 1 1 1 12 7 5 0 3 3 5 0 3 2 2 3 0 0 1 0
19111145 496 7 3 1 1 2 3 1 2 1 0 3 1 0 0 0 0 3 2 2 0 1 0 0 0 0 3 2 1 4 3 4 2 12 5 2
19111146 466 11 1 2 3 2 1 2 2 3 1 1 3 1 0 3 1 0 0 0 0 4 4 3 0 0 3 3 0 2 4 5 1 6 4 12 0 3 0 0
19111147 538 11 1 1 2 2 1 3 3 3 1 2 3 1 0 2 1 0 0 0 0 4 3 4 0 1 1 12 0 2 5 2 0 3 5 3 3 0 1 2
19111148 515 10 2 3 2 2 1 1 2 1 3 1 1 0 3 1 0 0 0 0 4 4 2 3 1 0 0 5 5 2 3 12 3 2 0 6 1 0 0
19111149 593 9 3 2 1 3 2 1 1 3 2 1 0 1 1 0 0 0 0 3 3 3 12 3 0 0 5 2 3 0 3 1 4 3 3 3 0 2
19111150 553 3 1 3 1 1 0 2 1 0 0 0 0 2 0 1 4 2 1 0 2 5 7 3 2 4 3 8 12 1 4 3
19111151 517 8 2 1 1 2 2 1 1 3 1 0 3 1 0 0 0 0 4 3 1 2 3 6 3 0 4 5 3 0 12 5 4 0 0 3 0
19111152 484 1 3 1 0 1 1 0 0 0 0 0 0 1 0 0 0 3 3 0 1 2 0 4 4 4 0 2 12 3
19111153 502 5 3 3 2 3 2 1 0 3 1 0 0 0 0 0 2 3 12 3 3 0 2 5 6 1 1 4 3 1 5 0 0 0
19111154 515 5 2 1 1 3 2 1 0 1 1 0 0 0 0 2 2 1 3 0 2 0 2 4 3 4 0 1 5 4 0 2 1 12
19111155 468 5 1 1 2 2 3 3 1 4 0.54545454545454541 5 0.27272727272727271 6 0.1818181818181818 2 2 1 0 1 3 0 3 2 4 0 3 3 1 0 12 5 3 2
19111156 600 11 1 2 1 2 2 1 3 3 2 3 1 1 0 3 1 0 0 0 0 4 4 3 3 1 3 0 12 2 1 5 4 2 5 2 3 1 0 0
19111157 523 1 2 1 0 2 1 0 0 0 0 0 1 0 4 3 5 6 3 3 12 7 1 3 1 1 0 2 0 3
19111158 538 0 1 0 1 1 0 0 0 0 0 0 0 2 3 12 2 1 4 5 3 3 4 6 0 0 1 2 0
19111159 458 0 1 0 1 1 0 0 0 0 0 0 0 4 4 5 2 12 5 4 2 3 1 4 5 0 3 0 0
19111160 529 9 3 2 3 3 1 1 3 1 1 1 0 2 1 0 0 0 0 4 1 4 3 4 6 0 2 1 1 2 2 3 12 0 0 0 2 0
19111161 448 11 3 3 2 2 2 2 3 1 1 1 1 1 0 3 1 0 0 0 0 4 4 3 0 3 12 5 1 5 6 2 2 0 2 1 0 0 0 1
19111162 612 10 1 2 2 2 3 1 3 1 3 3 1 0 1 1 0 0 0 0 3 3 4 4 8 12 7 4 5 5 0 2 4 1 3 0 0 0 2
19111165 599 11 3 2 1 2 2 2 3 3 3 1 1 1 0 1 1 0 0 0 0 3 4 4 0 3 1 3 3 2 6 5 3 6 4 12 2 0 1 0
19111166 598 2 1 3 1 0 1 1 0 0 0 0 1 0 1 2 3 2 0 0 3 6 1 0 3 5 3 0 2 5 12
19111167 558 4 3 3 1 2 1 0 3 1 0 0 0 0 1 1 2 0 1 0 2 0 4 0 3 0 2 12 4 1 3 4 6
19111168 604 10 3 2 3 1 2 1 3 2 1 1 1 0 2 1 0 0 0 0 4 3 3 12 4 3 3 5 6 3 0 3 6 0 0 2 1 0 0
19111169 538 1 2 1 0 2 1 0 0 0 0 0 1 0 4 1 3 12 0 3 6 3 0 0 1 1 2 0 5 0
19111170 514 2 2 3 1 0 1 1 0 0 0 0 0 1 1 2 0 3 0 0 1 1 2 4 5 4 0 12 4 3 0
19111171 483 11 2 1 1 2 3 3 3 1 3 1 2 1 0 2 1 0 0 0 0 4 3 4 3 1 2 0 5 4 3 0 12 5 0 3 0 3 3 0
19111172 514 7 1 2 3 2 1 2 3 1 0 1 1 0 0 0 0 2 3 2 2 0 0 0 4 0 1 0 4 6 0 0 12 3 3 7
19111173 541 7 2 1 2 2 3 2 1 1 0 1 1 0 0 0 0 2 4 1 1 3 6 4 0 4 12 3 3 4 1 4 0 2 3 0
19111174 523 4 1 3 2 1 1 0 2 1 0 0 0 0 2 1 1 12 7 3 1 4 4 5 0 3 3 2 2 0 0 1 0
19111175 571 4 2 3 1 2 1 0 3 1 0 0 0 0 1 2 1 1 3 0 0 0 2 0 0 1 3 0 0 12 7 6 3
19111176 503 2 3 1 1 0 3 1 0 0 0 0 1 0 1 0 4 0 3 6 5 5 2 12 3 6 0 3 6 5 0
19111177 445 6 1 3 3 2 3 2 1 0 2 1 0 0 0 0 1 2 3 3 1 4 3 0 0 4 12 1 1 3 5 0 0 0 2
19111178 433 10 1 3 3 3 3 2 2 1 1 2 1 0 1 1 0 0 0 0 3 3 4 2 12 8 3 0 6 4 2 0 1 4 2 0 3 0 1
19111179 555 11 1 2 2 1 3 3 3 2 3 1 2 1 0 1 1 0 0 0 0 3 4 4 2 3 3 0 5 6 3 5 12 7 3 1 0 1 0 2
19111180 580 9 2 3 1 3 2 1 1 1 2 1 0 3 1 0 0 0 0 4 3 2 8 3 5 0 12 5 3 0 5 3 4 3 2 3 0 0
19111181 475 0 3 1 4 0.54545454545454541 5 0.27272727272727271 6 0.1818181818181818 0 0 0 3 4 2 12 0 6 4 9 1 2 3 3 3 0 1 0
19111182 462 11 2 3 2 3 2 3 1 1 2 1 1 1 0 3 1 0 0 0 0 4 4 3 3 0 3 0 2 1 4 0 4 3 2 1 3 4 12 0
19111183 583 8 3 1 1 3 2 2 3 2 1 0 1 1 0 0 0 0 2 3 3 0 0 3 12 2 4 5 5 1 3 4 1 0 0 2 0
19111184 459 4 3 1 3 1 1 0 1 1 0 0 0 0 2 0 2 12 5 3 0 4 4 6 3 2 3 2 0 0 2 0 0
19111185 472 2 1 2 1 0 1 1 0 0 0 0 1 1 0 0 2 3 2 0 4 5 3 1 4 4 1 0 2 4 12
19111186 573 4 1 1 1 3 1 0 2 1 0 0 0 0 3 0 1 0 0 2 3 0 0 4 2 0 2 9 5 1 3 12 3
19111187 533 6 3 3 1 2 2 3 1 0 2 1 0 0 0 0 1 2 3 0 4 4 12 1 5 6 6 0 3 4 1 0 0 1 2
19111188 589 11 1 2 2 3 2 3 2 1 3 1 3 1 0 1 1 0 0 0 0 3 4 4 12 2 4 3 4 5 4 2 4 7 3 0 1 0 1 0
19111189 490 9 3 3 2 2 1 1 2 3 1 1 0 2 1 0 0 0 0 3 3 3 1 2 2 12 0 4 5 1 0 7 6 3 0 1 3 3
19111190 471 9 1 1 3 2 2 1 3 1 3 3 1 4 0.54545454545454541 5 0.27272727272727271 6 0.1818181818181818 4 2 3 3 0 2 0 4 4 6 0 2 5 7 3 3 7 12 8
19111191 513 4 3 1 1 2 1 0 2 1 0 0 0 0 2 1 1 2 0 3 0 5 4 0 0 1 5 4 1 4 12 0 2
19111192 561 1 1 1 0 3 1 0 0 0 0 1 0 0 0 0 2 0 1 3 6 3 3 4 5 5 2 3 12 3
19111193 486 8 3 3 2 1 2 2 1 1 1 0 3 1 0 0 0 0 3 3 2 1 0 0 0 0 0 0 1 3 2 4 2 3 5 4 12
19111194 459 10 1 1 3 3 3 2 2 1 1 2 1 0 2 1 0 0 0 0 4 3 3 0 0 0 3 0 4 3 0 12 5 3 0 3 7 5 3
19111195 503 3 1 2 1 3 1 7 0.1818181818181818 8 0.27272727272727271 9 0.54545454545454541 2 1 0 0 0 2 0 4 1 4 0 12 5 2 0 2 3 3 1
19111196 449 1 1 1 0 2 1 0 0 0 0 1 0 0 2 0 12 3 0 4 6 2 0 1 6 4 3 1 5 3
19111197 455 3 3 2 1 1 0 3 1 0 0 0 0 1 1 1 5 1 2 3 8 5 5 3 12 7 2 0 0 3 1 0
19111198 415 7 3 1 2 3 1 2 2 1 0 1 1 0 0 0 0 2 3 2 0 3 4 12 0 3 4 7 0 5 2 8 3 1 0 3
19111199 517 1 2 1 0 1 1 0 0 0 0 0 1 0 0 1 0 0 2 5 2 12 0 1 5 3 0 3 3 4
19111200 581 9 2 1 3 3 1 1 3 3 2 1 0 2 1 0 0 0 0 3 2 4 1 1 3 0 5 2 1 2 3 2 7 3 3 4 12 0
19111201 451 7 3 1 3 1 2 1 2 1 0 3 1 0 0 0 0 3 2 2 3 5 1 12 0 4 3 3 3 2 9 2 0 2 1 0
19111202 478 5 3 2 2 1 1 1 0 3 1 0 0 0 0 2 2 1 12 1 2 1 2 5 0 0 4 5 8 3 3 0 7 0
19111204 554 8 3 3 2 1 3 1 2 1 1 0 1 1 0 0 0 0 3 2 3 0 0 4 3 0 3 3 2 0 4 2 0 2 12 1 3
19111205 559 4 3 3 3 2 1 0 3 1 0 0 0 0 0 1 3 5 1 3 0 7 4 4 1 12 6 0 2 0 1 2 0
19111206 488 3 1 3 1 1 0 2 1 0 0 0 0 2 0 1 3 2 4 0 12 4 6 3 3 3 3 3 0 1 0 2
19111207 522 7 2 3 1 2 1 1 3 1 0 1 1 0 0 0 0 3 2 2 3 0 3 2 0 0 12 5 1 3 2 4 2 3 8 3
19111208 628 3 1 1 2 1 0 3 1 0 0 0 0 2 1 0 3 7 8 12 3 1 7 4 0 0 4 2 0 0 0 2
19111209 544 8 1 2 1 3 2 2 1 3 1 0 3 1 0 0 0 0 3 3 2 0 0 0 1 0 12 4 2 3 8 4 2 3 4 5 1
19111210 585 4 1 3 1 3 1 0 2 1 0 0 0 0 2 0 2 0 3 3 12 2 4 7 6 0 1 3 3 0 0 2 3
19111211 516 1 2 1 0 2 1 0 0 0 0 0 1 0 0 1 1 0 3 2 3 0 1 4 7 7 3 4 5 12
19111213 505 6 1 1 1 2 2 1 1 0 3 1 0 0 0 0 4 2 0 0 0 0 2 4 0 1 2 2 5 4 2 3 5 1 12
19111214 532 1 3 1 0 3 1 0 0 0 0 0 0 1 0 2 0 2 0 12 4 4 1 5 5 6 0 4 4 1
19111215 533 10 2 3 3 3 1 2 2 1 1 2 1 0 3 1 0 0 0 0 3 4 3 1 0 2 0 0 2 7 12 1 0 5 6 0 4 4 1
19111216 504 0 1 0 2 1 0 0 0 0 0 0 0 5 8 12 0 4 3 1 0 4 1 1 2 0 0 2 0
19111217 676 4 2 3 3 2 1 0 1 1 0 0 0 0 0 2 2 0 3 4 12 3 2 6 8 0 0 3 6 1 1 0 0
19111218 476 9 1 2 1 2 1 1 3 2 3 1 0 3 1 0 0 0 0 4 3 2 3 1 12 2 3 4 4 0 2 2 4 1 0 3 0 0
19111219 554 11 1 3 1 3 1 3 2 3 2 1 2 1 0 2 1 0 0 0 0 4 3 4 3 2 0 0 3 4 4 1 12 6 2 0 4 3 1 3
19111220 524 9 1 1 3 3 1 2 2 3 2 1 0 2 1 0 0 0 0 3 3 3 0 0 0 1 4 3 2 0 4 4 6 7 4 1 12 3
19111221 463 8 1 1 1 3 2 3 2 3 1 0 1 1 0 0 0 0 3 2 3 12 3 3 0 5 7 2 0 4 2 5 1 3 3 0 2
19111222 534 4 2 3 1 1 1 0 3 1 0 0 0 0 2 1 1 5 2 2 0 12 1 3 2 2 4 1 0 5 1 0 0
19111223 479 2 2 2 1 0 3 1 0 0 0 0 0 2 0 1 3 12 0 1 5 4 7 0 6 5 6 3 3 0 0
19111224 559 6 1 3 1 2 1 2 1 0 1 1 0 0 0 0 3 2 1 0 6 8 12 3 0 6 5 0 2 4 4 0 0 0 2
19111225 544 9 2 3 2 3 1 2 3 1 1 1 0 1 1 0 0 0 0 3 3 3 0 0 2 0 4 0 2 4 8 3 4 1 3 5 5 12
19111226 530 1 2 1 0 2 1 0 0 0 0 0 1 0 1 3 3 2 5 4 1 0 12 4 3 0 0 0 0 1
19111228 492 1 3 1 0 2 1 0 0 0 0 0 0 1 1 1 0 1 0 2 2 6 0 0 4 7 0 4 7 12
19111229 588 11 2 2 3 3 1 1 2 3 1 1 3 3 1 7 0.1818181818181818 8 0.27272727272727271 9 0.54545454545454541 4 3 4 0 0 0 2 3 1 5 1 12 4 4 2 3 4 9 2
19111230 489 7 2 2 2 3 3 3 1 1 0 1 1 0 0 0 0 1 3 3 12 5 1 2 8 4 5 0 5 3 3 1 0 3 0 0
19111231 561 5 1 1 2 1 2 1 0 3 1 0 0 0 0 3 2 0 0 3 5 12 2 4 2 7 0 1 0 4 2 0 3 1
19111232 559 6 1 3 1 3 2 1 1 0 2 1 0 0 0 0 3 1 2 0 3 5 6 0 0 4 7 0 0 3 12 2 3 0 0
19111233 499 6 2 3 1 1 3 2 1 0 1 1 0 0 0 0 2 2 2 12 5 1 0 5 4 0 2 3 4 3 0 2 0 0 0
19111234 488 8 2 3 1 1 2 2 3 1 1 0 1 1 0 0 0 0 3 3 2 0 5 2 12 3 4 4 5 0 5 4 1 0 0 0 2
19111235 540 1 3 1 0 1 1 0 0 0 0 0 0 1 3 1 4 2 0 5 2 3 7 5 4 3 0 12 8 5
19111236 546 10 1 3 3 2 3 2 2 1 1 1 3 1 6 0.28571428571428575 7 0.28571428571428575 8 0.4285714285714286 4 3 3 0 2 0 0 2 6 2 3 1 3 3 0 12 5 1 0
19111237 497 9 3 3 2 2 1 1 1 3 2 1 0 3 1 0 0 0 0 3 3 3 12 3 4 1 7 5 2 0 4 3 3 0 0 0 1 2
19111238 484 0 1 0 3 1 0 0 0 0 0 0 0 3 0 0 0 3 3 6 0 3 7 7 7 3 7 12 0
19111239 545 0 1 0 1 1 0 0 0 0 0 0 0 1 0 2 1 2 3 6 4 3 1 5 2 0 2 5 12
19111240 544 8 2 3 1 1 3 1 2 1 1 0 2 1 0 0 0 0 4 2 2 0 2 0 0 4 0 1 5 4 5 6 0 3 2 12 0
19111241 665 0 1 0 3 1 0 0 0 0 0 0 0 9 2 12 3 1 4 2 1 0 2 3 5 1 3 0 3
19111242 529 2 1 1 1 0 3 1 0 0 0 0 2 0 0 0 3 12 3 6 3 4 3 2 3 2 3 0 1 0 2
19111243 505 4 2 3 2 3 1 0 2 1 0 0 0 0 0 2 2 1 0 0 0 1 1 0 0 0 1 4 2 0 4 8 12
19111244 551 0 1 0 1 1 0 0 0 0 0 0 0 3 12 6 3 2 3 4 6 1 0 2 5 1 0 0 2
19111245 583 7 2 1 3 2 1 3 1 1 0 2 1 0 0 0 0 3 2 2 3 7 12 0 4 5 6 2 3 5 0 1 3 0 3 0
19111246 496 7 2 1 1 2 2 3 2 1 0 1 1 0 0 0 0 2 4 1 4 2 6 12 0 4 4 4 0 1 1 0 0 3 0 3
19111247 471 8 3 2 2 1 3 1 1 2 1 0 3 1 0 0 0 0 3 3 2 3 0 3 0 5 5 3 4 12 3 1 2 0 0 3 0
19111248 472 7 1 1 3 3 3 2 1 1 0 3 1 0 0 0 0 3 1 3 12 7 5 3 4 5 1 0 2 3 0 0 0 2 0 2
19111249 415 8 1 1 1 2 3 3 2 3 1 0 2 1 0 0 0 0 3 2 3 3 1 2 3 4 4 6 3 12 3 2 0 0 0 0 1
19111251 466 6 3 3 2 1 3 1 1 0 1 1 0 0 0 0 2 1 3 3 1 0 0 4 4 2 0 3 5 0 0 12 2 3 2
19111252 507 7 3 3 3 1 1 1 2 1 0 1 1 0 0 0 0 3 1 3 0 2 3 0 0 2 4 0 3 6 12 4 2 1 2 0
19111253 519 4 3 1 3 2 1 0 1 1 0 0 0 0 1 1 2 12 8 6 2 3 5 0 3 1 3 0 0 2 0 0 0
19111254 492 5 2 1 3 3 3 1 0 1 1 0 0 0 0 1 1 3 0 0 2 0 0 3 3 5 0 12 6 3 3 3 6 4
19111255 669 9 1 2 2 1 2 3 3 2 1 1 0 3 1 0 0 0 0 3 4 2 12 5 4 0 3 5 3 0 4 5 3 0 0 3 3 1
19111256 500 5 2 2 2 3 3 1 0 3 1 0 0 0 0 0 3 2 1 5 3 12 0 3 5 4 0 3 9 1 0 3 1 0
19111257 516 3 3 1 2 1 0 3 1 0 0 0 0 1 1 1 0 0 3 3 0 1 3 1 0 5 4 2 2 5 12 5
19111258 488 4 3 2 2 1 1 0 1 1 0 0 0 0 1 2 1 3 7 4 12 0 5 6 1 3 3 0 3 2 0 0 0
19111259 501 9 1 3 2 1 2 3 2 3 2 1 0 1 1 0 0 0 0 2 4 3 2 5 8 12 3 7 5 5 0 0 4 3 0 0 1 1
19111260 532 0 1 0 1 1 0 0 0 0 0 0 0 1 2 8 12 0 6 6 5 0 2 4 3 0 0 0 3
19111261 484 5 2 3 1 2 3 1 0 3 1 0 0 0 0 1 2 2 1 3 4 2 4 5 7 3 6 4 1 1 12 3 5 2
19111262 565 1 2 1 0 2 1 0 0 0 0 0 1 0 3 0 1 0 2 0 1 0 7 5 5 1 12 3 3 4
19111263 538 4 3 2 3 1 1 0 3 1 0 0 0 0 1 1 2 2 3 1 0 5 3 2 0 7 4 3 1 12 3 5 0
19111264 578 11 2 1 2 3 1 3 3 2 2 1 1 3 1 4 0.54545454545454541 5 0.27272727272727271 6 0.1818181818181818 4 4 3 0 1 3 3 0 4 5 4 2 3 4 12 3 0 0 0
19111265 519 5 2 1 3 3 1 1 0 2 1 0 0 0 0 2 1 2 2 1 3 0 2 4 0 1 4 12 3 0 3 3 0 0
19111266 595 9 1 2 1 3 1 3 2 1 3 1 0 2 1 0 0 0 0 4 2 3 2 3 12 2 0 4 4 5 1 6 7 3 0 3 3 0
19111267 505 9 2 2 3 1 3 1 3 1 2 1 0 2 1 0 0 0 0 3 3 3 0 0 0 3 1 2 0 0 2 5 1 1 3 6 12 3
19111268 465 3 2 3 2 1 0 1 1 0 0 0 0 0 2 1 0 0 0 2 0 1 1 8 0 4 4 7 3 3 6 12
19111269 506 11 3 2 3 2 3 1 1 2 1 3 2 1 0 1 1 0 0 0 0 3 4 4 12 1 3 2 2 3 4 0 2 4 6 3 1 0 1 0
19111270 528 6 2 3 2 2 1 2 1 0 3 1 0 0 0 0 1 4 1 0 12 7 8 1 6 4 1 1 3 3 3 0 0 1 2
19111271 441 5 3 1 2 1 1 1 0 3 1 0 0 0 0 3 1 1 0 0 0 2 3 5 7 2 0 0 0 12 3 3 3 3
19111272 482 2 3 1 1 0 3 1 0 0 0 0 1 0 1 12 2 4 0 5 6 4 3 3 4 0 0 0 2 1 0
19111273 512 1 2 1 0 3 1 0 0 0 0 0 1 0 0 0 4 4 3 0 5 12 0 3 1 3 2 0 1 0
19111274 590 11 1 3 1 1 2 3 2 2 1 3 3 1 0 2 1 0 0 0 0 4 3 4 0 0 0 1 0 3 3 2 3 3 5 1 0 12 4 2
19111276 596 1 2 1 0 1 1 0 0 0 0 0 1 0 3 12 6 3 3 0 5 0 0 1 2 3 3 0 3 0
19111278 543 11 1 2 2 3 2 3 3 2 3 1 1 1 0 1 1 0 0 0 0 3 4 4 0 1 3 4 1 2 5 1 0 2 3 4 0 3 12 2
19111279 506 10 2 1 2 1 1 3 1 2 3 3 1 0 2 1 0 0 0 0 4 3 3 3 0 0 1 0 3 2 12 0 1 3 7 2 2 3 1
19111280 467 9 3 1 1 3 3 1 2 3 1 1 0 2 1 0 0 0 0 4 1 4 3 4 3 1 12 3 2 2 3 1 4 0 0 0 2 2
19111281 609 4 1 3 1 2 1 0 3 1 0 0 0 0 2 1 1 3 3 3 3 5 2 4 0 12 4 6 0 0 7 0 0
19111283 538 2 2 3 1 0 2 1 0 0 0 0 0 1 1 12 4 5 1 3 1 0 0 0 4 0 0 0 3 3 0
19111284 505 5 3 1 1 1 2 1 0 3 1 0 0 0 0 3 1 1 2 8 3 1 5 3 12 2 2 4 2 0 0 1 3 0
19111285 462 2 3 1 1 0 2 1 0 0 0 0 1 0 1 0 0 1 0 3 2 4 3 3 12 4 8 7 3 1 2
19111286 488 5 2 2 2 3 1 1 0 2 1 0 0 0 0 1 3 1 0 1 0 3 0 3 1 0 1 4 4 3 7 7 12 0
19111287 540 4 3 1 2 3 1 0 3 1 0 0 0 0 1 1 2 3 4 7 12 2 3 3 3 1 1 4 0 0 0 2 0
19111288 531 10 2 1 2 3 3 1 2 2 1 3 1 0 3 1 0 0 0 0 3 4 3 3 12 3 0 3 4 6 0 0 3 3 1 0 2 1 0
19111289 479 3 1 3 2 1 0 1 1 0 0 0 0 1 1 1 0 0 0 3 3 0 3 3 2 5 6 4 3 12 8 4
19111290 602 0 1 0 2 1 0 0 0 0 0 0 0 2 3 3 1 0 1 4 5 0 3 1 6 0 2 12 4
19111291 548 7 2 1 2 1 3 1 2 1 0 3 1 0 0 0 0 3 3 1 0 3 0 3 0 0 2 6 0 1 5 8 2 1 3 12
19111292 475 3 1 3 1 1 0 1 1 0 0 0 0 2 0 1 2 2 0 0 0 4 5 3 0 0 4 7 0 3 2 12
19111294 480 4 2 1 3 3 1 0 1 1 0 0 0 0 1 1 2 5 2 3 0 12 4 2 0 3 5 0 1 0 2 1 0
19111295 547 0 1 0 1 1 0 0 0 0 0 0 0 2 0 0 0 12 1 4 2 5 1 4 0 3 3 2 3
19111296 520 1 3 1 0 2 1 0 0 0 0 0 0 1 0 0 3 0 12 1 1 0 2 2 5 3 3 3 1 0
19111297 487 11 2 1 3 3 2 2 1 3 1 3 2 1 0 1 1 0 0 0 0 3 4 4 0 3 5 3 0 1 5 6 2 4 5 12 0 0 0 3
19111298 512 3 3 1 3 1 0 1 1 0 0 0 0 1 0 2 2 0 0 0 0 2 2 3 0 1 4 12 4 3 3 5
19111299 468 11 2 1 3 1 2 1 3 3 2 3 1 1 0 2 1 0 0 0 0 4 3 4 2 5 2 0 4 1 1 0 4 2 12 0 0 0 1 3
19111300 479 11 2 1 2 1 2 3 2 1 3 1 3 1 0 3 1 0 0 0 0 4 4 3 2 0 0 0 4 1 1 0 0 4 4 0 2 6 12 4
19111301 559 1 3 1 0 1 1 0 0 0 0 0 0 1 0 3 0 3 1 4 2 1 7 6 6 2 12 2 4 0
19111302 596 0 1 0 2 1 0 0 0 0 0 0 0 4 1 3 1 6 12 0 3 4 3 1 0 2 0 2 0
19111303 481 11 1 1 2 3 2 3 2 2 1 3 1 1 0 3 1 0 0 0 0 4 4 3 0 2 3 12 0 0 4 1 0 1 4 5 2 0 0 3
19111304 499 9 2 2 3 2 3 1 3 1 3 1 0 1 1 0 0 0 0 2 3 4 0 0 3 1 2 5 6 2 1 5 8 4 0 3 3 12
19111305 542 9 3 2 2 1 1 1 2 3 3 1 0 2 1 0 0 0 0 3 3 3 12 2 2 0 1 5 4 3 1 5 7 0 3 3 0 1
19111307 526 0 1 0 1 1 0 0 0 0 0 0 0 0 3 3 1 0 12 3 2 2 4 5 1 2 0 3 3
19111308 522 5 2 3 3 2 1 1 0 1 1 0 0 0 0 1 2 2 2 3 0 0 1 1 6 1 3 5 2 0 12 2 0 3
19111309 510 9 2 3 3 1 2 1 2 2 3 1 0 1 1 0 0 0 0 2 4 3 0 0 3 3 5 5 1 1 7 3 3 0 12 2 4 0
19111310 511 5 3 1 3 2 2 1 0 3 1 0 0 0 0 1 2 2 0 1 3 5 2 5 4 4 0 12 6 3 0 0 1 0
19111311 577 1 3 1 0 2 1 0 0 0 0 0 0 1 1 4 0 0 3 3 3 3 1 12 4 5 3 4 2 0
19111312 504 6 1 2 2 2 3 3 1 0 3 1 0 0 0 0 1 3 2 8 8 0 0 3 6 1 1 4 12 1 0 3 2 5 3
19111313 547 5 2 2 1 1 1 1 0 3 1 0 0 0 0 3 2 0 1 3 2 12 0 5 4 3 3 3 6 3 0 0 0 2
19111314 533 11 3 1 1 1 3 1 2 3 2 2 2 1 0 3 1 0 0 0 0 4 4 3 0 1 4 12 0 6 4 2 3 4 6 8 3 2 1 0
19111315 617 8 2 1 1 3 2 1 1 3 1 0 2 1 0 0 0 0 4 2 2 0 0 2 0 4 4 0 0 5 5 3 4 12 9 5 3
19111316 584 5 1 1 3 2 2 1 0 2 1 0 0 0 0 2 2 1 1 0 0 3 3 1 2 0 5 6 3 0 4 7 12 4
19111317 514 3 3 1 2 1 0 2 1 0 0 0 0 1 1 1 3 4 12 2 4 6 7 1 3 3 3 0 1 4 0 0
19111318 558 6 3 1 1 1 1 3 1 0 2 1 0 0 0 0 4 0 2 12 5 4 3 3 7 3 0 2 3 2 0 2 0 0 0
19111319 579 8 2 3 3 2 1 2 2 3 1 0 1 1 0 0 0 0 1 4 3 1 3 3 12 3 4 7 8 1 0 5 3 0 0 2 1
19111320 560 8 2 1 3 3 1 3 2 2 1 0 1 1 0 0 0 0 2 3 3 12 4 0 3 3 7 3 0 2 6 3 0 1 3 0 0
19111321 508 9 1 2 2 1 3 2 1 3 3 1 0 1 1 0 0 0 0 3 3 3 1 3 2 4 12 1 2 0 2 4 1 2 3 0 0 0
19111322 548 5 1 3 1 1 2 1 0 3 1 0 0 0 0 3 1 1 0 2 0 0 2 0 1 4 2 5 5 1 0 3 2 12
19111323 492 8 1 3 3 1 1 2 1 2 1 0 3 1 0 0 0 0 4 2 2 2 3 0 0 0 2 3 0 1 6 5 2 12 4 3 3
19111324 492 2 1 3 1 0 3 1 0 0 0 0 1 0 1 0 0 0 2 0 12 4 4 2 1 5 7 0 4 3 3
19111325 501 6 1 3 2 1 3 2 1 0 1 1 0 0 0 0 2 2 2 1 1 12 2 2 3 3 6 0 4 3 4 3 2 0 3
19111326 510 6 2 1 3 3 3 2 1 0 1 1 0 0 0 0 1 2 3 3 7 12 0 2 7 3 0 1 0 1 2 0 3 0 0
19111327 641 4 1 2 2 3 1 0 3 1 0 0 0 0 1 2 1 12 1 3 0 1 3 4 2 3 4 3 0 2 0 4 1
19111328 569 3 2 1 3 1 0 1 1 0 0 0 0 1 1 1 0 3 4 12 1 3 4 8 0 0 3 7 2 0 3 2
19111329 477 7 2 1 3 2 2 3 3 1 0 1 1 0 0 0 0 1 3 3 3 1 0 2 5 6 3 1 0 3 3 4 0 4 3 12
19111330 518 2 3 2 1 0 3 1 0 0 0 0 0 1 1 0 0 0 3 1 3 0 3 0 12 5 4 0 4 5 0
19111332 529 11 2 3 1 1 2 3 1 1 2 2 3 1 0 3 1 0 0 0 0 4 4 3 0 0 2 0 3 3 1 1 0 5 4 4 0 12 2 4
19111333 556 11 2 1 1 3 3 3 2 3 2 2 1 1 0 1 1 0 0 0 0 3 4 4 7 5 12 1 4 4 4 0 3 2 3 0 3 0 0 0
19111334 556 4 3 2 3 1 1 0 3 1 0 0 0 0 1 1 2 0 3 3 7 4 2 6 5 1 3 3 12 3 0 0 0
19111335 604 8 1 1 3 2 1 3 3 2 3 1 4 0.54545454545454541 5 0.27272727272727271 6 0.1818181818181818 3 2 3 12 3 3 0 3 7 3 0 4 5 2 2 0 3 0 1
19111336 474 10 2 2 1 3 1 1 3 1 3 2 1 0 3 1 0 0 0 0 4 3 3 0 0 2 0 2 3 1 3 0 3 5 3 2 1 12 4
19111337 469 5 3 1 1 3 2 3 1 5 0.42857142857142855 6 0.2857142857142857 7 0.2857142857142857 2 1 2 0 2 0 0 4 3 0 0 6 5 1 0 4 6 12 2
19111338 478 7 3 3 1 3 1 2 2 1 0 2 1 0 0 0 0 2 2 3 0 0 1 1 2 12 4 0 3 5 5 0 0 4 4 0
19111339 602 6 3 3 2 2 3 1 1 0 1 1 0 0 0 0 1 2 3 2 0 4 1 1 4 2 4 0 0 5 12 0 0 2 1
19111340 532 0 1 0 3 1 0 0 0 0 0 0 0 1 0 0 0 3 2 2 1 12 6 3 0 4 8 7 3
19111341 455 9 1 3 1 3 1 2 2 3 2 1 0 1 1 0 0 0 0 3 3 3 0 4 6 12 0 2 7 1 3 3 4 3 0 2 3 0
19111342 590 0 1 0 1 1 0 0 0 0 0 0 0 0 3 3 12 1 5 4 3 3 4 6 2 2 0 3 3
19111343 552 2 3 1 1 0 2 1 0 0 0 0 1 0 1 0 1 1 0 0 4 2 0 0 6 2 2 3 1 5 12
19111344 580 8 3 3 2 3 1 2 1 3 1 0 1 1 0 0 0 0 2 2 4 12 4 2 1 3 3 6 4 1 3 4 2 0 2 0 0
19111346 543 10 1 1 2 1 2 1 2 3 3 3 1 0 2 1 0 0 0 0 4 3 3 3 12 1 4 4 5 4 6 0 2 4 7 0 1 0 2
19111347 608 3 3 3 3 1 0 1 1 0 0 0 0 0 0 3 2 5 3 12 3 3 6 7 0 0 4 5 0 2 1 0
19111348 531 5 3 1 2 3 2 1 0 1 1 0 0 0 0 1 2 2 1 2 3 1 4 5 2 0 12 1 3 0 0 3 2 0
19111349 533 11 2 2 1 3 1 1 3 2 1 3 2 1 0 3 1 0 0 0 0 4 4 3 2 7 0 0 0 6 3 0 3 5 2 0 1 5 12 1
19111350 562 7 2 3 1 3 2 3 1 1 0 1 1 0 0 0 0 2 2 3 0 0 1 0 0 4 3 2 0 12 5 0 3 3 5 2
19111351 505 3 2 3 3 1 0 2 1 0 0 0 0 0 1 2 0 4 6 12 3 3 5 3 4 7 1 3 0 0 0 1
19111352 542 0 1 0 2 1 0 0 0 0 0 0 0 0 3 2 0 4 2 0 0 3 3 1 1 12 7 6 1
19111353 528 7 3 2 1 1 3 1 1 1 0 2 1 0 0 0 0 4 1 2 3 0 0 0 4 3 1 0 5 12 3 3 3 2 2 2
19111354 528 2 1 3 1 0 1 1 0 0 0 0 1 0 1 0 0 5 2 3 4 3 0 3 4 2 0 12 8 3 3
19111355 566 3 3 2 3 1 0 2 1 0 0 0 0 0 1 2 0 0 2 1 1 4 3 0 12 3 1 2 3 4 3 1
19111356 470 0 1 0 2 1 0 0 0 0 0 0 0 12 3 3 3 8 4 5 3 4 3 1 0 3 2 1 0
19111357 476 11 2 3 1 2 3 1 2 1 3 2 3 1 0 1 1 0 0 0 0 3 4 4 3 0 0 0 4 12 3 1 9 5 5 3 3 2 1 2
19111358 676 11 1 2 1 2 2 1 1 3 3 3 2 1 0 3 1 0 0 0 0 4 4 3 0 0 2 1 0 2 7 2 1 3 4 1 0 5 6 12
19111359 570 6 1 2 3 1 2 3 1 0 2 1 0 0 0 0 2 2 2 2 0 3 1 1 5 3 0 4 5 0 0 5 12 0 0
19111360 631 4 2 1 2 3 1 0 1 1 0 0 0 0 1 2 1 0 0 1 1 2 3 6 3 0 3 5 4 0 12 5 2
19111361 424 9 3 2 1 3 1 2 3 2 3 1 0 2 1 0 0 0 0 2 3 4 1 1 2 1 3 3 3 4 0 4 7 12 4 3 3 0
19111362 535 6 3 2 1 1 2 2 1 0 3 1 0 0 0 0 2 3 1 3 5 12 0 1 5 2 0 3 6 3 1 1 2 0 0
19111363 600 8 1 1 3 2 1 2 1 3 1 0 3 1 0 0 0 0 4 2 2 12 1 5 2 3 3 0 0 3 4 3 2 0 0 0 2
19111364 525 2 3 3 1 0 1 1 0 0 0 0 0 0 2 0 0 2 1 0 0 2 1 2 4 8 12 3 5 4 4
19111365 457 4 1 1 1 3 1 0 3 1 0 0 0 0 3 0 1 5 4 4 2 2 12 0 0 3 2 0 3 2 0 1 0
19111366 560 11 2 3 3 2 2 1 2 1 1 3 3 1 0 1 1 0 0 0 0 3 4 4 3 3 2 1 4 0 4 0 1 5 2 0 3 12 3 0
19111367 505 11 2 3 2 1 1 3 1 3 1 2 3 1 0 2 1 0 0 0 0 4 3 4 1 3 0 0 1 3 5 0 2 2 5 6 1 3 12 2
19111368 606 2 1 3 1 0 3 1 0 0 0 0 1 0 1 0 3 1 0 2 2 0 3 4 5 4 0 4 6 12 0
19111369 431 4 2 1 1 3 1 0 3 1 0 0 0 0 2 1 1 4 2 6 12 1 3 4 3 0 2 7 1 0 0 0 2
19111370 497 11 3 2 3 1 2 3 2 1 3 1 2 1 0 1 1 0 0 0 0 3 4 4 2 1 12 4 7 5 3 4 0 1 0 0 0 3 2 0
19111371 538 2 1 1 1 0 3 1 0 0 0 0 2 0 0 3 2 2 2 1 4 3 1 0 7 12 3 0 6 2 0
19111373 535 3 3 3 1 1 0 2 1 0 0 0 0 1 0 2 0 3 12 7 0 5 5 4 3 3 3 1 0 5 0 2
19111374 571 4 2 3 1 1 1 0 1 1 0 0 0 0 2 1 1 0 2 0 0 12 4 1 0 5 4 2 2 3 0 4 0
19111375 560 4 1 3 2 3 1 0 1 1 0 0 0 0 1 1 2 12 6 3 0 3 7 4 0 2 3 3 2 0 1 3 0
19111376 428 8 3 2 1 2 3 3 1 1 1 0 2 1 0 0 0 0 3 2 3 1 2 3 0 0 5 1 3 3 12 3 3 0 3 2 0
19111377 511 8 3 3 1 2 1 2 3 3 1 0 1 1 0 0 0 0 2 2 4 0 2 4 4 1 12 6 1 0 5 0 3 0 2 2 0
19111378 446 3 3 2 1 1 0 3 1 0 0 0 0 1 1 1 0 0 0 1 0 3 6 12 2 4 7 6 0 1 0 2
19111379 510 6 3 1 2 1 3 1 1 0 2 1 0 0 0 0 3 1 2 2 3 0 0 12 2 0 3 5 6 0 0 4 4 1 0
19111380 534 8 2 1 2 1 1 3 3 1 1 0 3 1 0 0 0 0 4 2 2 4 12 4 0 3 4 3 0 0 4 2 0 0 0 3 2
19111381 468 4 3 2 2 1 1 0 3 1 0 0 0 0 1 2 1 1 2 3 6 12 7 4 1 1 6 3 2 0 3 2 1
19111382 518 8 3 2 1 2 1 1 1 3 1 0 2 1 0 0 0 0 4 2 2 12 6 2 2 5 4 1 3 4 3 0 0 0 3 0 0
19111383 522 6 1 2 2 3 3 3 1 0 1 1 0 0 0 0 1 2 3 12 5 3 0 3 5 5 0 1 3 2 0 0 2 0 1
19111384 527 2 3 3 1 0 2 1 0 0 0 0 0 0 2 4 2 12 0 3 3 4 3 4 5 7 1 0 1 3 0
19111385 585 4 3 2 2 1 1 0 3 1 0 0 0 0 1 2 1 2 0 3 0 0 0 1 5 1 3 5 7 2 4 1 12
19111386 465 4 1 2 3 2 1 0 3 1 0 0 0 0 1 2 1 0 0 0 2 3 1 0 0 3 5 12 0 3 4 5 1
19111387 448 8 1 2 1 3 1 3 2 2 1 0 3 1 0 0 0 0 3 3 2 0 1 0 0 0 3 3 4 0 3 5 4 2 5 4 12
19111388 547 0 1 0 3 1 0 0 0 0 0 0 0 0 3 0 2 5 5 1 0 12 6 4 0 6 5 2 1
19111389 509 11 1 2 1 1 2 1 2 3 3 3 2 1 0 3 1 0 0 0 0 4 4 3 3 0 5 0 0 0 4 12 2 1 3 5 0 2 1 4
19111390 597 2 3 3 1 0 2 1 0 0 0 0 0 0 2 3 1 12 0 4 4 3 0 5 6 2 0 1 3 0 3
19111391 571 8 2 2 1 1 3 1 3 2 1 0 3 1 0 0 0 0 3 3 2 0 0 3 1 3 3 2 3 6 5 5 12 1 5 4 2
19111392 507 10 2 1 2 1 3 2 1 3 1 3 1 0 2 1 0 0 0 0 4 3 3 1 4 2 0 2 4 1 5 3 7 4 3 4 3 12 0
19111393 464 8 3 1 2 2 3 3 1 1 1 0 2 1 0 0 0 0 3 2 3 2 0 0 1 3 2 0 0 4 7 12 0 1 5 4 3
19111394 536 2 3 1 1 0 2 1 0 0 0 0 1 0 1 2 6 12 2 1 3 5 3 0 4 6 0 0 0 1 0
19111396 581 3 2 1 2 1 0 2 1 0 0 0 0 1 2 0 0 5 3 12 1 4 4 4 3 0 3 4 0 0 0 1
19111397 531 2 1 2 1 0 1 1 0 0 0 0 1 1 0 0 1 2 0 0 4 2 3 1 2 4 5 0 3 6 12
19111398 474 2 1 1 1 0 2 1 0 0 0 0 2 0 0 6 8 3 0 5 2 12 2 5 4 3 0 1 1 6 2
19111399 580 3 1 1 2 1 0 3 1 0 0 0 0 2 1 0 0 12 2 2 3 1 3 1 0 5 7 3 0 2 0 0
19111400 469 1 2 1 0 3 1 0 0 0 0 0 1 0 1 2 3 0 1 3 4 1 12 4 6 2 0 1 2 3
19111401 483 4 2 1 1 2 1 0 3 1 0 0 0 0 2 2 0 0 5 12 1 4 3 4 1 2 3 5 2 0 3 0 0
19111402 581 9 2 1 2 1 2 1 2 3 1 1 0 3 1 0 0 0 0 4 4 1 0 1 3 3 3 2 4 2 1 6 3 2 12 1 3 0
19111403 567 11 1 1 1 3 2 3 3 2 1 2 2 1 0 3 1 0 0 0 0 4 4 3 0 3 3 0 2 3 1 2 0 4 9 5 1 3 5 12
19111404 542 3 1 2 3 1 0 1 1 0 0 0 0 1 1 1 0 3 12 7 0 1 5 2 2 0 3 3 0 0 0 3
19111405 547 2 3 1 1 0 2 1 0 0 0 0 1 0 1 0 5 12 3 0 4 7 3 1 2 4 0 0 2 1 0
19111406 472 1 3 1 0 1 1 0 0 0 0 0 0 1 0 3 3 3 4 2 4 2 12 4 1 0 2 3 1 0
19111407 541 5 1 1 2 2 3 3 1 7 0.1818181818181818 8 0.27272727272727271 9 0.54545454545454541 2 2 1 0 1 12 6 2 2 4 3 0 7 0 0 0 1 0 0
19111408 535 11 2 3 2 1 3 1 1 2 3 1 3 1 0 2 1 0 0 0 0 4 3 4 1 2 0 1 6 4 2 0 7 5 3 0 12 2 1 0
19111409 443 8 2 3 1 3 1 3 1 1 1 0 2 1 0 0 0 0 4 1 3 2 3 5 4 0 2 6 4 0 12 1 3 0 2 0 4
19111410 542 2 2 2 1 0 1 1 0 0 0 0 0 2 0 12 4 4 1 3 5 2 0 7 6 0 0 0 1 0 0
19111411 609 4 3 2 1 3 1 0 3 1 0 0 0 0 1 1 2 1 3 12 0 5 1 2 0 3 2 4 2 1 3 0 5
19111412 526 1 3 1 0 1 1 0 0 0 0 0 0 1 3 3 4 6 0 2 0 12 1 3 5 6 0 0 0 2
19111413 485 7 2 1 1 3 3 1 2 1 0 2 1 0 0 0 0 3 2 2 3 1 1 0 12 4 2 2 3 6 4 3 4 4 0 0
19111414 543 4 3 1 1 2 1 0 1 1 0 0 0 0 2 1 1 0 3 3 0 2 2 6 12 0 5 5 8 0 3 5 3
19111415 486 11 2 1 3 3 2 2 1 1 3 3 2 1 0 1 1 0 0 0 0 3 4 4 0 0 4 4 1 3 5 8 0 0 0 12 0 0 2 4
19111416 450 10 1 3 1 2 1 3 3 2 2 2 1 0 3 1 0 0 0 0 3 4 3 3 5 12 0 4 3 4 2 4 6 0 0 1 3 0 1
19111418 506 6 2 3 3 1 2 1 1 0 2 1 0 0 0 0 2 2 2 1 1 3 0 5 3 2 3 3 8 4 0 12 8 5 0
19111419 582 4 1 2 3 1 1 0 3 1 0 0 0 0 2 1 1 3 0 0 0 3 2 3 0 1 7 5 2 12 3 3 4
19111420 635 10 3 2 2 1 3 2 3 1 1 2 1 0 3 1 0 0 0 0 3 4 3 3 3 8 0 4 6 12 0 3 4 5 1 4 2 0 1
19111421 617 6 1 2 1 3 3 1 1 0 3 1 0 0 0 0 3 1 2 2 5 0 0 4 3 0 0 3 6 3 7 3 12 4 2
19111422 563 5 2 1 3 1 3 1 0 1 1 0 0 0 0 2 1 2 0 12 3 4 0 2 5 4 3 0 1 2 0 2 0 0
19111423 611 4 3 1 1 2 1 0 2 1 0 0 0 0 2 1 1 4 1 3 0 7 7 2 1 3 12 8 5 4 7 3 2
19111424 436 0 1 0 3 1 0 0 0 0 0 0 0 3 5 3 3 1 12 6 3 3 1 0 2 0 0 2 0
19111425 579 10 1 3 2 2 3 1 3 3 1 2 1 0 1 1 0 0 0 0 3 3 4 3 5 8 12 5 7 5 1 4 0 4 2 2 0 0 0
19111426 540 3 3 3 1 1 0 2 1 0 0 0 0 1 0 2 0 3 0 0 0 3 0 1 3 5 3 3 5 2 12 3
19111427 532 0 1 0 2 1 0 0 0 0 0 0 0 3 2 7 12 1 2 6 1 0 4 4 1 0 3 0 3
19111428 550 6 3 1 1 2 2 3 1 0 2 1 0 0 0 0 2 2 2 0 1 3 12 0 3 6 7 3 3 4 1 0 2 0 0
19111429 620 6 1 3 2 1 3 2 1 0 2 1 0 0 0 0 2 2 2 12 4 3 0 4 5 4 0 1 3 5 1 0 0 0 2
19111430 565 3 3 2 1 3 1 7 0.1818181818181818 8 0.27272727272727271 9 0.54545454545454541 1 1 1 0 0 3 3 2 4 3 4 1 3 1 12 0 0 0 2
19111431 531 6 3 3 2 1 1 3 1 0 2 1 0 0 0 0 2 1 3 3 3 5 12 4 7 5 1 0 3 1 2 0 0 0 2
19111432 508 3 1 2 1 1 0 2 1 0 0 0 0 2 1 0 0 3 0 1 1 2 5 2 0 3 4 4 0 0 4 12
19111433 570 3 1 3 1 1 0 3 1 0 0 0 0 2 0 1 0 3 1 0 2 3 3 0 2 6 3 4 12 6 3 2
19111434 596 9 3 3 1 2 1 3 1 3 2 1 0 2 1 0 0 0 0 3 2 4 12 7 7 8 4 1 5 2 0 3 2 5 1 0 0 0
19111435 584 10 3 1 3 3 2 2 1 1 2 1 1 0 3 1 0 0 0 0 4 3 3 0 1 3 12 0 3 4 5 2 5 4 4 0 3 2 0
19111436 560 5 1 2 3 3 3 1 0 3 1 0 0 0 0 1 1 3 0 2 0 0 1 1 0 1 2 3 5 2 3 4 12 0
19111437 554 11 3 2 3 1 3 1 3 2 2 1 2 1 0 1 1 0 0 0 0 3 4 4 3 1 2 0 5 3 0 0 12 5 2 0 0 0 6 1
19111438 566 0 1 0 2 1 0 0 0 0 0 0 0 1 3 3 12 0 0 4 6 3 4 2 3 0 0 0 1
19111439 571 8 2 2 3 3 1 1 2 2 1 0 3 1 0 0 0 0 2 4 2 0 3 4 12 0 3 7 4 0 0 4 1 3 0 0 1
19111440 542 8 3 1 1 3 1 2 3 3 1 0 1 1 0 0 0 0 3 1 4 2 6 0 0 1 4 0 0 12 6 4 2 5 2 3 2
19111441 545 11 1 3 2 3 3 1 3 1 2 1 2 1 0 2 1 0 0 0 0 4 3 4 4 5 3 3 12 6 7 5 6 4 9 3 3 0 0 0
19111442 522 3 1 1 3 1 0 3 1 0 0 0 0 2 0 1 3 12 3 2 1 3 4 5 2 4 4 0 0 2 0 0
19111443 541 11 1 3 1 3 1 2 3 2 2 3 2 1 0 1 1 0 0 0 0 3 4 4 3 4 12 0 3 5 6 0 2 3 3 0 0 0 3 1
19111444 526 4 2 2 3 1 1 0 3 1 0 0 0 0 1 2 1 3 5 1 4 12 3 0 2 7 2 3 1 3 1 0 0
19111445 490 0 1 0 1 1 0 0 0 0 0 0 0 4 5 2 1 12 3 4 0 3 2 2 0 1 0 3 0
19111446 508 4 2 1 1 2 1 0 2 1 0 0 0 0 2 2 0 2 1 0 0 3 6 4 0 4 7 4 0 12 4 1 3
19111447 546 3 2 3 1 1 0 1 1 0 0 0 0 1 1 1 0 0 1 1 3 2 0 4 2 2 5 4 0 3 3 12
19111448 559 8 3 1 1 3 2 3 2 1 1 0 2 1 0 0 0 0 3 2 3 0 0 2 0 0 1 4 1 3 7 4 6 2 3 8 12
19111449 528 2 1 1 1 0 2 1 0 0 0 0 2 0 0 0 0 3 0 5 2 0 0 6 5 3 3 12 1 2 0
19111450 505 3 3 3 1 1 0 2 1 0 0 0 0 1 0 2 0 4 0 0 4 3 3 3 7 4 0 0 4 12 4 0
19111451 484 4 2 3 3 2 1 0 2 1 0 0 0 0 0 2 2 0 0 0 3 1 1 1 3 3 3 3 0 12 7 5 0
19111452 607 4 1 3 2 2 1 0 3 1 0 0 0 0 1 2 1 12 5 4 0 3 5 4 3 3 6 5 0 0 1 2 1
19111453 573 11 2 3 3 1 1 2 1 2 3 3 1 1 0 2 1 0 0 0 0 4 3 4 0 3 0 3 0 4 12 1 0 4 5 2 3 3 3 4
19111454 528 0 1 0 2 1 0 0 0 0 0 0 0 0 0 3 0 0 2 3 1 4 1 5 0 12 5 4 4
19111455 524 3 3 3 3 1 0 1 1 0 0 0 0 0 0 3 0 2 0 1 12 0 3 0 3 4 2 2 4 4 1 0
19111456 526 11 2 1 2 1 1 3 3 1 3 3 2 3 1 5 0.42857142857142855 6 0.2857142857142857 7 0.2857142857142857 4 3 4 0 0 2 0 0 1 1 4 2 2 12 4 0 4 4 5
19111457 555 4 2 3 2 3 1 0 3 1 0 0 0 0 0 2 2 1 2 1 3 1 4 6 4 12 2 4 0 0 0 1 0
19111458 609 0 1 0 3 1 0 0 0 0 0 0 0 4 2 3 3 1 4 12 0 5 2 0 0 1 0 3 0
19111459 524 5 1 1 2 3 3 1 0 2 1 0 0 0 0 2 1 2 3 2 0 0 5 2 1 0 4 4 3 1 4 6 12 0
19111460 591 10 2 2 1 2 3 1 2 3 1 3 1 0 3 1 0 0 0 0 3 4 3 12 7 6 2 4 4 3 6 4 0 0 1 0 0 1 0
19111461 452 8 2 3 3 3 1 2 2 1 1 0 3 1 0 0 0 0 2 3 3 0 12 8 5 3 5 4 7 1 3 3 1 0 0 3 2
19111463 543 5 1 3 3 2 1 1 0 3 1 0 0 0 0 2 1 2 2 2 12 3 0 5 2 1 0 3 0 3 0 8 1 0
19111465 578 1 3 1 0 1 1 0 0 0 0 0 0 1 0 2 0 0 12 3 1 2 5 6 0 0 3 3 0 0
19111466 520 8 3 1 2 1 2 2 1 2 1 0 3 1 0 0 0 0 3 4 1 3 2 12 8 5 5 6 0 3 1 3 0 1 0 0 0
19111467 551 2 3 2 1 0 2 1 0 0 0 0 0 1 1 0 1 0 0 4 4 4 0 6 7 12 1 0 1 2 0
19111468 532 7 2 2 3 1 1 1 3 1 0 1 1 0 0 0 0 3 2 2 3 0 2 0 3 5 8 0 6 6 4 3 12 5 2 3
19111469 444 1 2 1 0 1 1 0 0 0 0 0 1 0 12 5 4 1 2 7 0 0 0 3 0 0 1 2 0 0
19111470 603 1 3 1 0 3 1 0 0 0 0 0 0 1 0 0 0 3 2 2 3 4 1 3 1 8 1 2 12 8
19111471 534 7 2 1 1 1 3 3 1 3 1 7 0.1818181818181818 8 0.27272727272727271 9 0.54545454545454541 4 1 2 12 4 3 3 7 3 2 0 3 2 4 3 2 1 2 0
19111472 547 2 2 1 1 0 3 1 0 0 0 0 1 1 0 0 1 0 0 3 2 3 5 0 0 3 12 0 4 4 5
19111473 510 9 3 1 3 1 3 2 2 1 1 1 0 2 1 0 0 0 0 4 2 3 12 4 9 3 5 7 3 2 3 3 0 0 0 4 3 0
19111474 548 1 3 1 0 3 1 0 0 0 0 0 0 1 0 0 2 2 0 4 4 4 1 4 7 5 0 12 1 5
19111475 480 2 3 3 1 0 3 1 0 0 0 0 0 0 2 2 1 4 4 3 4 5 6 0 3 3 12 0 2 1 0
19111476 554 5 1 3 2 2 1 1 0 3 1 0 0 0 0 2 2 1 12 4 2 1 3 4 6 1 0 0 3 0 0 0 2 0
19111477 705 2 2 2 1 0 3 1 0 0 0 0 0 2 0 2 1 3 12 0 1 5 8 0 1 4 9 0 3 5 4
19111478 582 4 2 1 3 3 1 0 1 1 0 0 0 0 1 1 2 0 3 7 0 0 4 6 12 3 5 4 4 1 2 2 3
19111479 409 2 2 3 1 0 1 1 0 0 0 0 0 1 1 2 12 4 1 5 4 3 6 3 3 0 3 2 0 1 0
19111480 482 8 2 1 3 3 3 1 1 2 1 0 1 1 0 0 0 0 3 2 3 2 5 1 3 6 5 3 0 12 3 0 2 3 2 0 0
19111483 552 0 1 0 2 1 0 0 0 0 0 0 0 0 4 3 12 1 0 5 7 0 3 6 2 0 0 1 0
19111484 531 0 1 0 1 1 0 0 0 0 0 0 0 0 0 3 3 5 3 4 2 8 5 1 2 12 5 3 0
19111485 550 10 1 1 1 3 2 1 3 2 2 2 1 0 3 1 0 0 0 0 4 4 2 0 2 4 12 0 3 3 4 0 2 1 6 3 1 0 0
19111486 504 3 1 2 3 1 0 2 1 0 0 0 0 1 1 1 0 3 1 0 3 2 12 3 0 3 3 4 0 5 3 1
19111487 529 0 1 0 1 1 0 0 0 0 0 0 0 1 0 0 0 0 3 0 0 2 12 4 2 6 3 3 3
19111488 585 8 3 1 2 3 1 1 2 3 1 0 3 1 0 0 0 0 3 2 3 0 2 0 0 3 0 1 0 7 6 3 0 12 8 5 2
19111489 571 11 1 2 1 3 2 3 2 2 1 3 1 1 0 3 1 0 0 0 0 4 4 3 1 0 4 3 2 7 4 3 0 12 6 4 0 0 3 0
19111490 547 4 1 2 3 3 1 0 1 1 0 0 0 0 1 1 2 4 8 12 2 4 7 7 0 1 4 1 0 0 2 0 2
19111491 494 3 3 3 1 3 1 6 0.28571428571428575 7 0.28571428571428575 8 0.4285714285714286 1 0 2 12 5 3 3 3 6 3 2 2 0 0 0 0 0 1 0
19111492 605 3 2 3 2 1 0 3 1 0 0 0 0 0 2 1 0 1 0 2 0 3 4 0 0 7 3 3 1 1 7 12
19111493 589 3 1 1 1 1 0 3 1 0 0 0 0 3 0 0 0 0 0 2 0 6 2 3 0 3 3 9 3 2 5 12
19111494 487 7 3 1 1 1 2 2 1 1 0 3 1 0 0 0 0 4 2 1 2 0 3 2 5 3 3 0 12 3 0 0 4 6 0 0
19111495 504 0 1 0 2 1 0 0 0 0 0 0 0 3 3 4 4 1 5 4 12 2 5 1 3 0 0 0 3
19111496 538 3 2 3 1 3 1 6 0.28571428571428575 7 0.28571428571428575 8 0.4285714285714286 1 1 1 2 3 0 0 0 0 2 5 0 3 6 5 0 1 1 12
19111497 504 0 1 0 1 1 0 0 0 0 0 0 0 1 4 2 4 0 2 5 4 0 2 12 1 1 0 2 0
19111498 619 5 2 2 3 2 3 1 0 1 1 0 0 0 0 0 3 2 12 8 5 1 4 4 0 0 8 5 0 0 1 3 0 0
19111499 486 9 3 2 1 3 2 1 3 3 2 1 0 2 1 0 0 0 0 2 3 4 0 1 0 0 2 2 1 0 4 4 5 1 12 7 4 1
19111500 452 0 1 0 3 1 0 0 0 0 0 0 0 0 1 0 0 2 2 3 2 1 5 7 5 3 5 1 12
19111501 452 6 3 1 1 3 3 2 1 0 2 1 0 0 0 0 2 1 3 1 0 3 1 3 0 7 0 4 3 2 0 12 5 2 0
19111502 528 2 3 2 1 0 1 1 0 0 0 0 0 1 1 0 0 1 0 2 4 1 0 3 5 6 2 6 12 4 3
19111503 526 2 2 3 1 0 1 1 0 0 0 0 0 1 1 0 3 0 0 2 3 3 7 3 5 5 0 1 3 12 0
19111504 618 5 3 2 1 1 3 1 0 2 1 0 0 0 0 2 1 2 3 0 3 0 2 1 4 1 4 12 2 4 3 3 4 0
19111505 576 2 3 1 1 0 3 1 0 0 0 0 1 0 1 12 2 8 0 5 7 4 2 3 4 1 0 1 0 2 0
19111506 595 1 2 1 0 1 1 0 0 0 0 0 1 0 0 1 12 5 3 3 4 2 1 5 3 0 2 0 0 0
19111507 539 11 2 3 1 1 3 3 1 2 2 1 3 1 0 2 1 0 0 0 0 4 3 4 3 0 6 0 0 12 4 3 1 4 2 0 0 1 2 0
19111508 483 6 3 2 2 3 2 1 1 0 3 1 0 0 0 0 1 3 2 3 5 1 0 6 3 4 0 12 3 4 3 0 1 0 0
19111509 426 8 2 1 3 2 3 2 1 3 1 0 1 1 0 0 0 0 2 3 3 2 3 0 2 0 0 4 1 1 3 5 3 0 0 3 12
19111510 559 2 3 1 1 0 2 1 0 0 0 0 1 0 1 0 2 0 3 4 4 0 0 3 5 3 3 12 3 1 0
19111511 506 7 1 3 1 1 2 2 2 1 0 2 1 0 0 0 0 3 3 1 6 5 2 3 8 5 5 1 12 1 4 0 3 0 0 0
19111512 541 2 1 1 1 0 1 1 0 0 0 0 2 0 0 4 0 3 0 4 7 2 2 8 6 2 2 12 5 1 3
19111513 577 9 3 2 1 1 1 2 3 3 2 1 0 2 1 0 0 0 0 3 3 3 2 5 7 12 0 5 4 3 1 0 1 3 0 0 0 4
19111514 529 5 1 2 1 3 1 1 0 3 1 0 0 0 0 3 1 1 0 0 3 0 2 2 4 1 4 4 2 0 4 1 12 2
19111515 507 9 1 3 1 3 2 2 3 2 1 1 0 1 1 0 0 0 0 3 3 3 0 4 0 2 5 3 3 3 4 6 0 0 4 5 12 0
19111516 522 9 3 1 1 2 2 3 2 2 1 1 0 3 1 0 0 0 0 3 4 2 0 0 5 3 1 3 3 3 0 3 12 4 0 0 0 7
19111517 508 11 1 1 3 1 3 2 2 3 2 2 1 1 0 3 1 0 0 0 0 4 4 3 0 2 1 0 0 0 4 12 3 6 3 4 1 3 2 3
19111518 566 11 1 1 2 3 2 1 3 2 3 3 1 1 0 2 1 0 0 0 0 4 3 4 0 3 3 4 3 4 4 7 0 2 1 12 0 0 3 3
19111519 485 2 1 2 3 1 7 0.1818181818181818 8 0.27272727272727271 9 0.54545454545454541 1 1 0 0 4 3 12 0 3 5 4 3 4 3 4 2 1 0 0
19111520 546 5 2 1 3 3 1 1 0 2 1 0 0 0 0 2 1 2 0 2 6 7 3 3 2 8 0 1 4 12 0 1 0 0
19111521 551 1 1 1 0 3 1 0 0 0 0 1 0 0 12 4 0 0 4 7 2 0 7 0 1 0 0 0 3 2
19111523 473 6 3 1 3 1 3 1 1 0 2 1 0 0 0 0 3 0 3 0 2 0 0 1 3 2 12 3 5 4 5 3 2 3 3
19111524 565 11 3 3 2 1 3 2 2 1 2 1 3 1 0 1 1 0 0 0 0 3 4 4 12 8 5 0 3 5 2 0 4 3 3 1 3 3 0 0
19111525 459 1 1 1 0 2 1 0 0 0 0 1 0 0 0 0 2 2 0 0 6 1 3 3 4 1 0 3 4 12
19111526 533 9 1 3 2 3 2 1 1 2 2 1 0 3 1 0 0 0 0 3 4 2 1 0 3 3 0 4 3 12 0 0 5 5 0 1 2 3
19111527 533 8 2 1 1 3 3 1 2 3 1 0 2 1 0 0 0 0 3 2 3 1 5 12 3 5 4 2 0 2 0 3 0 0 0 1 0
19111528 570 5 1 3 3 2 1 3 1 4 0.54545454545454541 5 0.27272727272727271 6 0.1818181818181818 2 1 2 12 8 3 0 8 7 5 2 6 4 3 0 2 0 3 1
19111529 521 6 3 1 2 1 1 1 1 0 3 1 0 0 0 0 4 1 1 0 0 2 0 0 3 0 3 3 7 3 2 12 6 4 2
19111530 563 0 1 0 3 1 0 0 0 0 0 0 0 1 0 0 0 0 0 3 0 2 4 4 3 0 12 5 4
19111531 590 10 1 2 3 2 3 3 2 1 1 1 1 0 3 1 0 0 0 0 4 3 3 12 3 1 2 3 6 4 2 3 5 4 0 3 0 3 0
19111532 497 11 2 3 1 1 3 3 3 1 2 2 1 1 0 2 1 0 0 0 0 4 3 4 0 1 1 4 2 2 4 12 3 4 4 2 0 1 0 0
19111533 470 1 3 1 0 3 1 0 0 0 0 0 0 1 0 1 2 3 1 5 4 12 0 2 2 1 0 4 3 3
19111534 609 0 1 0 1 1 0 0 0 0 0 0 0 1 6 2 0 3 3 2 1 12 2 4 0 3 0 0 0
19111535 587 3 1 2 1 1 0 3 1 0 0 0 0 2 1 0 0 2 2 0 0 4 7 12 1 5 5 9 0 4 4 5
19111536 532 8 1 2 3 2 3 1 1 3 1 0 2 1 0 0 0 0 3 2 3 12 3 4 0 6 5 2 0 3 4 8 0 1 0 2 1
19111537 635 1 1 3 1 6 0.28571428571428575 7 0.28571428571428575 8 0.4285714285714286 1 0 0 2 3 3 2 0 5 4 5 0 1 6 12 0 3 3 0
19111538 595 0 1 0 2 1 0 0 0 0 0 0 0 1 3 0 0 4 3 2 3 12 5 0 0 1 3 6 0
19111539 572 10 1 2 1 3 3 3 1 2 1 3 1 0 2 1 0 0 0 0 4 2 4 0 0 2 0 0 1 5 5 3 5 7 12 2 2 1 3
19111540 523 7 1 2 3 2 3 1 1 1 0 2 1 0 0 0 0 3 2 2 0 3 3 0 12 6 0 3 4 4 5 0 3 2 1 0
19111541 545 9 2 2 3 2 1 1 3 3 1 1 0 2 1 0 0 0 0 3 3 3 1 0 3 12 0 4 7 5 0 0 4 3 0 3 0 0
19111542 581 8 2 2 1 3 3 1 1 3 1 0 1 1 0 0 0 0 3 2 3 12 5 3 0 3 5 6 0 4 3 0 2 2 0 0 0
19111543 526 5 3 2 1 1 1 1 0 3 1 0 0 0 0 3 1 1 12 4 0 0 2 5 6 1 8 5 3 2 3 2 0 0
19111544 527 10 2 3 1 1 1 2 3 2 3 2 1 0 1 1 0 0 0 0 3 4 3 2 1 5 2 3 2 12 3 0 0 1 1 3 0 0 3
19111546 479 5 1 2 3 1 2 1 0 2 1 0 0 0 0 2 2 1 0 0 3 1 0 2 1 4 0 7 4 3 3 0 5 12
19111547 487 7 1 3 3 1 2 3 1 1 0 2 1 0 0 0 0 3 1 3 0 3 0 0 0 0 4 2 0 1 6 4 2 3 3 12
19111548 572 7 1 3 2 1 2 3 1 1 0 1 1 0 0 0 0 3 2 2 0 3 0 4 2 4 3 6 2 3 2 12 0 3 1 3
19111549 610 3 1 3 3 1 0 2 1 0 0 0 0 1 0 2 2 0 0 0 12 4 3 1 5 4 5 2 1 4 0 0
19111551 406 3 2 3 3 1 0 1 1 0 0 0 0 0 1 2 0 1 5 3 2 4 3 12 0 0 6 3 0 2 1 8
19111552 512 3 3 2 1 1 0 3 1 0 0 0 0 1 1 1 3 0 0 2 4 4 0 0 5 4 1 0 3 12 4 0
19111553 563 3 1 3 2 1 0 2 1 0 0 0 0 1 1 1 4 12 6 0 4 4 3 1 5 4 3 0 7 0 3 0
19111554 538 3 2 1 3 1 0 3 1 0 0 0 0 1 1 1 0 3 7 12 1 4 6 2 0 2 4 3 2 0 1 1
19111555 570 6 2 1 3 2 1 3 1 0 3 1 0 0 0 0 2 2 2 12 6 5 0 8 6 4 0 0 6 1 2 2 3 1 0
19111556 583 4 2 3 1 1 1 0 2 1 0 0 0 0 2 1 1 1 0 2 0 2 4 5 3 0 0 4 12 3 3 1 4
19111557 535 7 1 2 3 1 3 2 2 1 0 3 1 0 0 0 0 2 3 2 0 2 3 12 1 3 6 3 0 0 2 3 0 0 1 1
19111558 551 11 2 2 1 3 2 3 1 1 3 1 3 1 0 2 1 0 0 0 0 4 3 4 2 0 3 0 3 2 3 0 1 5 1 0 3 12 3 3
19111559 562 2 2 2 1 0 1 1 0 0 0 0 0 2 0 2 3 1 12 0 1 6 3 0 3 3 2 0 0 0 1
19111560 565 3 2 3 2 1 0 2 1 0 0 0 0 0 2 1 0 0 2 0 1 1 1 3 4 4 5 0 1 6 8 12
19111561 576 2 2 3 1 0 1 1 0 0 0 0 0 1 1 3 2 0 0 3 4 0 1 1 5 3 2 3 4 12 0
19111562 571 6 3 1 3 1 1 3 1 0 2 1 0 0 0 0 3 0 3 0 0 2 3 3 1 4 2 5 5 2 0 12 1 2 0
19111563 492 3 3 2 1 1 0 3 1 0 0 0 0 1 1 1 2 3 3 0 1 5 4 5 0 3 4 8 0 2 1 12
19111564 555 7 1 3 1 1 3 2 2 1 0 2 1 0 0 0 0 3 2 2 0 0 2 1 3 0 8 3 2 5 6 0 12 1 4 3
19111565 565 3 2 2 1 1 0 1 1 0 0 0 0 1 2 0 0 2 0 3 0 9 4 4 0 1 12 5 3 3 4 8
19111566 539 6 1 3 1 2 3 3 1 0 2 1 0 0 0 0 2 1 3 0 1 2 0 2 4 4 6 0 1 5 8 0 8 3 12
19111567 564 4 2 3 1 3 1 0 2 1 0 0 0 0 1 1 2 0 5 12 1 0 8 4 2 0 0 5 0 1 0 2 1
19111568 521 10 1 3 2 1 1 1 3 3 2 2 1 0 3 1 0 0 0 0 4 3 3 12 7 5 1 2 2 4 0 5 4 3 1 0 3 2 0
19111569 526 4 3 2 2 2 1 0 3 1 0 0 0 0 0 3 1 0 3 0 1 2 6 2 12 1 1 3 1 0 4 1 3
19111570 468 1 2 1 0 2 1 0 0 0 0 0 1 0 4 1 0 2 12 3 1 0 3 6 3 4 1 0 0 0
19111571 499 9 2 1 3 3 1 2 2 2 1 1 0 3 1 0 0 0 0 3 4 2 1 3 0 3 4 2 1 0 4 6 4 0 5 7 12 0
19111572 598 3 1 3 3 1 0 2 1 0 0 0 0 1 0 2 1 0 3 0 1 2 7 0 0 6 3 12 2 3 5 4
19111573 524 2 2 2 1 0 1 1 0 0 0 0 0 2 0 3 12 3 0 5 6 4 0 1 4 3 2 3 1 2 1
19111574 542 1 2 1 0 1 1 0 0 0 0 0 1 0 0 2 1 0 3 4 3 0 2 4 1 2 1 4 12 0
19111575 566 0 1 0 1 1 0 0 0 0 0 0 0 2 1 2 3 0 2 5 7 0 4 4 7 0 1 4 12
19111576 562 8 3 2 2 1 3 3 1 1 1 0 2 1 0 0 0 0 3 2 3 12 4 6 1 4 4 1 3 2 2 0 0 0 3 0 0
19111577 539 0 1 0 2 1 0 0 0 0 0 0 0 1 3 0 0 3 4 3 2 5 5 1 0 12 4 3 0
19111578 530 8 1 2 2 3 3 1 3 3 1 0 2 1 0 0 0 0 2 2 4 3 3 12 6 1 4 4 5 2 1 4 1 2 3 0 0
19111579 560 6 1 2 3 2 3 1 3 1 4 0.54545454545454541 5 0.27272727272727271 6 0.1818181818181818 2 2 2 1 3 5 12 0 3 4 5 0 2 2 7 0 0 0 1
19111580 529 9 2 3 3 1 1 3 2 2 1 1 0 3 1 0 0 0 0 3 3 3 0 3 0 2 1 2 0 0 3 3 1 4 0 6 5 12
19111581 533 6 3 1 2 2 1 1 1 0 3 1 0 0 0 0 3 2 1 1 0 2 0 4 1 4 3 4 2 3 7 2 12 3 0
19111582 536 11 3 2 1 1 3 3 2 2 1 3 2 1 0 1 1 0 0 0 0 3 4 4 0 1 2 0 0 0 4 3 3 5 7 3 6 5 8 12
19111583 509 1 3 1 0 1 1 0 0 0 0 0 0 1 2 12 2 1 1 5 4 5 0 1 2 0 3 0 2 0
19111585 442 10 1 3 1 2 3 3 1 3 2 2 1 0 2 1 0 0 0 0 3 3 4 1 3 5 12 0 1 2 5 0 4 3 1 0 0 0 2
19111586 539 1 1 1 0 2 1 0 0 0 0 1 0 0 1 3 2 0 12 5 1 3 3 2 2 3 0 5 0 1
19111587 588 10 2 1 3 3 3 1 2 2 1 2 1 0 1 1 0 0 0 0 3 4 3 2 3 4 12 0 1 6 4 0 0 3 3 0 0 0 3
19111588 565 6 1 2 1 2 3 2 1 0 3 1 0 0 0 0 2 3 1 12 2 3 1 1 6 5 1 3 4 2 0 3 0 0 0
19111589 557 5 1 3 3 1 2 1 0 1 1 0 0 0 0 2 1 2 0 0 1 2 3 2 2 4 4 4 3 0 5 8 12 0
19111590 547 4 3 2 3 3 1 0 1 1 0 0 0 0 0 1 3 5 4 3 2 12 1 2 1 3 2 0 0 4 3 1 0
19111591 504 0 1 0 2 1 0 0 0 0 0 0 0 1 4 6 3 2 1 4 12 0 3 1 3 0 0 2 0
19111592 505 0 1 0 2 1 0 0 0 0 0 0 0 2 0 5 4 0 4 4 3 0 1 7 3 0 12 8 1
19111593 414 11 1 1 1 3 2 2 3 3 2 1 2 1 0 3 1 0 0 0 0 4 4 3 12 6 1 0 2 7 5 4 3 4 4 0 3 0 0 3
19111594 501 3 1 2 2 1 0 3 1 0 0 0 0 1 2 0 2 3 0 0 0 6 1 2 1 8 6 3 1 3 7 12
19111595 609 1 2 1 0 1 1 0 0 0 0 0 1 0 0 2 0 4 3 5 1 3 2 3 4 12 1 1 3 2
19111596 483 3 3 2 2 1 0 1 1 0 0 0 0 0 2 1 1 3 5 3 3 12 3 0 2 3 4 0 0 1 3 0
19111598 582 8 3 3 1 3 2 2 1 1 1 0 2 1 0 0 0 0 3 2 3 12 4 3 2 3 7 3 1 3 5 0 0 1 2 0 0
19111599 583 10 3 2 1 1 3 1 3 2 2 3 1 0 1 1 0 0 0 0 3 3 4 2 3 2 0 3 0 4 0 3 4 6 0 12 5 1 6
