19110001 811 5 3 2 2 3 3 1 0 2 1 0 0 0 0 0 2 3 0 2 0 1 0 3 0 0 1 6 1 0 13 7 5 1
19110002 811 7 1 1 2 3 1 3 2 1 0 3 1 0 0 0 0 3 2 2 6 5 1 3 0 5 6 3 3 7 13 5 0 2 4 2
19110003 839 4 2 1 2 3 1 0 3 1 0 0 0 0 1 2 1 0 0 0 3 0 1 5 1 4 6 5 3 2 0 3 13
19110004 880 3 1 1 3 1 0 3 1 0 0 0 0 2 0 1 8 4 13 0 3 5 4 2 4 3 0 0 2 0 0 0
19110006 866 11 3 2 1 3 2 3 1 2 1 2 1 1 0 3 1 0 0 0 0 4 4 3 13 5 6 1 4 4 3 2 3 0 0 0 3 0 0 0
19110007 808 3 2 1 1 1 0 3 1 0 0 0 0 2 1 0 0 8 4 13 0 3 3 4 5 3 7 2 0 1 2 3
19110009 952 1 3 1 0 1 1 0 0 0 0 0 0 1 4 0 2 0 6 4 0 0 8 3 3 0 13 3 1 2
19110010 787 6 1 2 3 1 3 1 1 0 2 1 0 0 0 0 3 1 2 3 2 4 3 13 4 1 0 4 5 3 0 1 2 0 2
19110011 802 5 1 2 3 1 2 1 0 2 1 0 0 0 0 2 2 1 1 0 1 4 1 1 5 2 0 0 5 13 2 4 2 3
19110012 777 0 1 0 3 1 0 0 0 0 0 0 0 13 2 3 3 9 1 4 0 3 8 4 2 6 5 1 0
19110013 896 8 3 1 3 1 1 2 2 3 1 0 3 1 0 0 0 0 3 2 3 0 0 2 1 1 5 8 0 2 5 2 0 3 8 13 0
19110014 740 6 2 3 1 2 2 3 1 0 2 1 0 0 0 0 1 3 2 2 3 13 0 4 2 4 1 6 1 3 1 1 1 5 0
19110015 836 1 2 1 0 2 1 0 0 0 0 0 1 0 3 3 3 3 8 9 3 1 13 5 4 0 1 3 0 0
19110016 884 7 2 2 3 1 2 1 3 1 0 1 1 0 0 0 0 2 3 2 0 3 2 3 0 6 8 3 1 4 7 2 1 4 5 13
19110017 745 11 2 2 2 2 1 1 3 1 3 3 3 1 0 1 1 0 0 0 0 3 4 4 0 1 3 2 4 3 8 5 3 4 6 3 2 1 5 13
19110019 915 9 2 1 2 3 1 2 3 2 1 1 0 3 1 0 0 0 0 3 4 2 0 0 1 0 3 4 3 3 0 4 13 3 0 6 2 1
19110020 875 1 2 1 0 2 1 0 0 0 0 0 1 0 13 1 1 0 3 5 3 0 3 3 0 3 3 0 0 0
19110021 900 8 3 3 2 2 2 3 3 2 1 0 1 1 0 0 0 0 0 4 4 5 1 0 0 3 6 2 3 13 3 1 1 0 0 0 1
19110022 844 0 1 0 1 1 0 0 0 0 0 0 0 1 1 0 2 2 3 4 3 0 9 3 5 13 3 2 3
19110023 926 3 2 3 2 3 1 4 0.54545454545454553 5 0.27272727272727276 6 0.18181818181818185 0 2 1 0 1 4 3 3 1 7 1 2 4 8 2 0 13 1 3
19110025 1056 9 3 1 3 1 2 2 3 1 2 1 0 3 1 0 0 0 0 3 3 3 4 3 2 1 3 4 13 0 3 5 1 0 0 2 0 0
19110027 790 7 2 3 3 1 2 2 1 1 0 3 1 0 0 0 0 2 3 2 0 13 3 1 1 3 5 2 0 2 3 3 0 0 0 1
19110028 936 11 3 2 2 2 1 3 3 1 1 2 1 1 0 3 1 0 0 0 0 4 4 3 3 3 0 0 1 2 6 4 7 4 13 3 0 3 1 2
19110029 729 1 1 1 0 1 1 0 0 0 0 1 0 0 13 1 7 2 6 5 1 0 2 2 3 0 0 2 0 3
19110030 773 11 2 3 1 2 2 1 1 1 3 3 2 1 0 3 1 0 0 0 0 4 4 3 13 8 4 0 9 4 3 0 4 2 3 2 1 1 0 0
19110031 929 9 3 1 2 3 1 3 2 1 2 1 0 3 1 0 0 0 0 3 3 3 0 5 2 2 6 4 4 3 1 5 7 1 3 13 5 3
19110034 815 6 2 1 1 2 2 3 1 0 3 1 0 0 0 0 2 3 1 3 5 2 1 13 3 3 2 3 4 5 0 3 1 1 0
19110035 890 9 2 2 3 1 3 3 2 1 1 1 0 2 1 0 0 0 0 3 3 3 1 2 0 0 4 3 0 0 5 6 1 0 13 4 4 3
19110037 767 7 1 2 3 2 1 2 3 1 0 2 1 0 0 0 0 2 3 2 1 3 4 0 1 3 6 0 13 3 5 1 2 3 3 0
19110039 838 0 1 0 2 1 0 0 0 0 0 0 0 4 1 0 0 3 13 0 3 3 5 6 2 3 4 5 1
19110041 821 8 2 1 3 2 1 2 1 3 1 0 3 1 0 0 0 0 3 3 2 1 3 2 4 0 4 3 3 0 13 6 4 0 3 3 0
19110043 831 2 3 3 1 0 2 1 0 0 0 0 0 0 2 1 4 3 2 13 2 0 0 4 1 5 0 1 0 0 0
19110045 1008 11 1 1 2 2 2 1 3 3 2 3 3 1 0 1 1 0 0 0 0 3 4 4 0 0 2 5 0 3 5 3 1 3 3 13 0 0 4 3
19110046 858 2 3 2 1 0 3 1 0 0 0 0 0 1 1 13 3 4 0 9 3 5 2 2 8 3 1 3 1 3 1
19110048 785 2 3 3 1 0 1 1 0 0 0 0 0 0 2 3 3 5 3 2 4 2 3 9 13 6 0 3 1 3 0
19110051 981 11 3 1 3 3 2 2 3 1 1 1 2 1 0 2 1 0 0 0 0 4 3 4 0 0 0 2 2 3 1 4 0 1 5 4 1 2 9 13
19110053 845 0 1 0 1 1 0 0 0 0 0 0 0 4 0 2 0 6 1 0 0 3 13 2 1 2 3 4 3
19110054 779 5 3 1 1 1 2 1 0 2 1 0 0 0 0 3 1 1 13 8 3 0 8 6 4 0 4 5 7 0 2 0 0 3
19110056 961 2 2 3 1 0 3 1 0 0 0 0 0 1 1 0 0 2 3 0 3 4 3 1 3 2 1 0 13 3 1
19110058 910 3 1 2 3 1 0 2 1 0 0 0 0 1 1 1 1 4 13 1 4 8 4 4 5 1 7 3 2 0 0 2
19110059 765 11 3 1 1 2 1 3 2 2 3 1 2 1 0 3 1 0 0 0 0 4 4 3 4 2 3 2 2 3 6 3 1 5 13 0 1 8 0 1
19110060 980 7 1 3 2 1 2 3 1 1 0 1 1 0 0 0 0 3 2 2 3 0 2 0 1 3 3 0 5 4 8 0 13 4 2 2
19110061 761 1 1 1 0 2 1 0 0 0 0 1 0 0 0 4 4 13 0 7 5 4 1 0 2 4 0 0 3 3
19110062 865 11 2 3 3 3 2 1 1 1 2 1 2 1 0 3 1 0 0 0 0 4 4 3 13 7 6 1 6 2 5 0 4 8 1 3 0 3 0 2
19110063 926 3 1 1 1 1 0 2 1 0 0 0 0 3 0 0 3 4 4 13 5 0 8 2 0 0 4 3 0 3 2 0
19110064 829 7 3 2 1 2 1 2 3 1 0 1 1 0 0 0 0 2 3 2 0 1 1 13 0 3 4 3 2 3 4 3 2 0 1 2
19110066 842 9 3 1 2 3 1 1 2 2 1 1 0 3 1 0 0 0 0 4 3 2 3 0 0 0 0 0 0 4 2 4 3 4 8 5 3 13
19110068 949 5 2 1 1 2 1 1 0 3 1 0 0 0 0 3 2 0 0 2 1 3 1 3 5 5 2 7 6 9 0 5 13 2
19110069 871 6 3 2 2 1 1 2 1 0 1 1 0 0 0 0 2 3 1 0 3 0 0 13 3 0 2 7 5 4 3 5 4 1 0
19110071 859 3 2 3 2 1 0 3 1 0 0 0 0 0 2 1 0 0 0 3 1 0 13 3 2 4 1 1 0 1 5 2
19110073 853 3 1 3 3 1 0 3 1 0 0 0 0 1 0 2 0 0 1 2 0 0 0 7 2 5 1 9 2 3 3 13
19110075 773 8 3 2 3 2 2 3 1 3 1 0 2 1 0 0 0 0 1 3 4 0 1 1 13 1 4 2 3 1 0 4 2 0 5 1 3
19110076 719 2 1 2 1 0 1 1 0 0 0 0 1 1 0 0 4 13 3 3 4 2 6 1 2 4 5 0 1 0 2
19110081 790 1 1 1 0 2 1 0 0 0 0 1 0 0 2 13 3 0 5 6 7 3 5 2 3 1 0 0 1 0
19110083 876 11 3 1 2 3 2 1 2 3 1 3 2 1 0 1 1 0 0 0 0 3 4 4 3 2 8 1 9 4 5 3 7 3 13 0 1 3 2 0
19110084 888 8 2 2 2 3 3 1 1 1 1 0 3 1 0 0 0 0 3 3 2 4 3 1 0 4 2 4 3 1 13 0 3 2 3 0 0
19110086 809 11 2 3 1 3 3 2 1 2 2 3 1 1 0 1 1 0 0 0 0 3 4 4 3 3 0 0 3 4 13 0 4 5 2 3 3 1 0 0
19110087 888 9 1 3 2 2 1 3 1 3 3 1 0 2 1 0 0 0 0 3 2 4 1 2 0 0 0 0 3 1 0 2 4 5 0 5 7 13
19110088 926 6 3 1 1 1 3 2 1 0 2 1 0 0 0 0 3 1 2 2 0 0 0 2 1 4 4 0 4 4 1 3 2 4 13
19110089 861 10 2 1 2 3 2 1 2 3 1 3 1 0 3 1 0 0 0 0 3 4 3 0 3 0 0 4 3 3 0 7 6 2 0 13 1 0 1
19110091 833 9 2 3 2 1 1 3 1 3 3 1 0 2 1 0 0 0 0 3 2 4 1 13 1 1 2 4 3 1 3 2 6 3 0 2 2 4
19110092 1009 11 3 1 3 3 2 1 2 1 3 2 1 1 0 2 1 0 0 0 0 4 3 4 0 1 9 2 3 5 7 1 3 4 2 0 13 3 5 3
19110094 823 11 1 1 3 2 3 2 1 2 1 2 3 1 0 3 1 0 0 0 0 4 4 3 2 3 0 0 3 4 4 0 5 8 6 0 1 13 2 1
19110099 841 0 1 0 2 1 0 0 0 0 0 0 0 0 0 2 3 2 6 5 3 3 5 1 4 0 1 1 13
19110103 689 7 3 2 3 3 3 2 2 1 0 1 1 0 0 0 0 0 3 4 0 1 2 5 0 5 1 1 1 0 0 13 0 4 2 3
19110104 813 11 2 1 3 1 3 3 2 2 2 1 3 1 0 1 1 0 0 0 0 3 4 4 2 3 0 2 1 4 6 0 3 10 3 1 3 4 13 0
19110105 910 4 1 1 2 2 1 0 3 1 0 0 0 0 2 2 0 0 0 0 2 0 3 1 13 4 5 3 5 3 3 3 3
19110107 766 4 1 2 2 1 3 1 7 0.2857142857142857 8 0.2857142857142857 9 0.42857142857142855 2 2 0 13 4 7 3 4 5 6 3 2 3 0 0 1 0 0 0
19110109 732 3 1 2 3 1 0 1 1 0 0 0 0 1 1 1 2 1 4 2 2 4 7 1 13 3 3 0 0 6 3 0
19110110 909 2 3 2 1 0 2 1 0 0 0 0 0 1 1 0 0 3 1 0 1 1 3 0 3 4 2 3 0 5 13
19110111 805 3 2 1 2 1 0 3 1 0 0 0 0 1 2 0 1 0 0 0 0 0 3 4 1 6 4 5 2 3 4 13
19110112 916 4 1 2 3 3 1 0 2 1 0 0 0 0 1 1 2 4 1 3 1 2 4 5 0 13 1 0 2 3 0 0 0
19110114 860 1 1 1 0 1 1 0 0 0 0 1 0 0 0 0 2 0 0 13 2 2 8 2 4 1 3 5 1 3
19110115 733 1 1 1 0 2 1 0 0 0 0 1 0 0 1 3 7 3 3 5 5 2 13 2 3 3 1 0 4 0
19110116 845 11 1 2 3 2 3 2 3 2 3 1 1 1 0 1 1 0 0 0 0 3 4 4 1 0 2 4 0 3 7 1 0 3 4 4 0 2 4 13
19110118 795 1 1 1 0 1 1 0 0 0 0 1 0 0 0 13 4 1 3 8 4 2 0 3 4 0 2 0 3 2
19110119 898 3 3 1 2 1 0 1 1 0 0 0 0 1 1 1 0 8 3 13 2 3 5 4 0 3 1 4 0 4 3 2
19110120 815 6 2 2 3 1 3 2 1 0 3 1 0 0 0 0 1 3 2 3 6 4 0 13 7 4 1 1 1 5 2 8 0 0 0
19110121 781 7 3 2 1 1 3 1 2 1 0 1 1 0 0 0 0 3 2 2 0 2 3 5 2 4 3 2 6 4 5 0 3 13 1 0
19110122 806 3 3 3 2 1 0 3 1 0 0 0 0 0 1 2 2 0 1 0 5 2 3 0 10 13 1 0 9 6 3 1
19110123 787 11 1 2 2 2 3 3 3 1 3 1 2 1 0 1 1 0 0 0 0 3 4 4 0 3 4 13 0 3 4 9 3 3 5 3 0 1 0 2
19110124 842 6 3 2 1 3 2 3 1 0 1 1 0 0 0 0 1 2 3 0 0 1 2 1 4 3 4 3 4 5 1 0 2 13 2
19110125 888 9 1 2 1 3 2 3 3 2 1 1 0 3 1 0 0 0 0 3 3 3 0 2 0 1 6 5 1 2 8 6 3 0 13 3 3 4
19110127 752 9 2 3 1 2 1 2 2 3 3 1 0 1 1 0 0 0 0 2 4 3 1 3 3 0 2 13 5 3 2 3 3 0 0 1 1 0
19110128 837 6 2 1 1 3 1 3 1 0 3 1 0 0 0 0 3 1 2 0 0 1 3 2 5 2 5 2 3 1 0 4 2 13 0
19110129 786 4 1 2 1 2 1 0 3 1 0 0 0 0 2 2 0 0 2 3 0 0 6 1 0 0 3 5 1 3 13 4 2
19110130 859 7 3 2 1 2 1 2 2 1 0 3 1 0 0 0 0 2 4 1 0 3 1 13 5 1 4 8 0 5 5 3 0 0 3 3
19110131 833 5 1 1 2 2 3 1 0 1 1 0 0 0 0 2 2 1 2 3 7 13 0 5 5 8 0 4 3 3 3 0 0 0
19110132 770 1 2 1 0 3 1 0 0 0 0 0 1 0 2 3 5 13 0 1 5 2 0 1 8 3 0 0 1 0
19110134 667 1 2 1 0 3 1 0 0 0 0 0 1 0 4 13 1 1 3 5 3 2 2 3 2 0 1 1 0 0
19110136 816 0 1 0 1 1 0 0 0 0 0 0 0 0 1 2 0 5 5 3 0 7 7 1 3 13 3 2 2
19110137 852 1 1 1 0 3 1 0 0 0 0 1 0 0 9 2 5 3 7 4 4 9 13 6 1 2 0 3 3 0
19110138 869 11 2 3 1 2 3 2 2 1 1 3 1 1 0 3 1 0 0 0 0 4 4 3 13 5 3 2 2 4 1 0 5 7 7 0 0 3 0 1
19110139 841 8 2 3 3 1 1 3 2 1 1 0 3 1 0 0 0 0 3 2 3 5 4 6 3 0 1 7 13 2 2 4 2 0 0 7 1
19110140 828 11 3 2 1 3 1 1 2 3 2 1 2 1 0 3 1 0 0 0 0 4 4 3 0 7 4 13 0 3 5 9 2 7 4 3 1 3 0 0
19110141 884 3 1 3 2 1 0 3 1 0 0 0 0 1 1 1 3 4 13 3 3 5 5 7 0 2 2 1 1 0 0 0
19110142 685 7 1 2 2 1 3 2 3 1 0 1 1 0 0 0 0 2 3 2 5 4 3 1 2 6 0 0 13 1 0 0 0 2 0 0
19110143 871 10 2 1 1 1 1 3 3 2 3 2 1 0 2 1 0 0 0 0 4 3 3 3 0 0 0 4 3 1 0 4 6 3 2 13 4 1 2
19110144 946 4 1 1 2 2 1 0 3 1 0 0 0 0 2 2 0 13 8 5 3 4 2 6 3 3 1 1 0 2 0 0 0
19110145 855 8 2 1 3 2 2 3 1 2 1 0 1 1 0 0 0 0 2 4 2 2 8 3 6 4 3 4 3 3 1 3 13 0 0 0 1
19110146 851 8 1 1 1 1 3 3 3 3 1 0 2 1 0 0 0 0 4 0 4 2 2 2 0 0 3 8 2 0 1 3 4 0 13 7 3
19110148 893 4 3 1 2 3 1 0 1 1 0 0 0 0 1 1 2 2 6 13 0 5 1 2 2 4 4 3 0 1 0 0 3
19110151 897 3 1 1 2 1 0 2 1 0 0 0 0 2 1 0 13 2 4 0 3 5 8 3 9 3 0 1 3 3 0 0
19110152 843 5 1 1 2 3 3 1 0 2 1 0 0 0 0 2 1 2 13 6 4 3 4 4 2 0 0 1 1 2 3 0 0 0
19110154 978 7 2 1 1 3 1 2 1 1 0 2 1 0 0 0 0 4 2 1 3 2 0 0 3 3 0 0 6 6 3 0 6 7 13 3
19110156 936 6 2 2 2 1 1 3 3 1 6 0.33333333333333331 7 0.33333333333333331 8 0.33333333333333331 2 3 1 13 3 1 3 3 8 4 5 4 1 6 3 2 3 4 0
19110159 860 7 1 2 1 1 1 3 3 1 0 2 1 0 0 0 0 4 1 2 2 1 0 2 4 8 0 0 7 9 2 3 5 13 4 0
19110160 860 11 1 1 3 2 3 1 2 1 2 3 2 1 0 3 1 0 0 0 0 4 4 3 13 3 3 3 4 5 3 2 3 1 0 3 0 1 2 0
19110161 980 4 1 3 3 2 1 0 2 1 0 0 0 0 1 1 2 3 1 2 4 0 3 4 1 0 4 5 13 0 0 2 1
19110162 907 1 2 1 0 1 1 0 0 0 0 0 1 0 0 2 5 0 0 1 2 4 3 13 3 6 4 1 4 3
19110163 880 0 1 0 2 1 0 0 0 0 0 0 0 0 0 2 0 1 3 0 5 1 5 3 3 3 13 6 7
19110164 896 10 1 2 2 3 2 1 3 1 2 3 1 0 1 1 0 0 0 0 3 4 3 13 5 3 1 3 2 5 0 3 0 3 3 0 0 0 3
19110172 853 9 3 1 2 2 2 1 3 3 1 1 0 2 1 0 0 0 0 3 3 3 3 3 13 6 0 2 5 1 1 0 0 7 3 0 0 3
19110173 661 1 3 1 0 2 1 0 0 0 0 0 0 1 3 6 4 13 2 1 6 2 0 1 4 3 0 0 1 0
19110174 919 0 3 1 5 0.42857142857142855 6 0.2857142857142857 7 0.2857142857142857 0 0 0 3 2 3 0 3 6 1 0 2 4 10 3 1 3 13 3
19110175 874 4 3 2 2 3 1 0 1 1 0 0 0 0 0 2 2 1 13 3 0 4 5 3 3 6 1 0 0 0 0 2 0
19110177 728 6 1 1 2 3 3 2 1 0 2 1 0 0 0 0 2 2 2 3 5 3 4 2 13 2 3 3 1 7 4 0 1 3 1
19110178 865 9 2 1 3 3 3 1 2 1 3 1 0 2 1 0 0 0 0 3 2 4 7 2 1 5 1 6 3 1 0 4 2 13 0 4 2 3
19110179 854 0 1 0 2 1 0 0 0 0 0 0 0 0 0 1 0 3 0 3 0 1 13 6 4 6 3 3 2
19110180 778 7 3 3 3 2 1 1 1 1 0 1 1 0 0 0 0 3 1 3 0 4 2 0 0 8 3 2 0 1 2 4 2 3 5 13
19110181 710 3 3 1 2 1 0 2 1 0 0 0 0 1 1 1 2 0 0 0 1 7 3 0 3 4 3 1 13 4 5 3
19110182 813 8 1 2 3 1 1 2 2 3 1 0 1 1 0 0 0 0 3 3 2 0 3 3 4 2 7 6 13 9 4 4 3 3 0 0 0
19110183 1032 7 1 2 3 3 1 2 1 1 0 2 1 0 0 0 0 3 2 2 13 2 5 0 3 4 1 3 9 9 2 3 4 0 1 0
19110184 792 5 1 1 2 2 3 1 0 1 1 0 0 0 0 2 2 1 7 0 7 0 3 0 3 3 3 6 2 13 0 2 3 1
19110185 969 10 1 3 1 3 2 3 1 2 2 3 1 0 2 1 0 0 0 0 3 3 4 0 0 1 0 3 2 4 0 13 6 10 3 1 3 3 3
19110186 817 0 1 0 1 1 0 0 0 0 0 0 0 4 3 3 0 3 13 5 1 4 6 2 4 3 2 0 0
19110188 938 2 1 2 1 0 2 1 0 0 0 0 1 1 0 0 13 3 1 3 4 1 1 2 2 3 3 0 0 4 9
19110192 874 1 3 1 0 1 1 0 0 0 0 0 0 1 0 0 0 2 2 3 1 4 1 5 2 13 3 8 3 3
19110193 787 2 2 1 1 0 3 1 0 0 0 0 1 1 0 0 0 0 3 3 4 0 0 3 4 5 3 13 3 7 3
19110195 742 6 2 3 2 2 1 3 1 0 3 1 0 0 0 0 1 3 2 0 0 1 1 0 3 6 2 0 2 5 1 7 13 3 1
19110196 776 4 3 3 1 1 1 0 1 1 0 0 0 0 2 0 2 2 0 0 0 3 0 0 0 5 3 5 2 13 6 3 2
19110197 915 3 3 2 3 1 0 1 1 0 0 0 0 0 1 2 13 6 3 2 8 4 4 1 4 6 0 0 3 0 0 0
19110198 746 10 2 1 1 2 3 1 1 2 3 3 1 0 2 1 0 0 0 0 4 3 3 3 1 8 9 13 3 3 4 3 4 3 2 0 7 0 3
19110199 877 2 1 2 1 0 1 1 0 0 0 0 1 1 0 0 0 0 1 2 3 4 4 0 5 3 4 0 2 3 13
19110200 847 10 3 3 1 2 3 2 1 1 1 3 1 0 2 1 0 0 0 0 4 2 4 3 3 4 13 2 1 4 2 0 3 3 4 2 1 0 0
19110202 878 1 1 1 0 3 1 0 0 0 0 1 0 0 3 3 0 0 3 2 5 3 0 5 13 3 3 3 1 2
19110203 843 11 1 3 1 3 2 1 2 2 3 2 3 1 0 1 1 0 0 0 0 3 4 4 0 2 1 0 2 5 1 1 3 2 8 3 1 2 4 13
19110206 959 7 2 3 2 1 3 3 1 1 0 1 1 0 0 0 0 2 2 3 0 2 0 0 3 13 1 2 6 5 4 4 3 1 2 0
19110207 823 3 1 3 2 1 0 2 1 0 0 0 0 1 1 1 13 4 1 3 3 6 3 0 4 3 0 0 3 0 0 0
19110209 931 5 2 1 3 3 2 1 0 1 1 0 0 0 0 1 2 2 0 0 3 0 0 3 3 13 1 5 7 9 2 6 8 5
19110211 843 4 2 2 1 1 1 0 2 1 0 0 0 0 2 2 0 1 6 13 2 8 7 3 0 3 2 4 1 1 3 0 0
19110212 721 0 1 0 3 1 0 0 0 0 0 0 0 0 4 2 3 5 1 6 4 0 0 1 13 0 0 0 2
19110215 875 8 1 1 3 2 3 3 1 1 1 0 2 1 0 0 0 0 4 1 3 0 1 2 0 4 4 4 0 4 6 2 2 13 4 3 3
19110216 899 11 3 1 2 3 1 3 1 2 3 2 1 1 0 2 1 0 0 0 0 4 3 4 2 3 0 0 3 5 3 1 13 5 1 3 0 2 0 0
19110217 832 6 2 2 3 1 2 3 1 0 1 1 0 0 0 0 1 3 2 0 1 0 0 0 3 4 7 3 13 3 3 0 5 4 3
19110218 795 5 2 1 3 3 2 1 0 1 1 0 0 0 0 1 2 2 0 3 3 13 1 2 4 2 0 3 3 5 0 0 1 0
19110219 742 5 1 3 3 1 1 1 0 2 1 0 0 0 0 3 0 2 2 3 0 0 5 5 0 3 6 2 2 0 13 4 1 0
19110220 733 5 3 1 2 2 3 1 0 1 1 0 0 0 0 1 2 2 1 2 3 3 13 7 4 5 3 3 4 0 0 1 0 2
19110221 765 3 3 3 1 1 0 2 1 0 0 0 0 1 0 2 0 0 3 4 0 0 1 6 1 2 6 13 2 0 0 0
19110225 883 1 3 1 0 1 1 0 0 0 0 0 0 1 2 2 5 3 13 8 4 0 1 5 3 0 0 1 0 2
19110226 783 8 3 2 1 3 2 1 3 3 1 0 2 1 0 0 0 0 2 2 4 4 3 4 3 1 13 5 0 3 2 1 2 6 1 4 0
19110228 955 10 2 3 1 1 2 1 3 3 2 1 1 0 3 1 0 0 0 0 4 3 3 0 0 0 2 0 2 0 0 3 0 4 0 6 6 13 1
19110229 964 10 2 1 3 2 1 1 2 3 1 3 1 0 2 1 0 0 0 0 4 3 3 3 1 2 4 3 5 4 1 0 3 2 13 0 0 6 4
19110230 782 11 2 1 2 3 1 3 1 1 3 2 3 1 0 2 1 0 0 0 0 4 3 4 0 0 1 3 0 1 4 3 5 4 6 2 2 5 7 13
19110231 739 11 3 2 1 1 3 2 1 2 3 1 2 1 0 3 1 0 0 0 0 4 4 3 2 0 2 0 3 6 4 1 1 3 13 3 8 3 5 4
19110232 784 3 3 3 1 1 0 1 1 0 0 0 0 1 0 2 13 4 4 3 3 3 5 2 4 2 2 0 0 1 0 0
19110234 811 11 2 3 2 1 3 1 1 1 3 2 3 1 0 2 1 0 0 0 0 4 3 4 0 4 13 3 1 8 6 7 0 3 3 3 2 2 0 1
19110236 745 9 3 1 3 2 3 1 1 2 3 1 0 2 1 0 0 0 0 3 2 4 3 1 13 1 2 5 2 0 1 3 5 0 0 0 0 2
19110238 827 3 3 2 3 1 0 1 1 0 0 0 0 0 1 2 13 4 1 0 2 3 1 1 3 6 4 0 5 2 0 2
19110240 801 4 3 2 1 3 1 0 2 1 0 0 0 0 1 1 2 1 0 2 0 0 1 5 1 0 2 7 4 0 13 5 4
19110241 812 6 1 3 3 1 2 1 1 0 1 1 0 0 0 0 3 1 2 3 13 4 2 0 6 4 3 0 3 3 2 0 2 0 0
19110243 879 6 3 2 2 3 3 1 1 0 3 1 0 0 0 0 1 2 3 3 4 0 0 3 6 0 0 3 7 5 1 13 7 1 2
19110245 967 7 3 1 2 2 3 2 1 1 0 2 1 0 0 0 0 2 3 2 4 1 13 0 4 4 3 1 4 6 4 0 0 2 1 0
19110246 822 5 1 1 2 1 2 1 0 2 1 0 0 0 0 3 2 0 3 6 13 4 4 1 4 3 0 0 3 3 0 0 0 2
19110248 820 4 2 3 1 1 3 1 8 0.18181818181818185 9 0.27272727272727276 10 0.54545454545454553 2 1 1 0 6 3 5 3 7 6 3 2 2 9 13 0 1 3 9
19110249 784 11 2 1 1 3 3 2 2 3 1 1 2 1 0 3 1 0 0 0 0 4 4 3 0 13 4 3 9 6 6 3 3 4 3 3 0 0 0 3
19110250 939 3 2 2 2 1 0 3 1 0 0 0 0 0 3 0 1 3 4 1 3 13 1 6 4 2 3 0 3 3 1 0
19110251 945 9 3 1 2 1 1 2 1 3 2 1 0 3 1 0 0 0 0 4 3 2 13 3 4 2 8 7 6 3 6 5 3 1 3 2 0 0
19110252 896 6 3 2 1 2 3 1 1 0 1 1 0 0 0 0 2 2 2 0 3 7 3 13 5 6 1 6 4 8 3 5 2 3 2
19110253 901 8 3 2 1 2 1 3 2 1 1 0 1 1 0 0 0 0 3 3 2 0 4 3 13 0 6 4 3 3 2 0 0 3 0 0 0
19110254 877 8 3 1 2 3 2 2 2 1 1 0 1 1 0 0 0 0 2 4 2 3 3 0 0 6 3 1 0 13 4 3 0 0 0 3 3
19110255 964 6 3 1 2 1 2 1 1 0 3 1 0 0 0 0 3 2 1 1 0 2 0 0 2 5 1 0 3 3 4 0 13 2 3
19110256 858 5 1 2 2 3 2 1 0 1 1 0 0 0 0 1 3 1 5 3 0 0 5 13 0 2 1 1 3 0 0 0 3 0
19110257 778 1 1 1 0 1 1 0 0 0 0 1 0 0 0 1 0 2 13 1 2 0 6 4 5 2 4 3 3 2
19110259 978 8 1 2 3 2 2 1 3 3 1 0 1 1 0 0 0 0 2 3 3 3 2 8 3 13 3 0 2 4 4 3 0 1 1 0 0
19110260 783 4 3 1 2 1 1 0 1 1 0 0 0 0 2 1 1 0 0 5 3 2 3 2 13 1 3 5 2 1 2 3 4
19110262 737 5 3 3 3 2 3 1 0 1 1 0 0 0 0 0 1 4 0 0 1 0 2 0 1 0 2 3 5 2 1 6 13 3
19110264 856 1 2 1 0 2 1 0 0 0 0 0 1 0 3 1 3 0 5 2 0 0 1 4 0 1 13 1 2 0
19110265 814 10 3 2 3 3 2 2 1 1 3 1 1 0 2 1 0 0 0 0 3 3 4 1 1 0 3 0 4 5 3 0 2 13 5 0 3 4 9
19110267 706 0 3 1 5 0.42857142857142855 6 0.2857142857142857 7 0.2857142857142857 0 0 0 3 1 4 13 3 1 6 4 0 4 3 2 0 1 2 2
19110269 878 6 2 3 3 2 2 3 1 0 1 1 0 0 0 0 0 3 3 1 1 0 4 0 2 0 3 0 3 4 3 0 1 4 13
19110270 737 8 1 1 3 1 3 2 2 2 1 0 1 1 0 0 0 0 3 3 2 3 3 13 4 2 7 8 6 0 3 1 7 0 2 3 3
19110271 844 3 2 1 1 1 0 1 1 0 0 0 0 2 1 0 0 0 3 0 3 2 6 4 3 2 6 5 0 0 13 5
19110273 865 0 1 0 2 1 0 0 0 0 0 0 0 13 7 2 2 6 5 3 1 1 1 6 3 2 4 1 0
19110274 724 3 2 1 3 3 1 8 0.18181818181818185 9 0.27272727272727276 10 0.54545454545454553 1 1 1 0 0 0 3 2 7 3 8 3 1 7 8 3 0 3 13
19110276 929 9 2 3 3 1 2 1 1 3 3 1 0 2 1 0 0 0 0 3 2 4 2 3 0 0 1 6 3 0 4 8 6 4 13 3 2 1
19110278 957 7 2 3 3 1 1 3 3 1 0 1 1 0 0 0 0 2 1 4 1 2 4 2 4 3 1 3 0 5 3 13 0 2 0 2
19110281 801 3 2 1 2 1 0 3 1 0 0 0 0 1 2 0 13 5 3 0 1 5 0 0 4 3 3 0 3 1 0 2
19110282 797 9 2 1 1 1 2 2 3 3 3 1 0 2 1 0 0 0 0 3 3 3 1 3 0 0 0 4 4 3 0 5 3 1 0 13 3 2
19110283 730 9 2 1 1 3 2 1 3 2 2 3 1 6 0.33333333333333331 7 0.33333333333333331 8 0.33333333333333331 3 4 2 3 5 3 3 3 6 7 13 0 8 6 3 3 5 1 0
19110285 938 8 3 2 3 1 2 1 3 3 1 0 1 1 0 0 0 0 2 2 4 3 2 10 5 2 7 13 3 3 5 6 8 2 1 0 1
19110287 850 11 2 1 2 3 1 3 2 3 1 1 3 1 0 2 1 0 0 0 0 4 3 4 3 9 7 5 4 4 9 3 6 13 4 0 3 0 3 0
19110288 768 10 1 1 1 2 2 1 3 3 2 3 1 0 2 1 0 0 0 0 4 3 3 0 4 5 13 3 0 3 4 0 4 1 1 0 2 3 2
19110289 828 7 2 1 1 3 2 2 3 1 0 3 1 0 0 0 0 2 3 2 0 0 0 1 1 2 3 0 0 3 2 1 4 5 13 4
19110290 887 1 3 1 0 2 1 0 0 0 0 0 0 1 0 0 3 0 2 3 3 13 0 6 4 5 0 9 1 1
19110292 846 4 3 2 2 3 1 0 3 1 0 0 0 0 0 2 2 3 3 3 2 1 13 4 1 3 3 3 0 4 1 4 0
19110293 940 2 2 1 1 0 3 1 0 0 0 0 1 1 0 6 4 2 4 0 2 13 1 8 5 6 3 1 2 7 1
19110294 821 9 3 2 2 3 1 1 1 2 1 1 0 2 1 0 0 0 0 4 3 2 0 0 3 3 4 3 10 3 3 8 13 4 0 3 0 0
19110295 849 7 1 2 1 3 2 1 2 1 0 1 1 0 0 0 0 3 3 1 4 2 0 0 7 4 1 3 8 2 3 0 4 8 13 0
19110297 935 0 1 0 3 1 0 0 0 0 0 0 0 0 3 1 13 2 3 2 4 0 2 3 1 1 3 0 4
19110298 713 5 1 3 1 2 2 1 0 1 1 0 0 0 0 2 2 1 2 2 0 0 0 3 3 0 3 8 5 4 13 4 4 1
19110299 998 6 1 1 2 2 2 3 1 0 3 1 0 0 0 0 2 3 1 0 0 0 2 3 3 2 4 1 3 1 4 0 1 6 13
19110300 809 5 1 3 2 1 3 1 0 3 1 0 0 0 0 2 1 2 0 2 0 0 0 1 1 3 0 4 2 13 2 0 4 4
19110302 842 11 3 1 2 2 1 1 3 3 2 1 3 1 0 2 1 0 0 0 0 4 3 4 0 1 5 13 3 2 3 9 0 0 3 3 2 0 1 4
19110304 914 11 2 1 1 2 2 1 3 3 1 3 3 3 1 7 0.2857142857142857 8 0.2857142857142857 9 0.42857142857142855 4 3 4 0 3 6 4 5 3 7 2 2 3 13 8 0 3 1 3
19110305 865 8 3 1 2 3 1 3 1 2 1 0 3 1 0 0 0 0 3 2 3 0 1 3 0 9 2 7 4 5 5 4 8 2 13 1 2
19110306 934 8 2 3 3 2 3 3 1 1 1 0 1 1 0 0 0 0 2 2 4 1 3 13 5 2 3 8 2 0 7 1 3 0 0 2 0
19110308 814 8 3 2 1 1 3 2 2 1 1 0 1 1 0 0 0 0 3 3 2 0 4 5 3 0 4 13 1 2 4 3 6 2 0 3 0
19110311 852 11 3 1 1 3 2 3 3 2 2 1 2 1 0 1 1 0 0 0 0 3 4 4 3 13 5 0 3 5 4 3 2 4 3 0 0 1 0 3
19110312 822 2 2 3 1 0 2 1 0 0 0 0 0 1 1 1 0 4 0 0 2 6 13 4 5 5 7 1 6 1 8
19110313 818 7 2 3 1 1 1 2 1 1 0 2 1 0 0 0 0 4 2 1 13 7 1 0 9 5 4 3 2 3 4 0 3 2 3 0
19110314 824 2 2 2 1 0 3 1 0 0 0 0 0 2 0 8 3 7 2 2 3 13 0 3 1 6 3 1 3 1 1
19110315 798 11 2 2 2 3 1 3 3 1 3 1 1 1 0 2 1 0 0 0 0 4 3 4 2 9 5 4 0 4 13 1 1 0 3 4 2 0 0 3
19110316 914 9 3 2 1 2 1 3 1 3 2 1 0 3 1 0 0 0 0 3 3 3 13 4 1 1 3 3 5 0 4 2 2 2 0 1 0 0
19110319 794 10 2 3 1 3 1 3 2 2 1 1 1 0 2 1 0 0 0 0 4 3 3 4 2 13 0 3 1 5 0 1 3 5 3 0 0 2 0
19110320 795 6 1 1 2 1 3 3 1 0 3 1 0 0 0 0 3 1 2 0 6 7 13 2 3 4 2 0 6 1 5 0 0 0 2
19110321 773 5 2 3 2 2 1 1 0 3 1 0 0 0 0 1 3 1 2 1 5 1 4 1 0 3 13 4 4 0 3 5 0 0
19110322 861 4 3 2 3 2 1 0 3 1 0 0 0 0 0 2 2 1 7 8 3 3 1 6 3 13 1 1 0 7 2 0 2
19110323 710 3 2 3 1 1 0 3 1 0 0 0 0 1 1 1 1 2 3 8 0 0 13 7 3 2 4 6 0 1 3 4
19110324 820 2 1 1 1 0 3 1 0 0 0 0 2 0 0 2 3 2 3 1 6 5 8 2 8 6 13 0 3 2 1
19110326 845 10 3 2 1 1 3 3 2 3 1 2 1 0 1 1 0 0 0 0 3 3 4 0 0 1 2 4 3 3 0 3 5 4 3 13 2 3 0
19110327 921 0 1 0 1 1 0 0 0 0 0 0 0 0 3 0 0 1 0 2 2 0 3 3 3 4 6 9 13
19110328 797 7 2 3 2 3 1 2 1 1 0 3 1 0 0 0 0 2 3 2 4 3 3 0 1 5 3 0 4 13 0 0 0 1 0 2
19110329 849 5 2 2 3 1 3 1 0 1 1 0 0 0 0 1 2 2 2 3 0 0 4 5 2 1 9 4 3 0 1 4 13 0
19110331 738 4 1 3 3 2 1 0 3 1 0 0 0 0 1 1 2 2 3 1 0 4 13 1 2 9 3 4 3 5 0 3 0
19110332 834 10 1 3 2 3 2 2 3 3 1 1 1 0 2 1 0 0 0 0 3 3 4 3 1 1 3 3 0 7 13 0 3 4 2 0 0 2 1
19110333 991 10 1 1 3 2 3 2 3 2 1 1 1 0 3 1 0 0 0 0 4 3 3 2 0 0 0 3 4 2 0 3 5 7 1 13 4 1 2
19110334 870 0 1 0 2 1 0 0 0 0 0 0 0 0 3 13 2 3 3 3 1 1 5 4 3 0 2 4 1
19110335 889 10 1 3 2 2 2 3 1 3 1 2 1 0 1 1 0 0 0 0 3 4 3 0 1 0 3 0 3 2 4 0 2 9 13 3 4 4 1
19110337 840 4 3 1 1 3 1 0 3 1 0 0 0 0 2 0 2 0 2 0 0 13 3 2 0 5 3 5 0 2 5 0 1
19110338 982 2 1 3 1 0 2 1 0 0 0 0 1 0 1 3 5 2 2 1 1 3 4 1 4 13 0 0 3 0 2
19110341 687 1 1 1 0 2 1 0 0 0 0 1 0 0 3 0 0 0 0 0 3 13 3 7 4 4 3 3 4 5
19110342 918 10 3 2 2 3 2 3 1 3 1 1 1 0 1 1 0 0 0 0 3 3 4 0 2 0 0 0 4 5 1 2 1 5 4 0 13 2 7
19110343 1025 5 2 3 1 2 2 1 0 3 1 0 0 0 0 1 3 1 1 0 0 0 2 5 3 13 3 6 3 4 1 0 3 1
19110345 895 2 2 1 1 0 1 1 0 0 0 0 1 1 0 0 2 0 1 1 6 4 0 0 2 5 6 0 2 6 13
19110346 989 7 3 2 3 1 2 1 3 1 0 2 1 0 0 0 0 2 2 3 0 0 0 2 1 1 3 13 0 0 3 6 0 0 4 3
19110347 903 9 2 3 3 1 2 2 1 1 3 1 0 3 1 0 0 0 0 3 3 3 6 0 1 2 4 5 3 0 13 4 2 0 2 3 1 1
19110348 895 1 1 1 0 1 1 0 0 0 0 1 0 0 0 3 2 0 13 8 6 3 1 6 2 2 4 3 0 0
19110350 846 7 1 3 1 2 3 2 3 1 0 2 1 0 0 0 0 2 2 3 0 0 2 3 0 1 4 8 0 5 4 9 1 0 13 4
19110351 849 1 1 1 0 2 1 0 0 0 0 1 0 0 2 0 3 0 0 0 5 1 2 3 7 7 1 5 3 13
19110353 1062 9 1 3 3 1 3 2 1 1 2 1 0 2 1 0 0 0 0 4 2 3 1 4 3 3 3 5 2 2 13 0 4 0 0 0 3 0
19110354 845 11 2 1 1 2 1 2 3 1 2 3 3 1 0 3 1 0 0 0 0 4 4 3 3 3 7 13 0 5 8 5 2 3 3 4 0 1 0 3
19110355 908 2 1 1 1 0 1 1 0 0 0 0 2 0 0 2 3 0 0 5 3 5 3 4 6 7 2 13 4 2 0
19110357 1096 4 1 1 3 2 1 0 3 1 0 0 0 0 2 1 1 7 3 2 3 6 8 10 0 13 4 2 0 3 5 1 4
19110359 826 9 1 3 1 2 1 3 3 2 2 1 0 1 1 0 0 0 0 3 3 3 13 3 4 3 2 6 5 0 4 3 1 6 2 0 3 0
19110360 668 11 2 2 1 1 3 2 3 3 2 1 3 1 0 1 1 0 0 0 0 3 4 4 3 4 1 4 3 13 2 0 7 1 0 3 3 2 0 0
19110366 886 4 1 2 3 1 1 0 1 1 0 0 0 0 2 1 1 8 0 3 2 0 2 4 3 0 4 3 3 0 13 7 5
19110367 986 2 1 3 1 0 2 1 0 0 0 0 1 0 1 0 4 4 4 3 13 5 3 0 0 2 1 3 0 0 0
19110369 886 3 2 3 3 1 0 2 1 0 0 0 0 0 1 2 3 2 1 0 1 3 1 1 0 2 5 13 0 3 1 2
19110370 1012 0 1 0 1 1 0 0 0 0 0 0 0 13 2 1 3 1 8 2 3 4 9 4 7 4 2 3 0
19110373 779 6 2 1 3 1 2 3 1 0 2 1 0 0 0 0 2 2 2 1 3 0 0 2 4 3 5 1 5 13 0 4 3 2 1
19110374 876 9 2 2 1 2 1 1 2 1 3 1 0 3 1 0 0 0 0 4 4 1 0 2 1 3 8 4 3 4 3 3 13 1 2 3 7 3
19110375 817 7 3 2 1 1 2 1 2 1 0 3 1 0 0 0 0 3 3 1 0 5 2 13 3 4 6 1 2 1 4 7 0 0 0 4
19110376 836 11 1 1 3 1 1 2 2 3 2 3 3 1 0 2 1 0 0 0 0 4 3 4 3 7 6 1 2 1 13 5 3 6 2 4 0 0 9 4
19110379 955 8 2 1 1 1 3 1 3 3 1 0 2 1 0 0 0 0 4 1 3 13 3 3 2 4 4 0 4 2 3 0 3 2 1 0 0
19110380 888 2 3 3 1 0 1 1 0 0 0 0 0 0 2 3 6 1 0 6 8 3 1 13 2 0 0 3 2 2 0
19110381 912 3 1 1 3 1 0 3 1 0 0 0 0 2 0 1 5 4 2 3 2 1 13 3 0 4 3 0 0 0 0 2
19110383 849 4 1 2 1 3 1 0 2 1 0 0 0 0 2 1 1 0 0 3 0 0 3 3 13 3 4 4 5 3 2 1 3
19110387 803 5 2 3 1 3 3 1 0 1 1 0 0 0 0 1 1 3 3 2 3 13 2 5 1 6 0 0 3 5 0 0 1 2
19110388 868 9 2 1 1 1 2 3 2 1 3 1 0 2 1 0 0 0 0 4 3 2 7 1 9 13 3 5 4 0 2 3 3 3 0 0 4 3
19110391 817 2 1 2 1 0 2 1 0 0 0 0 1 1 0 0 0 1 0 3 4 0 7 0 6 0 2 0 1 4 13
19110392 888 3 3 1 2 1 0 2 1 0 0 0 0 1 1 1 13 5 3 1 3 5 2 0 1 5 2 0 1 2 1 0
19110394 789 11 2 1 3 1 1 3 2 3 2 3 1 1 0 2 1 0 0 0 0 4 3 4 0 5 2 1 0 4 4 13 0 9 6 3 2 1 3 4
19110395 758 10 3 2 2 2 3 2 1 3 1 1 1 0 3 1 0 0 0 0 3 4 3 13 3 3 0 3 7 5 2 1 1 6 8 3 0 2 1
19110400 835 8 2 1 3 2 3 3 2 1 1 0 1 1 0 0 0 0 2 3 3 0 3 6 1 3 1 13 3 0 4 2 5 0 2 0 3
19110401 878 4 2 2 2 1 1 0 3 1 0 0 0 0 1 3 0 3 7 1 3 4 1 5 2 3 3 4 13 0 3 1 0
19110402 687 2 3 1 1 0 2 1 0 0 0 0 1 0 1 13 2 3 0 1 4 3 0 5 3 3 1 2 4 0 0
19110403 851 1 2 1 0 1 1 0 0 0 0 0 1 0 3 8 5 2 4 13 3 3 1 3 2 3 4 1 0 0
19110405 777 4 2 1 2 1 1 0 3 1 0 0 0 0 2 2 0 2 2 3 1 4 4 1 0 13 2 8 0 1 4 3 5
19110406 902 8 1 3 3 2 1 1 2 3 1 0 2 1 0 0 0 0 3 2 3 1 1 3 7 3 0 13 7 3 4 2 3 0 0 0 2
19110407 861 10 1 1 3 3 2 1 2 2 3 3 1 0 1 1 0 0 0 0 3 3 4 1 3 4 7 1 3 5 3 13 2 2 0 0 9 3 2
19110409 914 3 3 2 1 1 0 3 1 0 0 0 0 1 1 1 13 7 5 0 4 4 1 2 3 5 4 0 3 0 0 0
19110410 808 3 1 2 1 1 0 2 1 0 0 0 0 2 1 0 0 13 3 4 3 3 5 4 0 3 3 1 0 2 0 0
19110411 909 5 3 1 3 3 2 1 0 2 1 0 0 0 0 1 1 3 2 0 1 0 3 6 3 0 4 7 5 3 13 4 3 1
19110412 987 11 1 3 2 2 1 3 2 1 2 3 1 1 0 3 1 0 0 0 0 4 4 3 1 4 2 3 0 2 5 1 0 13 3 3 0 2 1 5
19110416 978 3 2 2 2 1 0 2 1 0 0 0 0 0 3 0 1 1 1 4 1 9 7 4 0 13 4 4 0 3 3 0
19110418 928 11 1 3 2 1 2 2 3 1 3 3 2 1 0 1 1 0 0 0 0 3 4 4 3 4 4 5 13 3 6 2 3 1 2 0 1 0 3 0
19110419 782 2 1 2 1 0 3 1 0 0 0 0 1 1 0 0 9 5 13 3 5 7 8 0 4 4 2 0 0 0 1
19110421 853 11 2 3 1 1 3 1 2 3 2 3 1 1 0 2 1 0 0 0 0 4 3 4 1 4 2 3 3 4 13 0 2 5 4 0 7 1 0 0
19110422 828 6 1 2 3 1 3 2 1 0 1 1 0 0 0 0 2 2 2 0 0 3 0 2 3 5 1 1 5 2 0 1 13 2 2
19110423 962 4 3 2 2 3 1 0 3 1 0 0 0 0 0 2 2 0 0 1 0 2 5 0 0 3 7 1 1 13 3 3 3
19110425 816 1 1 1 0 2 1 0 0 0 0 1 0 0 13 5 4 1 6 3 3 2 2 4 0 0 0 3 1 0
19110426 682 9 2 3 1 3 2 1 1 1 3 1 0 2 1 0 0 0 0 4 2 3 0 0 4 3 0 3 5 3 3 5 8 4 3 2 0 13
19110427 699 3 1 3 2 1 0 1 1 0 0 0 0 1 1 1 2 7 3 1 13 7 0 0 4 3 6 0 2 5 0 0
19110428 682 3 3 3 2 1 0 1 1 0 0 0 0 0 1 2 7 1 4 3 2 3 13 0 5 3 0 0 2 1 0 6
19110430 821 1 1 1 0 2 1 0 0 0 0 1 0 0 3 2 13 9 3 1 8 3 5 3 2 2 0 1 6 1
19110431 786 5 2 2 3 1 3 1 0 1 1 0 0 0 0 1 2 2 3 3 0 0 6 7 13 2 1 3 3 4 0 1 2 4
19110433 868 6 3 3 3 1 2 3 1 0 1 1 0 0 0 0 1 1 4 2 0 0 0 0 6 0 3 1 3 13 4 2 2 1 5
19110435 899 4 1 3 2 1 1 0 1 1 0 0 0 0 2 1 1 0 0 3 2 0 0 0 5 0 3 4 4 4 13 4 2
19110437 841 2 3 1 1 0 3 1 0 0 0 0 1 0 1 1 4 3 0 3 2 1 0 4 13 3 2 3 3 2 0
19110439 876 7 3 2 2 2 2 1 1 1 0 3 1 0 0 0 0 2 4 1 0 0 1 0 3 3 3 2 1 5 6 3 1 3 4 13
19110440 941 6 3 2 1 2 3 1 1 0 1 1 0 0 0 0 2 2 2 0 5 1 13 2 4 7 4 0 5 8 3 0 2 5 3
19110441 842 11 3 2 1 2 3 3 2 3 2 1 1 1 0 1 1 0 0 0 0 3 4 4 0 4 3 3 5 2 3 4 0 13 1 3 1 2 0 0
19110442 800 2 2 1 1 0 3 1 0 0 0 0 1 1 0 2 3 9 13 0 6 4 3 0 4 2 1 0 0 1 0
19110444 887 0 1 0 1 1 0 0 0 0 0 0 0 0 2 3 5 3 2 6 3 3 3 8 3 0 13 6 1
19110445 868 0 1 0 3 1 0 0 0 0 0 0 0 13 9 1 1 2 2 7 3 3 3 4 1 3 2 0 0
19110447 855 2 2 2 1 0 3 1 0 0 0 0 0 2 0 0 0 1 3 3 1 7 1 0 2 5 4 1 2 3 13
19110448 815 7 3 2 1 3 1 2 2 1 0 1 1 0 0 0 0 2 3 2 0 1 6 0 2 13 5 6 3 3 5 3 0 0 0 3
19110450 905 9 2 1 2 1 3 1 2 3 3 1 0 2 1 0 0 0 0 3 3 3 3 0 3 0 1 4 3 1 8 4 0 0 13 2 2 1
19110452 847 9 3 1 3 2 2 1 2 3 2 3 1 4 0.54545454545454553 5 0.27272727272727276 6 0.18181818181818185 2 4 3 5 8 3 1 0 2 4 3 1 3 13 5 0 3 0 1
19110453 874 1 3 1 0 2 1 0 0 0 0 0 0 1 0 0 1 0 3 3 0 3 2 5 4 0 13 4 1 4
19110454 953 0 1 0 1 1 0 0 0 0 0 0 0 1 2 2 3 5 4 2 2 0 3 1 4 0 1 7 13
19110455 799 4 1 3 2 3 1 0 3 1 0 0 0 0 1 1 2 3 4 0 0 3 5 1 2 4 13 3 0 2 3 1 0
19110457 733 5 3 1 3 2 1 1 0 1 1 0 0 0 0 2 1 2 3 3 3 2 13 5 4 3 2 2 4 0 1 0 0 0
19110458 905 11 1 2 2 1 3 2 3 1 1 3 2 3 1 6 0.33333333333333331 7 0.33333333333333331 8 0.33333333333333331 4 4 3 1 9 3 3 3 2 7 6 0 5 3 13 0 3 3 0
19110459 816 10 2 1 2 3 3 1 1 3 3 1 1 0 2 1 0 0 0 0 4 2 4 2 3 3 2 8 3 5 13 2 4 1 1 0 2 1 0
19110460 810 7 3 1 1 2 3 3 3 1 0 2 1 0 0 0 0 2 1 4 2 0 0 4 3 1 6 6 1 1 3 3 2 13 4 2
19110461 838 7 1 2 1 1 3 3 2 1 0 1 1 0 0 0 0 3 2 2 2 3 4 5 5 0 3 3 13 3 0 0 2 0 0 0
19110462 874 1 1 1 0 3 1 0 0 0 0 1 0 0 3 2 13 3 1 6 0 2 0 0 1 7 2 0 0 4
19110464 798 5 2 1 1 3 2 1 0 3 1 0 0 0 0 2 2 1 0 0 2 2 0 1 3 1 2 5 7 0 4 1 6 13
19110466 928 11 2 3 1 1 3 2 3 2 1 2 1 1 0 3 1 0 0 0 0 4 4 3 2 3 5 3 13 4 4 0 5 4 3 0 3 1 2 1
19110467 849 3 3 2 3 1 0 1 1 0 0 0 0 0 1 2 0 4 4 1 2 8 5 3 13 5 4 0 2 7 1 0
19110468 929 11 2 2 1 2 1 1 3 3 1 3 2 1 0 3 1 0 0 0 0 4 4 3 3 3 0 0 3 1 1 0 8 6 0 0 2 13 3 2
19110469 881 0 1 0 3 1 0 0 0 0 0 0 0 2 4 2 3 13 4 1 1 4 2 6 1 4 1 2 0
19110470 799 6 1 3 2 3 3 2 1 0 2 1 0 0 0 0 1 2 3 7 1 3 2 1 5 1 1 2 6 3 1 0 3 13 2
19110473 928 4 2 3 3 2 1 0 1 1 0 0 0 0 0 2 2 2 4 1 0 3 6 1 0 3 4 1 2 13 7 5 0
19110474 972 10 3 2 1 2 2 3 3 2 1 3 1 0 1 1 0 0 0 0 2 4 4 1 3 13 0 4 1 4 3 5 2 2 0 9 4 0 1
19110475 912 3 3 2 1 1 0 3 1 0 0 0 0 1 1 1 3 7 0 0 9 3 5 0 5 1 7 0 13 3 3 2
19110478 1077 5 3 1 1 3 2 1 0 3 1 0 0 0 0 2 1 2 13 7 1 0 2 6 1 0 2 4 4 2 2 1 0 0
19110479 834 5 3 3 2 1 3 1 0 1 1 0 0 0 0 1 1 3 4 4 3 1 5 13 5 2 2 1 0 0 0 2 0 0
19110482 890 10 3 3 2 1 1 3 1 2 1 2 1 0 2 1 0 0 0 0 4 3 3 0 0 3 3 3 7 5 2 1 4 3 2 3 13 1 4
19110484 814 8 1 1 2 2 3 2 1 1 1 0 3 1 0 0 0 0 4 3 1 13 5 5 0 1 1 7 2 5 2 3 3 4 0 2 0
19110485 981 5 3 1 1 3 2 1 0 1 1 0 0 0 0 2 1 2 0 2 6 0 1 2 5 0 0 0 2 4 4 3 3 13
19110486 863 5 1 2 2 3 3 1 0 1 1 0 0 0 0 1 2 2 0 13 3 4 6 3 8 4 3 4 1 8 0 0 0 2
19110488 894 3 2 2 3 1 0 1 1 0 0 0 0 0 2 1 1 0 0 0 7 7 3 0 3 4 13 3 3 6 3 0
19110490 997 7 1 3 2 3 2 2 2 1 0 3 1 0 0 0 0 1 4 2 0 3 0 0 1 13 6 0 3 4 3 1 3 6 3 1
19110491 988 9 1 3 2 1 3 3 1 1 2 1 0 2 1 0 0 0 0 4 2 3 2 2 2 13 3 3 6 1 3 6 1 3 0 5 1 2
19110493 788 0 1 0 3 1 0 0 0 0 0 0 0 4 3 3 2 13 5 1 0 1 3 7 0 0 0 2 0
19110494 905 1 2 1 0 2 1 0 0 0 0 0 1 0 1 4 1 13 1 5 5 3 0 3 2 2 0 0 0 1
19110495 741 9 2 2 1 1 3 3 3 2 2 1 0 1 1 0 0 0 0 2 4 3 5 4 3 3 8 5 3 1 13 6 3 0 1 2 0 0
19110496 780 10 2 3 2 2 1 2 1 3 1 3 1 0 1 1 0 0 0 0 3 4 3 0 3 1 13 0 3 4 3 0 3 4 1 3 2 2 0
19110500 719 8 3 1 2 3 2 1 1 2 1 0 3 1 0 0 0 0 3 3 2 3 3 3 1 5 6 3 0 13 3 4 0 0 0 2 0
19110503 794 11 1 3 3 2 2 1 3 1 3 2 1 1 0 2 1 0 0 0 0 4 3 4 1 0 3 0 3 4 3 2 4 3 5 0 13 3 3 3
19110506 961 2 2 3 1 0 2 1 0 0 0 0 0 1 1 0 4 7 13 0 3 7 6 3 1 3 1 3 1 0 2
19110508 840 1 1 1 0 2 1 0 0 0 0 1 0 0 0 0 3 0 0 0 4 4 4 6 3 1 2 3 13 3
19110509 995 8 1 2 1 2 3 1 2 3 1 0 1 1 0 0 0 0 3 3 2 3 3 0 3 3 7 2 0 1 7 9 0 13 2 3 0
19110510 1026 9 1 2 3 3 2 3 2 2 3 1 0 1 1 0 0 0 0 1 4 4 1 0 0 1 0 4 1 6 0 2 4 8 0 3 4 13
19110511 888 4 1 2 3 3 1 0 2 1 0 0 0 0 1 1 2 3 0 0 0 3 3 0 2 4 5 1 0 13 4 1 0
19110512 894 5 3 3 1 2 1 1 0 1 1 0 0 0 0 2 1 2 0 2 1 0 2 3 2 13 4 6 4 5 0 3 3 3
19110513 723 8 3 1 2 2 1 1 2 3 1 0 1 1 0 0 0 0 3 3 2 3 3 2 3 5 6 1 1 4 13 3 0 2 3 2 3
19110514 752 3 1 3 1 1 0 1 1 0 0 0 0 2 0 1 3 0 0 0 2 0 2 1 0 5 4 2 0 2 13 4
19110520 883 10 3 1 1 1 2 3 1 3 2 2 1 0 2 1 0 0 0 0 4 3 3 0 0 3 0 0 4 2 3 3 1 9 3 3 4 13 3
19110521 823 6 1 3 2 3 3 2 1 0 2 1 0 0 0 0 1 2 3 3 2 1 1 6 4 1 3 0 4 2 13 0 0 1 0
19110522 927 8 2 3 1 3 2 2 3 2 1 0 1 1 0 0 0 0 1 4 3 1 0 0 2 3 2 5 3 4 6 13 1 1 3 1 4
19110527 875 0 1 0 1 1 0 0 0 0 0 0 0 2 0 0 0 3 6 3 3 1 3 7 0 13 2 4 10
19110528 859 11 1 2 1 1 3 3 3 2 1 3 2 1 0 2 1 0 0 0 0 4 3 4 0 0 5 3 0 3 4 13 2 3 5 4 0 1 0 9
19110529 889 2 1 1 1 0 2 1 0 0 0 0 2 0 0 1 0 3 0 5 2 2 0 4 3 5 3 1 13 2 3
19110530 781 9 2 2 3 1 1 1 1 2 2 1 0 3 1 0 0 0 0 4 4 1 3 1 9 13 3 6 4 5 6 3 2 3 3 0 0 0
19110531 916 10 3 3 1 3 1 2 2 2 3 2 1 0 1 1 0 0 0 0 2 4 4 13 4 1 0 4 3 6 0 3 0 3 2 1 0 9 0
19110532 898 2 3 1 1 0 1 1 0 0 0 0 1 0 1 0 2 3 0 7 3 4 1 3 6 2 3 13 2 3 3
19110536 853 1 2 1 0 3 1 0 0 0 0 0 1 0 1 1 3 4 0 9 6 13 0 4 7 8 5 4 2 5
19110538 801 7 1 1 2 1 1 2 3 1 0 3 1 0 0 0 0 4 2 1 3 0 4 2 1 5 6 4 0 5 6 13 0 2 7 2
19110539 854 7 1 2 3 1 3 3 2 1 0 1 1 0 0 0 0 2 2 3 6 2 3 1 13 2 4 0 0 5 3 3 0 3 1 2
19110540 819 6 3 1 3 3 2 2 1 0 1 1 0 0 0 0 1 2 3 0 1 3 0 0 1 1 3 2 3 5 3 4 2 13 2
19110541 835 7 2 2 3 1 3 3 1 1 0 3 1 0 0 0 0 2 2 3 1 4 2 4 2 1 3 3 0 4 7 13 2 3 1 0
19110542 830 11 2 3 2 3 2 3 1 2 1 3 1 1 0 1 1 0 0 0 0 3 4 4 0 3 1 3 0 5 7 0 1 2 8 4 0 2 5 13
19110543 768 8 1 1 3 2 3 2 3 1 1 0 1 1 0 0 0 0 3 2 3 3 3 0 0 2 1 5 3 5 9 8 4 13 2 3 2
19110544 659 8 3 1 1 2 3 3 2 2 1 0 1 1 0 0 0 0 2 3 3 4 0 2 0 1 5 2 0 13 4 3 0 3 5 0 1
19110546 930 11 3 1 2 1 2 1 3 1 3 2 3 1 0 2 1 0 0 0 0 4 3 4 3 1 2 2 4 3 2 0 13 8 5 1 0 3 0 1
19110547 793 1 3 1 0 1 1 0 0 0 0 0 0 1 0 1 0 2 4 5 2 0 1 8 3 2 13 3 4 0
19110548 975 3 3 2 1 1 0 1 1 0 0 0 0 1 1 1 2 13 6 3 7 10 9 4 0 2 4 4 0 0 3 1
19110550 885 2 2 3 1 0 1 1 0 0 0 0 0 1 1 3 13 3 0 3 5 5 0 8 0 4 1 0 0 0 2
19110552 903 4 3 3 2 1 1 0 2 1 0 0 0 0 1 1 2 0 1 2 1 0 3 2 5 1 2 3 1 0 13 4 3
19110554 825 10 3 3 1 1 2 2 2 1 3 1 1 0 3 1 0 0 0 0 4 3 3 0 2 5 13 5 4 4 9 0 5 0 1 0 0 2 3
19110555 787 1 1 1 0 3 1 0 0 0 0 1 0 0 0 0 4 4 2 5 13 2 2 3 5 3 0 1 0 1
19110557 863 6 1 2 2 3 3 3 1 0 1 1 0 0 0 0 1 2 3 1 0 0 0 0 13 2 3 2 4 5 3 0 3 4 1
19110558 804 6 3 2 1 3 2 1 1 0 1 1 0 0 0 0 2 2 2 2 0 5 3 1 1 4 0 3 6 7 2 2 13 3 0
19110560 789 8 1 2 2 3 1 1 1 3 1 0 2 1 0 0 0 0 4 2 2 0 0 3 0 0 4 4 3 5 7 5 13 0 2 3 3
19110561 984 11 3 3 2 2 2 1 1 3 1 2 3 1 0 1 1 0 0 0 0 3 4 4 0 1 0 0 0 4 2 0 0 2 5 3 1 3 6 13
19110562 935 11 2 2 1 3 3 3 3 2 2 1 1 1 0 1 1 0 0 0 0 3 4 4 0 3 0 2 2 4 13 1 0 1 5 4 1 3 3 2
19110563 912 5 3 1 3 3 1 1 0 2 1 0 0 0 0 2 0 3 3 2 0 0 5 3 1 0 2 3 13 1 7 8 2 0
19110564 851 0 1 0 3 1 0 0 0 0 0 0 0 3 3 8 2 5 7 7 0 1 13 3 6 0 0 3 0
19110565 982 3 2 2 3 1 0 1 1 0 0 0 0 0 2 1 4 1 4 13 0 8 2 4 0 2 1 3 1 6 0 0
19110567 843 2 1 3 1 0 2 1 0 0 0 0 1 0 1 1 3 3 5 0 1 3 3 0 2 13 4 0 0 2 7
19110569 806 1 1 1 0 2 1 0 0 0 0 1 0 0 13 8 7 0 3 7 4 0 3 5 1 0 4 0 0 2
19110570 862 7 3 2 2 2 3 2 1 1 0 1 1 0 0 0 0 1 4 2 0 2 0 3 1 5 0 1 4 4 4 1 1 3 2 13
19110571 899 7 3 1 1 1 3 1 2 1 0 2 1 0 0 0 0 4 1 2 0 4 13 3 0 4 3 2 0 3 6 3 2 3 2 1
19110572 1094 10 1 1 1 1 2 2 3 3 2 3 1 0 3 1 0 0 0 0 4 3 3 13 3 8 5 4 4 3 0 2 1 0 3 0 0 2 0
19110574 846 3 1 2 2 1 0 2 1 0 0 0 0 1 2 0 0 0 3 0 0 4 3 1 1 3 7 8 3 1 2 13
19110576 810 7 2 3 2 1 1 3 1 1 0 3 1 0 0 0 0 3 2 2 3 3 2 1 5 6 2 0 13 1 4 0 0 2 0 0
19110577 852 9 3 2 3 1 2 1 2 1 2 1 0 3 1 0 0 0 0 3 4 2 13 2 4 3 9 1 1 3 2 5 0 0 1 3 0 0
19110578 769 5 2 2 3 3 1 1 0 1 1 0 0 0 0 1 2 2 3 1 0 0 2 13 4 3 2 4 0 4 2 1 1 3
19110580 771 9 1 1 2 2 2 2 1 1 3 1 0 3 1 0 0 0 0 4 4 1 9 3 1 3 0 2 4 3 0 4 5 3 0 13 6 3
19110581 826 9 2 1 2 1 1 2 3 3 1 1 0 3 1 0 0 0 0 4 3 2 0 13 3 2 2 1 3 2 0 4 8 4 0 3 5 1
19110583 798 8 1 1 2 3 3 2 2 1 1 0 3 1 0 0 0 0 3 3 2 1 0 13 3 0 3 7 3 4 1 4 3 0 0 2 2
19110586 1157 11 2 3 3 1 2 2 1 1 3 1 2 1 0 3 1 0 0 0 0 4 4 3 1 4 0 0 0 7 4 0 2 4 7 2 13 9 1 0
19110587 768 9 3 3 3 1 1 1 1 2 2 1 0 3 1 0 0 0 0 4 2 3 4 7 13 0 9 6 4 3 0 6 2 0 2 1 0 2
19110588 838 4 3 1 1 2 1 0 3 1 0 0 0 0 2 1 1 1 3 8 4 13 3 0 0 4 3 0 2 2 6 0 0
19110589 908 8 2 1 3 1 2 3 3 3 1 0 2 1 0 0 0 0 2 2 4 0 1 0 4 0 1 7 5 1 4 5 13 2 3 4 2
19110590 803 1 1 1 0 3 1 0 0 0 0 1 0 0 2 3 3 13 2 5 3 9 0 2 1 3 1 4 0 0
19110595 896 6 1 1 3 2 3 1 1 0 3 1 0 0 0 0 3 1 2 2 3 0 2 0 3 7 5 2 4 5 9 0 1 3 13
19110596 831 5 1 3 2 2 1 1 0 2 1 0 0 0 0 2 2 1 5 4 3 3 6 6 5 1 13 1 4 0 0 2 3 0
19110597 790 7 1 3 2 3 3 1 2 3 1 4 0.54545454545454553 5 0.27272727272727276 6 0.18181818181818185 2 2 3 0 13 3 3 0 3 4 5 1 3 3 1 2 0 2 0
19110598 959 6 2 3 3 1 1 2 1 0 3 1 0 0 0 0 2 2 2 0 2 3 1 2 3 5 3 0 2 1 13 1 0 3 8
19110599 1009 3 3 3 1 1 0 1 1 0 0 0 0 1 0 2 2 0 0 0 13 4 2 3 6 3 5 3 3 3 3 0
19110600 811 1 3 1 0 1 1 0 0 0 0 0 0 1 1 6 13 0 2 5 4 0 0 5 3 0 1 3 2 2
19110602 1071 1 2 1 0 1 1 0 0 0 0 0 1 0 0 3 1 0 13 3 5 2 3 7 7 3 2 4 3 1
19110604 701 5 2 2 1 2 1 1 0 3 1 0 0 0 0 2 3 0 2 0 3 0 3 1 4 9 4 1 8 13 1 2 3 3
19110605 888 10 3 1 3 3 2 3 1 1 2 1 1 0 2 1 0 0 0 0 4 2 4 0 2 1 0 0 1 5 2 3 3 7 7 0 4 2 13
19110609 875 10 1 1 3 3 1 1 2 2 2 2 1 0 3 1 0 0 0 0 4 4 2 13 8 4 0 6 5 1 0 2 2 0 3 1 0 0 0
19110610 1072 7 2 2 1 2 3 3 3 1 0 1 1 0 0 0 0 1 3 3 1 4 1 0 5 3 2 1 2 13 0 0 0 0 3 0
19110611 902 6 3 1 2 2 3 1 1 0 3 1 0 0 0 0 2 2 2 0 1 2 4 2 3 1 0 3 5 8 3 5 13 0 0
19110612 811 5 1 3 3 3 2 1 0 1 1 0 0 0 0 1 1 3 0 5 3 0 0 1 3 3 0 2 4 3 2 13 7 4
19110613 815 7 2 1 1 2 2 1 2 1 0 3 1 0 0 0 0 3 4 0 0 0 3 9 3 2 5 8 0 3 1 4 0 13 3 1
19110617 776 7 2 2 3 3 1 2 2 1 0 1 1 0 0 0 0 1 4 2 1 0 2 0 1 4 4 3 4 3 5 0 13 8 3 1
19110618 876 4 3 2 1 1 1 0 1 1 0 0 0 0 2 1 1 2 3 4 13 2 5 5 3 0 3 2 4 1 0 0 0
19110620 713 1 2 1 0 3 1 0 0 0 0 0 1 0 13 6 7 3 4 5 3 0 3 3 0 0 1 0 0 0
19110622 903 11 1 1 3 2 2 3 3 2 1 3 2 1 0 1 1 0 0 0 0 3 4 4 0 0 3 0 1 0 0 3 3 2 4 5 3 3 4 13
19110624 743 11 3 2 1 2 2 1 3 1 3 1 2 1 0 3 1 0 0 0 0 4 4 3 0 9 2 13 3 1 6 3 0 3 2 2 0 1 0 1
19110625 865 1 1 1 0 1 1 0 0 0 0 1 0 0 3 2 6 3 2 5 4 7 0 3 13 3 0 1 3 2
19110627 860 8 2 3 3 3 2 1 2 1 1 0 3 1 0 0 0 0 2 3 3 2 0 2 1 0 4 1 3 0 1 5 13 3 4 6 3
19110628 814 6 1 1 3 1 3 1 1 0 2 1 0 0 0 0 4 0 2 2 13 6 4 6 2 2 3 5 4 9 1 0 3 2 3
19110629 778 10 1 2 2 3 2 1 1 3 2 1 1 0 3 1 0 0 0 0 4 4 2 2 3 8 7 0 1 5 13 4 4 4 6 0 5 3 0
19110630 1066 1 1 3 1 5 0.42857142857142855 6 0.2857142857142857 7 0.2857142857142857 1 0 0 1 0 0 3 0 3 4 3 0 2 3 6 0 2 4 13
19110631 841 8 3 2 3 1 2 2 3 2 1 0 1 1 0 0 0 0 1 4 3 3 4 4 3 4 5 6 0 13 0 0 0 1 3 1 0
19110632 901 5 1 3 2 1 1 1 0 2 1 0 0 0 0 3 1 1 2 1 3 0 2 5 2 0 13 7 4 0 4 5 3 1
19110633 933 10 3 1 1 1 2 2 1 3 2 2 1 0 3 1 0 0 0 0 4 4 2 13 2 3 3 3 2 7 1 1 2 5 4 3 0 1 0
19110634 849 7 1 2 3 1 3 1 2 1 0 1 1 0 0 0 0 3 2 2 0 2 5 13 2 3 4 6 0 0 1 3 3 2 0 0
19110635 908 2 2 2 1 0 1 1 0 0 0 0 0 2 0 13 5 3 1 8 4 1 2 2 2 4 1 0 4 0 1
19110636 748 0 1 0 1 1 0 0 0 0 0 0 0 2 0 4 3 3 7 0 2 1 4 4 2 1 3 13 4
19110637 948 4 2 2 1 3 1 0 3 1 0 0 0 0 1 2 1 0 0 3 0 2 5 3 5 0 1 5 6 0 3 1 13
19110638 809 7 2 2 1 3 1 3 3 1 0 2 1 0 0 0 0 2 2 3 3 1 0 0 1 4 0 0 4 2 1 2 13 5 3 0
19110639 854 11 2 1 2 1 2 3 1 2 1 3 3 1 0 3 1 0 0 0 0 4 4 3 13 6 4 0 3 5 3 1 1 6 2 0 2 4 0 0
19110640 779 4 3 3 1 3 1 0 2 1 0 0 0 0 1 0 3 2 2 0 0 1 3 0 1 0 5 13 3 4 3 2 1
19110641 1011 10 1 1 2 1 3 3 3 2 2 3 1 0 1 1 0 0 0 0 3 3 4 0 2 5 0 1 0 4 4 0 4 7 13 0 4 3 2
19110642 782 2 3 1 1 0 2 1 0 0 0 0 1 0 1 0 1 0 0 3 4 3 2 1 3 4 0 2 4 13 3
19110643 919 9 3 2 3 2 3 2 1 1 3 1 0 2 1 0 0 0 0 2 3 4 0 0 1 0 3 1 3 2 2 5 13 0 1 4 4 1
19110644 883 7 1 3 2 1 3 2 1 1 0 3 1 0 0 0 0 3 2 2 0 0 0 1 3 4 2 3 13 3 7 0 3 5 3 2
19110646 860 8 3 2 1 2 3 2 2 1 1 0 1 1 0 0 0 0 2 4 2 0 0 0 1 3 3 3 4 0 3 7 4 0 13 7 6
19110647 944 9 1 3 1 2 3 2 2 1 1 1 0 3 1 0 0 0 0 4 3 2 13 7 3 2 2 5 1 1 4 8 6 0 3 3 2 0
19110648 808 5 2 2 2 3 1 1 0 1 1 0 0 0 0 1 3 1 0 0 1 4 0 5 3 3 3 3 7 13 0 3 3 0
19110649 921 2 3 1 1 0 1 1 0 0 0 0 1 0 1 2 0 3 0 0 0 5 0 3 1 4 13 0 4 2 2
19110650 737 8 3 3 2 3 2 3 1 1 1 0 1 1 0 0 0 0 2 2 4 3 5 3 3 13 4 2 1 3 0 0 0 0 2 0 0
19110651 846 11 2 1 3 2 3 1 3 2 3 1 2 1 0 1 1 0 0 0 0 3 4 4 0 3 2 3 0 4 5 4 3 3 3 3 0 1 3 13
19110652 910 11 3 3 3 2 3 2 2 1 1 1 2 1 0 1 1 0 0 0 0 3 4 4 0 0 9 5 7 4 4 1 0 3 2 13 0 3 4 3
19110657 925 2 3 1 1 0 2 1 0 0 0 0 1 0 1 3 2 0 0 4 4 0 0 5 1 0 1 13 3 2 0
19110658 890 8 3 1 3 1 2 1 1 2 1 0 2 1 0 0 0 0 4 2 2 1 0 2 0 3 6 3 0 4 3 2 3 13 3 3 3
19110660 814 0 1 0 2 1 0 0 0 0 0 0 0 0 1 0 2 13 3 0 0 5 8 5 3 4 1 3 3
19110662 961 2 1 2 1 0 1 1 0 0 0 0 1 1 0 0 0 3 2 0 3 5 4 0 2 13 4 1 3 3 3
19110666 834 8 3 3 1 2 3 2 2 3 1 0 2 1 0 0 0 0 1 3 4 1 0 1 0 0 4 4 1 5 2 7 0 13 8 1 3
19110669 904 8 2 1 3 1 3 2 1 3 1 0 3 1 0 0 0 0 3 2 3 3 0 2 4 3 5 9 0 4 13 0 0 3 9 8 0
19110670 930 8 1 3 2 2 3 1 1 3 1 0 3 1 0 0 0 0 3 2 3 0 2 0 0 3 1 3 0 5 4 2 2 13 9 3 1
19110671 911 9 1 1 2 3 2 2 3 3 1 1 0 2 1 0 0 0 0 3 3 3 0 2 5 13 0 5 6 1 1 9 0 5 0 0 0 9
19110674 930 4 3 1 2 1 1 0 2 1 0 0 0 0 2 1 1 3 1 0 0 2 5 2 3 0 13 5 3 0 0 1 4
19110677 881 0 1 0 1 1 0 0 0 0 0 0 0 0 3 2 13 0 1 4 4 2 3 7 3 0 5 6 3
19110678 895 11 1 3 3 2 2 2 1 3 1 2 1 1 0 3 1 0 0 0 0 4 4 3 4 3 3 1 7 13 4 6 4 8 3 0 0 2 4 0
19110679 768 7 1 1 1 2 3 3 2 1 0 2 1 0 0 0 0 3 2 2 3 3 2 3 2 7 1 4 3 13 6 0 1 4 3 0
19110680 698 0 1 0 2 1 0 0 0 0 0 0 0 0 3 0 2 2 0 1 5 0 1 3 4 0 1 3 13
19110681 794 0 1 0 2 1 0 0 0 0 0 0 0 0 13 4 2 2 1 5 7 0 0 1 3 0 0 4 1
19110682 898 1 2 1 0 3 1 0 0 0 0 0 1 0 1 4 3 1 0 3 5 13 0 2 3 3 0 2 1 0
19110683 1046 2 1 2 1 0 1 1 0 0 0 0 1 1 0 0 3 2 9 1 6 7 2 2 1 3 4 0 13 5 4
19110684 926 3 2 3 2 1 0 2 1 0 0 0 0 0 2 1 1 3 13 9 4 7 5 9 1 4 5 0 1 0 3 0
19110685 806 8 1 2 2 3 3 1 3 3 1 0 1 1 0 0 0 0 2 2 4 0 0 0 2 3 1 5 9 5 4 13 4 1 5 2 2
19110687 768 11 3 2 2 3 1 3 2 2 1 3 1 1 0 1 1 0 0 0 0 3 4 4 3 3 5 4 5 6 3 7 1 4 13 2 0 0 0 7
19110688 674 4 1 3 1 3 1 0 2 1 0 0 0 0 2 0 2 2 1 0 0 4 3 0 0 6 5 0 0 13 3 3 2
19110689 1089 1 2 1 0 1 1 0 0 0 0 0 1 0 4 13 2 0 4 1 0 0 2 5 3 1 2 0 1 3
19110690 854 4 3 1 3 2 1 0 1 1 0 0 0 0 1 1 2 3 6 13 2 4 5 7 3 4 4 5 0 3 3 0 0
19110692 864 8 1 1 2 3 3 2 1 3 1 0 3 1 0 0 0 0 3 2 3 3 0 0 2 1 3 6 1 8 4 2 3 13 4 2 0
19110693 899 1 2 1 0 1 1 0 0 0 0 0 1 0 3 0 0 0 4 3 2 0 1 3 4 0 13 4 2 1
19110694 832 0 1 0 2 1 0 0 0 0 0 0 0 2 1 0 0 3 1 0 0 3 5 3 2 1 4 13 0
19110695 743 9 3 1 2 2 2 3 3 1 1 3 1 5 0.42857142857142855 6 0.2857142857142857 7 0.2857142857142857 3 3 3 2 3 3 13 0 5 4 1 3 0 2 3 0 0 1 0
19110696 678 9 2 2 3 1 1 2 1 3 3 1 0 3 1 0 0 0 0 3 3 3 2 0 0 2 0 1 4 9 1 13 6 4 3 5 3 3
19110698 711 9 2 2 3 2 3 3 1 3 1 1 0 1 1 0 0 0 0 2 3 4 4 2 3 1 3 4 3 4 9 13 0 0 1 2 0 0
19110700 845 4 2 2 3 2 1 0 1 1 0 0 0 0 0 3 1 3 4 0 0 3 13 1 1 5 3 3 0 3 1 2 0
19110702 806 3 1 3 1 1 0 2 1 0 0 0 0 2 0 1 0 0 3 0 4 3 2 0 4 6 1 0 13 7 4 2
19110703 647 4 1 2 2 3 1 0 3 1 0 0 0 0 1 2 1 3 3 4 9 7 5 13 1 0 4 5 4 0 1 2 3
19110704 787 11 2 2 3 1 1 3 2 2 3 3 1 1 0 1 1 0 0 0 0 3 4 4 3 0 8 0 1 4 2 0 7 3 4 2 5 13 5 1
19110705 885 4 2 1 3 2 1 0 3 1 0 0 0 0 1 2 1 1 0 3 1 0 5 3 2 0 4 4 2 0 13 4 1
19110706 862 10 1 2 2 1 3 3 3 3 2 1 1 0 2 1 0 0 0 0 3 3 4 2 3 9 13 6 4 1 1 2 3 5 3 0 4 3 1
19110707 828 1 1 1 0 3 1 0 0 0 0 1 0 0 1 13 3 0 5 4 3 2 0 6 4 0 2 0 7 3
19110708 984 4 2 2 3 3 1 0 1 1 0 0 0 0 0 2 2 0 2 9 13 3 3 4 6 7 6 1 4 0 0 3 1
19110709 879 11 1 3 3 2 1 2 1 3 1 2 3 1 0 2 1 0 0 0 0 4 3 4 0 0 2 0 0 9 0 4 1 5 3 3 2 1 4 13
19110711 986 9 3 3 1 3 2 2 2 1 1 1 0 1 1 0 0 0 0 3 3 3 2 2 0 0 6 3 5 1 13 2 1 9 3 3 0 0
19110713 824 3 2 3 3 1 0 1 1 0 0 0 0 0 1 2 3 13 5 4 0 3 3 2 0 0 1 1 0 2 0 0
19110714 899 8 1 2 1 1 3 2 2 2 1 0 3 1 0 0 0 0 3 4 1 3 3 4 1 5 4 3 0 3 13 4 0 8 5 4 0
19110717 810 8 2 2 1 3 3 1 2 1 3 1 4 0.54545454545454553 5 0.27272727272727276 6 0.18181818181818185 3 3 2 0 0 3 0 3 7 3 1 5 8 13 0 4 3 2 0
19110718 957 1 1 1 0 1 1 0 0 0 0 1 0 0 2 0 0 0 0 4 3 13 1 8 5 4 2 4 4 2
19110722 804 11 3 1 2 3 1 3 3 2 2 1 2 1 0 1 1 0 0 0 0 3 4 4 1 0 1 13 0 2 5 8 3 5 6 9 2 2 4 1
19110726 864 1 1 1 0 1 1 0 0 0 0 1 0 0 2 3 2 4 4 13 5 8 0 0 7 4 0 1 2 0
19110730 866 0 1 0 3 1 0 0 0 0 0 0 0 2 3 1 0 3 4 13 1 9 2 2 0 3 1 3 4
19110732 1013 7 1 3 3 2 2 2 1 1 0 3 1 0 0 0 0 2 3 2 1 0 0 0 13 2 0 0 5 3 0 3 1 4 3 0
19110735 911 5 1 2 1 3 1 1 0 3 1 0 0 0 0 3 1 1 0 0 2 3 5 3 6 5 2 3 13 9 2 5 3 1
19110737 867 7 3 2 2 3 1 3 1 1 0 3 1 0 0 0 0 2 2 3 13 3 1 2 4 8 1 3 3 6 2 0 3 0 0 0
19110738 929 5 2 3 2 3 1 1 0 1 1 0 0 0 0 1 2 2 0 0 3 0 0 13 3 1 0 1 5 2 2 3 3 4
19110739 677 4 3 3 1 2 1 0 2 1 0 0 0 0 1 1 2 2 3 1 0 5 6 13 3 4 6 1 0 4 2 1 0
19110740 783 8 1 2 1 2 1 3 3 2 1 0 1 1 0 0 0 0 3 3 2 3 3 3 0 4 6 3 2 4 13 4 2 5 3 1 0
19110742 814 3 1 1 2 1 0 3 1 0 0 0 0 2 1 0 0 0 4 2 0 3 7 13 1 8 4 3 2 3 4 3
19110743 902 4 2 1 3 1 1 0 1 1 0 0 0 0 2 1 1 0 6 7 13 0 1 6 4 2 2 4 2 0 0 3 0
19110745 852 5 2 2 2 3 3 1 0 1 1 0 0 0 0 0 3 2 2 3 0 6 0 1 0 5 0 3 1 3 0 1 3 13
19110746 903 5 3 1 2 1 2 1 0 2 1 0 0 0 0 2 2 1 0 3 0 2 4 3 13 3 0 5 1 5 5 4 1 7
19110747 915 6 2 2 3 1 3 3 1 0 1 1 0 0 0 0 1 2 3 0 0 0 2 0 3 3 3 2 5 4 1 1 13 4 9
19110748 872 3 1 2 3 1 0 3 1 0 0 0 0 1 1 1 1 3 0 0 1 2 5 2 3 4 13 3 3 3 3 3
19110752 776 11 3 2 1 3 1 1 1 2 2 3 2 1 0 3 1 0 0 0 0 4 4 3 0 5 2 4 0 4 4 1 4 3 5 13 3 0 3 0
19110753 884 2 3 1 1 0 2 1 0 0 0 0 1 0 1 3 0 0 0 4 4 0 0 3 8 2 3 13 4 6 1
19110755 843 9 1 2 1 3 3 2 1 3 3 1 0 1 1 0 0 0 0 3 2 4 2 1 3 2 0 4 13 5 1 6 4 2 0 2 0 3
19110756 929 9 2 3 1 3 1 1 2 3 2 1 0 3 1 0 0 0 0 3 3 3 1 3 3 2 3 6 4 5 3 8 7 3 13 3 9 0
19110758 822 5 3 3 1 3 2 1 0 2 1 0 0 0 0 1 1 3 0 3 2 0 1 7 1 0 3 3 6 0 13 4 4 3
19110759 1015 2 3 3 1 0 3 1 0 0 0 0 0 0 2 1 8 2 13 3 4 3 3 0 1 6 1 0 3 2 2
19110760 686 1 2 1 0 3 1 0 0 0 0 0 1 0 1 5 3 0 2 6 1 0 7 1 1 0 13 9 2 2
19110761 931 10 2 2 1 3 3 1 3 2 2 1 1 0 3 1 0 0 0 0 3 4 3 2 5 2 3 1 3 1 13 0 1 5 1 0 0 2 3
19110762 751 6 2 1 1 3 2 3 1 0 1 1 0 0 0 0 2 2 2 0 3 3 3 2 8 4 3 0 13 1 5 2 3 0 3
19110763 705 6 3 1 3 1 1 2 1 0 3 1 0 0 0 0 3 1 2 13 6 5 2 4 4 8 4 4 2 2 1 3 0 0 0
19110765 928 3 1 3 3 1 0 1 1 0 0 0 0 1 0 2 0 5 0 0 0 5 4 13 2 6 8 2 2 1 5 3
19110766 903 3 2 3 3 1 0 3 1 0 0 0 0 0 1 2 0 0 0 2 0 3 0 1 0 5 2 3 1 1 6 13
19110768 682 6 1 3 2 3 1 3 1 0 1 1 0 0 0 0 2 1 3 0 0 2 0 0 2 1 4 7 8 4 7 2 3 5 13
19110769 681 1 3 1 0 2 1 0 0 0 0 0 0 1 2 0 0 0 0 5 1 3 0 3 7 0 1 13 5 3
19110770 889 6 3 2 1 3 1 1 1 0 2 1 0 0 0 0 3 1 2 6 4 5 4 3 4 1 13 0 0 0 2 0 0 3 2
19110771 788 11 1 3 1 3 3 2 1 2 2 2 1 1 0 3 1 0 0 0 0 4 4 3 0 4 4 2 0 4 5 5 1 0 4 13 0 0 0 3
19110772 799 10 3 1 2 3 3 3 1 2 2 1 1 0 2 1 0 0 0 0 3 3 4 0 1 3 0 0 0 1 2 1 4 3 4 2 4 6 13
19110773 881 4 2 1 3 2 1 0 3 1 0 0 0 0 1 2 1 0 1 5 13 0 1 0 3 2 4 0 1 0 3 2 0
19110775 939 11 3 2 2 1 3 3 1 1 2 1 2 1 0 3 1 0 0 0 0 4 4 3 0 1 6 0 4 4 5 4 3 13 4 2 1 2 3 4
19110776 689 4 1 1 2 3 1 0 3 1 0 0 0 0 2 1 1 3 0 0 3 2 3 4 0 7 13 3 2 6 3 1 0
19110777 934 3 3 2 1 1 0 1 1 0 0 0 0 1 1 1 5 1 3 2 4 13 2 3 3 3 4 3 2 0 0 1
19110778 919 9 3 1 3 2 3 3 1 1 1 1 0 2 1 0 0 0 0 4 1 4 2 0 3 0 0 0 1 0 0 4 3 2 2 13 5 3
19110779 802 5 1 2 2 3 2 1 0 3 1 0 0 0 0 1 3 1 3 13 1 1 5 2 1 2 3 4 5 1 3 0 0 0
19110781 969 8 1 3 3 1 2 2 3 1 1 0 1 1 0 0 0 0 3 2 3 2 0 2 0 0 3 1 13 0 3 6 2 0 3 0 3
19110782 749 6 1 3 1 2 3 1 1 0 3 1 0 0 0 0 3 1 2 3 6 1 3 3 5 1 6 13 3 4 2 2 2 2 8
19110786 843 1 3 1 0 2 1 0 0 0 0 0 0 1 0 1 3 0 0 0 4 2 0 13 3 3 3 3 1 5
19110787 868 0 1 0 3 1 0 0 0 0 0 0 0 0 1 3 13 0 1 4 2 1 1 6 2 2 2 0 0
19110788 753 7 1 2 2 3 2 1 3 3 1 7 0.2857142857142857 8 0.2857142857142857 9 0.42857142857142855 2 3 2 5 4 3 0 3 5 1 0 1 13 4 3 3 8 5 2
19110789 822 2 3 1 1 0 1 1 0 0 0 0 1 0 1 4 3 2 3 4 5 1 0 13 3 0 3 2 2 0 0
19110791 884 1 3 1 0 2 1 0 0 0 0 0 0 1 13 4 1 1 3 3 6 2 3 2 3 0 1 0 0 0
19110793 833 8 3 1 3 2 1 3 2 1 1 0 3 1 0 0 0 0 3 2 3 4 3 5 1 0 3 10 2 1 13 2 3 0 2 0 0
19110797 999 1 1 1 0 3 1 0 0 0 0 1 0 0 0 5 3 13 0 2 6 7 0 0 3 4 3 0 2 1
19110798 720 10 2 3 3 2 1 1 2 1 3 1 1 0 3 1 0 0 0 0 4 3 3 3 2 1 0 2 13 4 0 7 4 3 0 1 6 4 2
