19110801 744 9 1 3 2 3 1 3 3 2 2 1 0 1 1 0 0 0 0 2 3 4 3 3 13 7 0 9 4 2 1 4 0 3 2 0 0 1
19110802 918 8 2 2 1 1 1 3 3 3 1 0 3 1 0 0 0 0 3 2 3 2 0 0 0 0 1 3 0 2 3 6 13 0 0 3 3
19110803 859 7 3 1 1 1 2 3 3 1 0 1 1 0 0 0 0 3 1 3 4 3 2 0 4 13 0 0 9 5 3 2 0 3 0 2
19110804 897 8 1 3 1 3 1 3 2 3 1 0 1 1 0 0 0 0 3 1 4 2 3 6 2 2 2 5 0 13 3 1 0 2 3 1 3
19110807 906 0 1 0 1 1 0 0 0 0 0 0 0 0 3 3 3 3 2 4 7 3 13 3 0 0 4 3 0
19110808 903 11 3 1 1 1 1 2 3 3 2 3 2 1 0 2 1 0 0 0 0 4 3 4 2 0 1 0 1 3 5 0 2 5 3 5 13 6 5 0
19110810 779 3 2 3 3 1 0 1 1 0 0 0 0 0 1 2 3 2 2 0 1 3 13 0 1 6 3 2 1 4 3 5
19110812 677 11 2 3 2 3 3 1 1 2 3 1 2 1 0 1 1 0 0 0 0 3 4 4 0 3 6 13 0 2 3 4 0 3 5 4 1 6 0 0
19110813 881 9 3 2 1 1 3 2 3 1 3 1 0 1 1 0 0 0 0 3 2 4 0 0 2 0 2 13 1 5 0 7 4 3 0 5 4 2
19110814 839 10 3 2 1 3 3 1 1 3 2 2 3 1 8 0.18181818181818185 9 0.27272727272727276 10 0.54545454545454553 3 3 4 0 0 2 0 0 3 4 3 1 5 4 4 1 2 13 3
19110815 853 7 3 3 2 3 1 2 1 1 0 2 1 0 0 0 0 2 2 3 13 5 3 0 4 5 3 3 8 3 0 0 1 0 0 0
19110816 916 8 3 2 1 3 2 2 1 1 1 0 2 1 0 0 0 0 3 3 2 0 0 0 1 0 0 13 5 0 3 5 3 3 4 2 1
19110817 877 10 2 2 2 3 1 2 1 3 3 1 1 0 1 1 0 0 0 0 3 4 3 2 13 5 3 3 6 5 3 0 0 3 0 1 0 0 0
19110818 692 10 2 1 2 3 2 1 1 2 3 3 1 0 3 1 0 0 0 0 3 4 3 1 3 4 13 2 5 7 5 4 6 4 4 0 0 0 1
19110819 812 11 1 3 3 3 1 3 2 1 2 1 2 1 0 2 1 0 0 0 0 4 3 4 3 0 3 0 1 2 4 5 0 3 7 8 5 3 3 13
19110820 891 0 1 0 3 1 0 0 0 0 0 0 0 3 0 9 0 1 2 13 4 4 8 1 0 3 4 3 2
19110826 737 1 1 1 0 3 1 0 0 0 0 1 0 0 0 1 5 3 0 13 6 3 0 3 4 2 6 2 0 0
19110827 844 10 3 1 2 1 1 3 2 3 2 3 1 0 2 1 0 0 0 0 3 3 4 0 3 3 4 2 3 4 1 1 0 4 13 0 3 0 3
19110829 812 9 3 3 1 1 2 3 1 2 2 1 0 2 1 0 0 0 0 3 3 3 3 13 3 3 0 3 5 6 0 2 4 1 0 0 1 0
19110830 827 0 1 0 3 1 0 0 0 0 0 0 0 0 2 0 4 0 1 13 2 8 7 5 5 2 4 1 1
19110831 1035 3 2 3 1 1 0 3 1 0 0 0 0 1 1 1 0 0 0 1 0 1 13 1 5 3 2 3 2 2 7 9
19110832 901 10 2 2 1 1 3 1 2 3 3 1 1 0 2 1 0 0 0 0 4 3 3 1 8 4 1 13 4 5 2 0 2 4 0 0 0 0 3
19110835 863 6 2 1 3 1 2 1 1 0 1 1 0 0 0 0 3 2 1 3 8 5 13 0 3 4 3 0 2 3 2 0 0 3 0
19110837 928 0 3 1 4 0.54545454545454553 5 0.27272727272727276 6 0.18181818181818185 0 0 0 2 0 0 1 3 5 3 2 7 13 0 1 5 3 3 0
19110838 848 0 1 0 1 1 0 0 0 0 0 0 0 6 3 13 3 3 4 4 6 0 3 6 2 0 4 4 3
19110840 802 8 1 2 2 3 3 2 1 3 1 0 2 1 0 0 0 0 2 3 3 0 13 3 1 1 5 4 4 0 2 6 1 0 3 4 0
19110841 724 10 3 1 3 2 2 3 1 2 3 1 1 0 2 1 0 0 0 0 3 3 4 0 1 0 0 4 3 0 0 6 7 4 1 13 4 2 0
19110843 779 3 1 1 1 1 0 2 1 0 0 0 0 3 0 0 3 2 3 0 1 4 5 2 2 13 5 3 4 2 1 0
19110845 776 5 2 2 3 2 1 1 0 1 1 0 0 0 0 1 3 1 4 13 4 0 9 1 1 0 4 3 7 3 3 0 2 0
19110847 920 0 1 0 3 1 0 0 0 0 0 0 0 1 2 0 0 3 5 0 0 7 5 13 3 2 5 3 1
19110849 821 10 1 2 2 1 1 3 1 2 3 2 1 0 3 1 0 0 0 0 4 4 2 3 6 3 13 0 1 6 5 2 0 4 2 3 0 1 0
19110851 786 1 3 1 0 1 1 0 0 0 0 0 0 1 3 3 2 1 1 6 2 5 8 6 5 0 13 9 2 0
19110853 795 8 1 2 3 3 1 3 1 3 1 0 2 1 0 0 0 0 3 1 4 4 3 2 4 0 0 6 1 2 2 0 13 0 1 6 9
19110855 830 5 3 1 2 1 3 1 0 2 1 0 0 0 0 2 1 2 4 3 13 0 1 1 6 3 0 0 2 0 0 0 2 0
19110857 869 2 1 3 1 0 2 1 0 0 0 0 1 0 1 9 3 3 4 3 13 4 1 4 3 5 2 2 0 1 0
19110858 918 11 2 1 2 3 3 2 3 2 3 1 1 1 0 1 1 0 0 0 0 3 4 4 3 2 0 0 0 8 3 13 2 3 4 6 2 1 1 1
19110860 840 0 1 0 2 1 0 0 0 0 0 0 0 0 0 1 2 1 4 8 4 3 4 4 13 4 3 3 3
19110861 938 1 2 1 0 2 1 0 0 0 0 0 1 0 3 1 0 0 3 5 1 0 3 7 4 0 13 8 7 3
19110862 784 6 3 3 2 1 2 2 1 0 1 1 0 0 0 0 1 3 2 1 7 9 13 0 2 3 4 0 2 3 1 0 0 1 3
19110863 749 10 2 1 2 2 3 1 3 3 1 1 1 0 3 1 0 0 0 0 4 3 3 2 0 0 0 0 2 1 8 1 3 13 6 4 2 3 4
19110864 848 2 1 2 1 0 2 1 0 0 0 0 1 1 0 3 0 0 3 0 3 4 1 0 2 5 7 0 1 4 13
19110865 771 9 2 1 2 1 3 3 3 1 1 1 0 2 1 0 0 0 0 4 2 3 0 2 0 0 0 4 1 4 0 5 8 2 5 13 9 5
19110866 897 9 3 2 1 3 1 1 2 3 2 3 1 8 0.18181818181818185 9 0.27272727272727276 10 0.54545454545454553 3 3 3 1 3 1 3 2 1 0 13 0 4 2 4 0 0 2 3
19110869 983 2 3 2 1 0 1 1 0 0 0 0 0 1 1 6 1 0 0 13 4 2 6 3 4 3 2 9 6 1 0
19110870 951 10 3 2 3 3 2 2 1 1 3 1 1 0 2 1 0 0 0 0 3 3 4 0 0 0 1 0 0 5 4 0 2 3 4 1 0 4 13
19110872 892 10 1 1 2 3 3 3 2 1 1 2 1 0 3 1 0 0 0 0 4 3 3 0 1 2 0 13 3 2 0 5 1 4 0 3 3 2 3
19110878 970 5 3 2 1 1 1 1 0 2 1 0 0 0 0 3 1 1 0 2 0 0 3 3 8 3 0 4 6 3 0 5 5 13
19110879 769 10 3 2 2 1 1 3 3 1 1 3 1 0 2 1 0 0 0 0 4 2 4 2 0 0 4 1 3 6 3 0 0 5 13 2 4 7 3
19110881 844 1 3 1 0 2 1 0 0 0 0 0 0 1 0 1 8 3 3 5 4 6 0 4 4 9 2 3 1 13
19110883 851 7 2 3 3 1 2 1 2 1 0 2 1 0 0 0 0 2 3 2 4 1 8 3 3 13 2 1 3 4 5 3 0 3 1 0
19110884 870 1 1 1 0 2 1 0 0 0 0 1 0 0 13 3 3 0 8 4 1 0 4 2 2 0 4 1 0 3
19110885 917 7 1 3 3 2 2 2 1 1 0 3 1 0 0 0 0 2 3 2 0 3 0 0 3 3 4 0 3 5 6 1 4 7 13 0
19110887 891 11 1 1 2 3 3 1 1 3 2 3 2 1 0 2 1 0 0 0 0 4 3 4 13 4 6 0 5 2 1 3 2 3 0 0 0 1 0 0
19110889 921 8 3 2 3 1 2 2 2 1 1 0 1 1 0 0 0 0 2 4 2 0 1 3 0 4 3 5 3 2 13 1 0 3 3 3 3
19110890 706 3 2 3 2 1 0 3 1 0 0 0 0 0 2 1 0 0 1 3 3 0 1 2 1 3 5 2 0 13 1 3
19110891 906 9 3 1 2 1 2 1 3 2 3 1 0 1 1 0 0 0 0 3 3 3 1 0 0 0 2 4 2 3 3 13 0 0 5 4 7 4
19110893 946 11 2 1 3 3 1 2 1 3 2 3 2 1 0 1 1 0 0 0 0 3 4 4 0 1 0 0 0 2 3 2 3 5 5 6 13 3 3 1
19110897 979 11 2 1 3 2 3 1 1 2 3 2 3 1 0 1 1 0 0 0 0 3 4 4 0 8 2 0 3 1 3 13 3 3 1 2 0 4 5 5
19110899 844 8 3 1 3 2 3 2 2 2 1 0 1 1 0 0 0 0 1 4 3 3 0 1 0 4 3 0 0 6 4 3 1 4 5 13 0
19110900 774 8 1 2 2 1 3 3 2 1 1 0 3 1 0 0 0 0 3 3 2 0 0 3 2 0 0 4 3 0 4 7 3 1 3 3 13
19110901 861 5 1 2 3 1 2 1 0 1 1 0 0 0 0 2 2 1 0 2 0 4 0 3 5 1 6 5 2 13 0 9 8 0
19110903 944 9 1 2 3 2 2 3 1 3 3 1 0 2 1 0 0 0 0 2 3 4 1 4 4 1 0 2 13 4 3 7 9 6 0 4 4 1
19110904 934 11 2 2 2 3 2 1 3 1 1 1 3 1 0 3 1 0 0 0 0 4 4 3 0 0 3 1 0 3 5 2 2 6 8 4 3 1 3 13
19110906 747 2 2 3 1 0 2 1 0 0 0 0 0 1 1 3 3 0 0 3 0 1 0 4 5 1 3 13 3 4 0
19110907 800 0 1 0 1 1 0 0 0 0 0 0 0 4 1 3 1 3 13 4 2 3 2 3 0 0 3 2 0
19110908 764 1 3 1 0 3 1 0 0 0 0 0 0 1 2 4 5 4 13 2 0 1 3 1 5 2 5 1 0 0
19110909 860 6 1 3 2 1 2 2 1 0 1 1 0 0 0 0 2 3 1 2 3 3 13 3 1 5 8 7 6 4 2 0 5 3 1
19110910 900 11 2 2 2 3 2 1 3 3 3 1 1 1 0 1 1 0 0 0 0 3 4 4 1 13 1 4 3 2 3 0 2 4 4 2 4 0 3 1
19110915 849 10 2 3 1 3 3 2 1 1 2 3 1 0 2 1 0 0 0 0 3 3 4 0 3 0 0 3 4 4 1 3 4 7 2 9 1 13 0
19110917 891 0 1 0 1 1 0 0 0 0 0 0 0 1 3 13 2 8 2 3 4 0 2 6 5 0 0 1 3
19110918 818 9 3 2 1 3 3 3 2 2 2 1 0 1 1 0 0 0 0 1 4 4 1 3 3 5 0 2 7 13 5 4 1 4 0 3 5 1
19110919 849 1 1 1 0 2 1 0 0 0 0 1 0 0 0 1 0 5 0 2 2 7 3 2 13 6 1 4 3 1
19110920 807 3 3 3 1 1 0 2 1 0 0 0 0 1 0 2 0 0 0 1 0 13 3 2 1 4 1 1 2 5 2 2
19110921 932 6 3 1 3 3 1 1 1 0 3 1 0 0 0 0 3 0 3 1 3 4 2 13 3 3 0 2 5 4 2 2 3 0 0
19110922 842 10 1 1 2 2 1 1 3 3 3 3 1 0 2 1 0 0 0 0 4 2 4 13 3 2 0 2 3 6 3 4 5 4 1 1 0 3 2
19110923 962 8 3 3 1 3 2 1 3 2 1 0 2 1 0 0 0 0 2 2 4 0 2 0 0 1 1 6 4 1 13 5 3 2 7 4 4
19110924 814 2 1 3 1 0 1 1 0 0 0 0 1 0 1 0 0 2 1 0 0 3 2 0 3 5 4 2 13 6 4
19110928 887 0 1 0 1 1 0 0 0 0 0 0 0 3 4 0 0 13 9 2 0 6 4 4 0 2 3 5 1
19110929 861 4 1 3 2 2 1 0 1 1 0 0 0 0 1 2 1 3 1 0 0 3 6 2 3 3 4 4 3 4 1 13 2
19110930 760 4 1 2 2 1 1 0 2 1 0 0 0 0 2 2 0 3 6 1 4 3 6 8 3 3 0 2 13 0 0 4 1
19110931 797 4 2 1 2 1 1 0 1 1 0 0 0 0 2 2 0 0 0 2 4 2 3 5 1 0 6 5 3 0 5 7 13
19110932 902 7 1 3 2 3 2 1 2 1 0 3 1 0 0 0 0 2 3 2 0 3 1 0 1 2 5 0 4 6 3 0 4 2 13 1
19110933 762 7 2 3 1 3 2 2 1 1 0 1 1 0 0 0 0 2 3 2 1 3 3 0 1 1 2 6 5 7 13 4 2 3 3 2
19110934 790 0 1 0 3 1 0 0 0 0 0 0 0 3 5 3 2 13 6 2 1 2 4 3 5 1 1 3 0
19110935 739 4 1 3 1 2 1 0 1 1 0 0 0 0 2 1 1 0 4 2 1 0 3 2 13 3 5 6 5 0 2 3 4
19110936 906 9 1 1 3 3 3 2 1 1 2 1 0 2 1 0 0 0 0 4 2 3 4 13 3 8 1 0 2 3 4 2 3 0 1 2 0 0
19110937 890 8 3 2 2 3 3 1 1 3 1 0 1 1 0 0 0 0 2 2 4 1 0 0 0 13 3 5 0 5 3 8 2 5 5 0 2
19110939 807 8 1 1 3 3 3 2 2 2 1 0 1 1 0 0 0 0 2 3 3 3 3 3 0 6 4 5 2 13 3 4 1 0 0 3 0
19110940 912 6 1 3 1 2 3 2 1 0 2 1 0 0 0 0 2 2 2 1 3 3 13 3 5 2 6 2 5 3 1 0 3 0 1
19110942 924 7 3 1 2 2 3 1 3 1 0 2 1 0 0 0 0 2 2 3 0 0 0 1 4 3 2 0 5 3 2 1 1 13 4 0
19110944 728 9 1 3 2 1 3 3 1 2 3 1 0 1 1 0 0 0 0 3 2 4 6 0 0 0 0 1 4 13 2 4 6 3 0 4 2 2
19110946 883 4 1 2 1 2 1 0 2 1 0 0 0 0 2 2 0 13 5 4 0 5 3 2 3 8 3 1 3 1 0 0 0
19110948 904 7 2 1 3 3 2 2 3 1 0 2 1 0 0 0 0 1 3 3 3 0 1 0 0 3 0 0 3 5 3 1 0 13 3 1
19110949 956 1 2 1 0 1 1 0 0 0 0 0 1 0 13 8 4 0 1 1 4 3 4 6 2 0 3 2 3 0
19110950 881 11 2 2 2 3 3 3 2 3 1 1 1 1 0 1 1 0 0 0 0 3 4 4 0 3 0 0 3 1 3 4 2 4 5 7 3 7 3 13
19110952 823 9 2 3 1 2 3 2 2 1 1 1 0 3 1 0 0 0 0 3 4 2 0 3 1 3 0 2 13 5 1 3 4 7 0 0 3 4
19110954 880 6 2 3 1 1 1 3 1 0 3 1 0 0 0 0 3 1 2 7 3 2 13 3 2 4 3 0 3 9 3 0 0 0 3
19110956 796 3 2 3 1 1 0 1 1 0 0 0 0 1 1 1 0 5 0 3 13 6 3 3 3 7 3 4 7 5 2 0
19110957 826 10 3 3 1 2 3 2 1 1 3 2 1 0 1 1 0 0 0 0 3 3 4 0 1 2 0 4 3 0 0 9 4 0 0 13 5 4 2
19110958 827 6 1 3 2 3 2 2 1 0 3 1 0 0 0 0 1 3 2 3 1 6 5 7 4 3 3 13 4 1 0 2 1 0 0
19110960 916 10 3 3 1 3 2 2 2 1 3 1 1 0 1 1 0 0 0 0 3 3 4 0 1 8 13 2 6 2 1 0 4 4 0 0 6 2 0
19110962 978 3 2 3 3 1 0 2 1 0 0 0 0 0 1 2 0 5 8 13 0 7 3 1 2 1 1 2 0 0 3 1
19110963 786 8 1 2 3 2 3 1 1 1 1 0 2 1 0 0 0 0 4 2 2 13 7 2 2 7 4 4 5 3 5 1 2 3 1 4 0
19110964 890 1 2 1 0 1 1 0 0 0 0 0 1 0 1 4 13 0 3 3 3 3 3 6 2 0 1 0 2 0
19110965 945 8 3 1 2 3 1 1 2 3 1 0 1 1 0 0 0 0 3 2 3 3 3 0 2 2 3 9 2 3 4 4 0 13 5 1 0
19110966 826 4 3 2 2 3 1 0 3 1 0 0 0 0 0 2 2 13 2 9 0 1 4 4 1 3 6 9 1 7 3 0 0
19110967 902 6 3 1 2 3 1 2 1 0 2 1 0 0 0 0 2 2 2 0 1 5 3 2 4 5 5 3 13 8 6 0 0 1 0
19110968 746 7 1 3 1 3 2 2 2 1 0 3 1 0 0 0 0 2 3 2 13 4 3 3 3 5 2 1 4 4 0 0 0 0 1 0
19110969 827 11 1 1 3 3 3 2 1 2 2 1 2 1 0 3 1 0 0 0 0 4 4 3 3 2 0 0 1 4 3 2 5 13 1 0 4 0 3 3
19110974 938 4 2 2 3 1 1 0 3 1 0 0 0 0 1 2 1 1 2 4 5 0 3 4 6 0 1 2 13 0 1 3 0
19110975 870 9 2 2 3 2 1 3 3 1 1 1 0 1 1 0 0 0 0 3 3 3 3 2 0 0 0 1 3 2 3 6 5 1 0 4 13 2
19110976 779 6 1 1 3 1 3 2 3 1 5 0.42857142857142855 6 0.2857142857142857 7 0.2857142857142857 3 1 2 2 3 0 0 4 4 1 0 2 3 3 0 3 4 13 2
19110977 885 7 3 1 2 3 2 2 3 1 0 1 1 0 0 0 0 1 3 3 3 0 0 0 3 4 3 0 1 4 2 1 13 4 9 0
19110978 824 3 2 3 1 1 0 2 1 0 0 0 0 1 1 1 3 13 5 2 0 4 5 4 0 1 4 3 0 1 0 0
19110982 1020 7 3 1 1 1 2 3 2 3 1 5 0.42857142857142855 6 0.2857142857142857 7 0.2857142857142857 3 2 2 2 0 2 0 4 1 2 0 1 3 5 0 3 4 13 3
19110985 801 3 1 1 2 3 1 8 0.18181818181818185 9 0.27272727272727276 10 0.54545454545454553 2 1 0 2 13 0 0 2 4 3 7 2 3 6 1 1 4 3 3
19110987 961 7 2 3 1 3 3 2 2 1 0 2 1 0 0 0 0 1 3 3 13 3 0 3 4 3 0 0 4 5 1 1 0 1 0 0
19110988 815 7 2 2 1 3 3 3 1 1 0 2 1 0 0 0 0 2 2 3 3 5 13 3 6 4 4 1 3 7 2 0 0 8 0 1
19110989 756 11 2 3 1 1 2 1 3 1 2 2 3 1 0 3 1 0 0 0 0 4 4 3 1 0 2 0 1 3 6 4 0 4 8 7 2 10 3 13
19110990 811 11 2 1 3 3 1 2 1 2 1 3 2 1 0 3 1 0 0 0 0 4 4 3 1 4 3 0 2 8 1 3 4 5 8 0 4 7 13 2
19110992 763 1 1 1 0 3 1 0 0 0 0 1 0 0 13 6 3 2 3 4 3 3 3 2 0 0 0 0 1 0
19110995 755 11 1 3 2 1 1 1 2 3 3 2 2 1 0 3 1 0 0 0 0 4 4 3 1 2 0 0 5 4 3 2 4 0 3 1 3 13 5 3
19110996 1022 0 1 0 2 1 0 0 0 0 0 0 0 3 3 4 3 2 13 1 1 1 3 4 0 0 0 2 3
19110997 897 0 1 0 2 1 0 0 0 0 0 0 0 1 1 0 0 5 3 2 2 3 13 3 3 2 1 1 0
19110998 888 1 1 1 0 3 1 0 0 0 0 1 0 0 2 3 5 13 3 5 4 8 0 3 1 7 0 2 0 0
19110999 934 3 3 3 2 1 0 1 1 0 0 0 0 0 1 2 3 13 3 1 3 4 2 0 2 5 3 2 1 1 0 0
19111000 875 3 2 1 3 1 0 2 1 0 0 0 0 1 1 1 0 2 4 9 4 3 1 2 4 5 4 1 13 3 3 1
19111001 899 7 3 2 2 3 1 3 1 1 0 1 1 0 0 0 0 2 2 3 0 13 7 3 5 8 4 3 0 1 5 0 2 0 3 2
19111005 792 2 1 3 1 0 2 1 0 0 0 0 1 0 1 13 2 1 0 3 3 0 0 2 6 0 3 3 1 0 0
19111007 854 4 2 2 3 1 1 0 1 1 0 0 0 0 1 2 1 4 1 13 5 0 5 2 4 3 0 6 4 3 0 0 0
19111008 782 7 2 1 1 3 1 3 2 1 0 1 1 0 0 0 0 3 2 2 13 3 5 0 9 3 5 3 5 2 3 0 3 2 0 3
19111009 850 5 2 1 1 2 3 1 0 3 1 0 0 0 0 2 2 1 0 2 4 3 0 5 3 3 1 1 13 3 2 6 0 0
19111010 960 1 2 1 0 1 1 0 0 0 0 0 1 0 3 3 5 5 4 6 13 3 0 4 1 0 0 3 0 2
19111011 925 8 2 1 3 2 1 2 3 1 1 0 1 1 0 0 0 0 3 3 2 3 4 2 13 0 6 4 2 3 4 8 3 9 0 1 0
19111013 788 0 1 0 3 1 0 0 0 0 0 0 0 3 2 4 8 3 5 3 0 1 3 13 3 0 1 0 2
19111014 865 7 1 3 1 2 3 2 2 1 0 2 1 0 0 0 0 2 3 2 2 3 13 3 1 3 0 0 3 5 1 0 0 1 3 0
19111016 939 4 3 2 1 2 1 0 3 1 0 0 0 0 1 2 1 1 2 0 0 1 4 3 0 6 3 5 2 13 6 5 1
19111017 762 9 1 1 3 1 1 3 2 3 2 1 0 2 1 0 0 0 0 4 2 3 1 2 3 2 5 3 13 0 3 7 4 0 0 3 0 0
19111018 872 5 1 1 3 1 2 1 0 2 1 0 0 0 0 3 1 1 0 3 3 2 4 5 1 3 3 4 13 3 0 0 0 2
19111020 810 8 3 1 1 1 3 3 2 1 1 0 2 1 0 0 0 0 4 1 3 2 1 0 0 2 4 0 4 0 2 13 7 4 8 3 3
19111023 939 7 2 3 1 1 1 2 3 3 1 4 0.54545454545454553 5 0.27272727272727276 6 0.18181818181818185 3 2 2 0 0 0 3 0 3 2 13 3 3 3 5 1 5 2 3
19111024 750 0 1 0 1 1 0 0 0 0 0 0 0 0 1 2 3 3 4 6 4 0 2 4 3 0 13 8 3
19111026 929 10 1 2 3 2 3 1 1 1 3 3 1 0 2 1 0 0 0 0 4 2 4 2 4 13 0 1 4 5 0 1 2 1 0 0 3 2 2
19111027 911 3 1 3 2 1 0 1 1 0 0 0 0 1 1 1 1 0 3 3 0 2 6 4 2 3 5 3 0 4 5 13
19111028 1022 3 3 1 1 1 0 2 1 0 0 0 0 2 0 1 1 7 4 0 1 2 2 3 2 3 13 0 0 3 0 0
19111029 710 9 1 2 1 3 3 1 3 2 2 1 0 2 1 0 0 0 0 3 3 3 2 1 0 0 13 3 2 0 3 5 5 3 1 6 1 4
19111030 691 7 1 3 2 2 1 3 3 1 0 1 1 0 0 0 0 2 2 3 3 6 7 13 3 6 8 1 2 4 3 2 0 0 0 5
19111031 905 3 3 2 1 1 0 3 1 0 0 0 0 1 1 1 3 3 3 2 1 2 4 3 13 6 1 1 2 0 0 0
19111032 963 8 3 1 2 3 1 3 2 2 1 0 1 1 0 0 0 0 2 3 3 0 1 2 0 0 5 3 0 0 3 4 5 8 13 3 4
19111035 836 7 1 3 2 3 1 1 2 1 0 3 1 0 0 0 0 3 2 2 4 4 4 3 1 5 4 3 2 13 2 1 0 2 0 0
19111037 937 7 1 2 3 3 2 3 1 1 0 1 1 0 0 0 0 2 2 3 0 0 0 2 0 0 0 3 0 1 2 13 3 4 5 3
19111038 865 10 3 1 3 1 3 2 2 1 1 2 1 0 2 1 0 0 0 0 4 3 3 5 1 4 3 3 2 1 0 13 5 3 0 3 2 3 0
19111039 788 5 1 2 2 1 3 1 0 3 1 0 0 0 0 2 2 1 1 2 0 0 2 4 3 13 2 1 7 8 3 3 1 4
19111040 817 1 1 1 0 3 1 0 0 0 0 1 0 0 1 1 7 13 2 5 7 3 0 2 5 3 0 2 0 0
19111041 902 0 1 0 2 1 0 0 0 0 0 0 0 3 2 3 1 0 1 5 2 0 13 5 3 3 4 1 3
19111043 894 4 2 3 1 3 1 0 1 1 0 0 0 0 1 1 2 2 3 2 3 3 6 4 0 8 5 2 0 13 1 3 1
19111044 749 1 3 1 0 2 1 0 0 0 0 0 0 1 0 1 2 0 0 3 0 1 3 7 5 6 13 4 5 3
19111045 970 7 2 1 3 2 3 2 1 1 0 1 1 0 0 0 0 2 3 2 13 5 1 2 3 5 1 0 2 0 3 0 3 0 0 0
19111047 858 0 1 0 3 1 0 0 0 0 0 0 0 0 0 3 0 0 1 4 3 2 4 5 8 2 3 1 13
19111048 799 0 1 0 3 1 0 0 0 0 0 0 0 3 3 0 3 3 3 0 0 3 4 5 3 13 7 9 0
19111049 874 5 3 3 1 2 2 1 0 3 1 0 0 0 0 1 2 2 0 1 0 0 4 3 13 0 0 3 3 2 3 4 5 1
19111050 760 11 1 3 3 2 3 3 1 1 2 2 2 1 0 1 1 0 0 0 0 3 4 4 5 2 8 3 4 4 3 0 13 1 6 1 0 2 0 0
19111052 784 0 1 0 2 1 0 0 0 0 0 0 0 2 3 1 0 0 4 3 1 13 7 6 0 1 3 4 2
19111053 807 3 2 2 1 1 0 1 1 0 0 0 0 1 2 0 4 5 4 0 4 8 3 2 5 13 4 0 0 0 1 0
19111054 760 6 3 3 3 2 1 2 1 0 2 1 0 0 0 0 1 2 3 0 0 1 2 3 0 1 1 0 4 1 2 5 3 9 13
19111056 850 8 2 2 1 3 3 2 1 3 1 0 3 1 0 0 0 0 2 3 3 0 0 0 2 0 3 4 13 1 0 4 6 1 3 3 3
19111058 720 7 2 3 3 2 2 3 1 1 0 3 1 0 0 0 0 1 3 3 1 0 1 1 6 0 5 0 2 7 8 3 3 13 4 4
19111059 809 3 1 3 1 1 0 3 1 0 0 0 0 2 0 1 6 0 2 0 3 3 2 1 6 1 13 0 2 4 2 0
19111060 772 2 3 1 1 0 2 1 0 0 0 0 1 0 1 2 1 1 0 3 3 5 0 2 5 4 0 13 3 2 1
19111061 814 2 2 2 1 0 2 1 0 0 0 0 0 2 0 1 1 3 0 4 7 1 1 9 7 3 8 2 4 13 0
19111064 825 2 2 3 1 0 3 1 0 0 0 0 0 1 1 0 1 13 7 0 3 1 1 2 0 4 5 0 0 2 6
19111065 839 11 3 3 3 1 2 2 2 3 1 1 2 1 0 1 1 0 0 0 0 3 4 4 5 2 1 3 3 5 8 3 3 4 13 8 0 3 0 0
19111066 835 5 1 3 3 1 3 1 0 2 1 0 0 0 0 2 0 3 3 2 0 2 5 1 1 0 9 4 2 0 13 8 5 0
19111068 816 7 2 1 2 1 2 3 1 1 0 3 1 0 0 0 0 3 3 1 0 3 2 0 1 4 1 0 3 5 2 7 13 6 4 3
19111070 797 8 1 3 2 2 3 3 2 1 1 0 1 1 0 0 0 0 2 3 3 0 0 0 2 1 0 4 0 0 4 2 4 1 3 3 13
19111071 1005 5 3 2 3 1 1 1 0 2 1 0 0 0 0 2 1 2 2 0 0 0 3 4 4 0 1 8 3 3 13 3 4 3
19111072 961 6 3 3 3 1 1 1 1 0 3 1 0 0 0 0 3 0 3 0 2 13 2 0 4 3 2 2 0 3 3 0 5 3 1
19111073 868 7 3 1 3 1 2 3 3 1 0 2 1 0 0 0 0 2 1 4 1 4 1 13 0 3 5 2 0 2 0 2 0 0 1 0
19111074 877 7 1 2 3 1 3 1 1 1 0 3 1 0 0 0 0 4 1 2 2 0 0 0 3 5 3 2 4 3 4 0 13 7 5 2
19111075 706 4 2 2 3 3 1 0 3 1 0 0 0 0 0 2 2 3 13 2 3 7 5 6 4 1 3 4 1 0 2 1 1
19111076 873 6 2 1 1 2 3 1 1 0 3 1 0 0 0 0 3 2 1 3 1 2 3 0 3 3 13 4 5 4 3 0 3 0 2
19111078 872 8 2 3 3 1 2 1 3 2 1 0 1 1 0 0 0 0 2 3 3 3 4 0 0 1 2 0 0 13 10 3 2 1 6 4 4
19111079 820 11 3 2 1 1 3 2 1 3 2 1 2 1 0 3 1 0 0 0 0 4 4 3 13 2 3 1 2 6 6 3 3 1 1 0 0 0 0 2
19111080 1053 3 3 3 2 1 0 1 1 0 0 0 0 0 1 2 0 0 0 3 0 4 1 3 1 3 4 2 2 3 13 3
19111081 901 5 1 1 3 2 1 1 0 2 1 0 0 0 0 3 1 1 2 6 3 13 0 1 6 3 2 0 4 1 0 0 2 0
19111083 796 0 1 0 2 1 0 0 0 0 0 0 0 0 1 3 0 0 3 1 2 0 1 3 4 2 4 6 13
19111084 761 8 1 2 3 2 1 2 3 1 1 0 3 1 0 0 0 0 3 3 2 13 3 0 0 4 5 2 1 1 5 3 0 0 2 0 0
19111087 760 5 1 2 1 2 2 1 0 3 1 0 0 0 0 2 3 0 1 3 0 5 0 3 3 4 2 3 1 9 0 7 13 3
19111088 820 10 1 3 3 1 2 1 2 1 2 3 1 0 2 1 0 0 0 0 4 3 3 3 0 0 0 3 3 7 2 3 5 3 3 4 13 4 1
19111090 643 7 1 1 2 2 2 3 1 1 0 3 1 0 0 0 0 3 3 1 0 3 0 0 2 1 3 13 0 0 4 4 0 0 7 5
19111091 879 6 2 1 3 1 3 2 1 0 3 1 0 0 0 0 2 2 2 4 1 1 1 2 5 1 9 2 13 2 0 3 7 4 2
19111092 923 10 3 2 2 1 3 1 1 2 3 1 1 0 3 1 0 0 0 0 4 3 3 3 2 3 2 1 5 7 3 13 4 3 0 0 1 4 2
19111093 866 11 1 1 1 3 3 2 2 3 2 2 1 1 0 3 1 0 0 0 0 4 4 3 3 2 1 3 1 2 7 3 13 4 5 0 0 3 0 0
19111094 847 9 2 3 3 3 1 1 2 1 2 1 0 1 1 0 0 0 0 3 3 3 0 0 0 2 0 3 1 4 2 8 4 6 3 3 3 13
19111095 699 8 2 2 3 3 2 1 1 3 1 0 3 1 0 0 0 0 2 3 3 0 0 8 2 3 5 1 2 1 3 7 13 1 4 6 3
19111096 926 6 3 1 3 1 2 1 1 0 1 1 0 0 0 0 3 1 2 0 2 0 3 3 4 2 0 2 3 4 0 3 8 13 0
19111098 767 0 1 0 2 1 0 0 0 0 0 0 0 0 2 1 0 3 5 1 1 2 1 4 0 0 13 2 3
19111099 823 9 2 1 3 2 3 3 1 2 1 1 0 3 1 0 0 0 0 3 3 3 0 0 1 0 2 1 2 13 3 3 6 6 0 4 3 4
19111101 775 1 3 1 0 2 1 0 0 0 0 0 0 1 2 0 3 0 0 4 4 4 1 4 5 7 1 3 3 13
19111104 773 7 3 1 3 1 3 2 2 1 0 2 1 0 0 0 0 2 2 3 3 2 1 0 5 4 4 0 4 13 3 0 0 0 3 1
19111106 907 9 1 1 3 2 2 1 3 1 2 1 0 2 1 0 0 0 0 4 3 2 0 3 0 0 13 3 3 3 3 6 4 2 1 5 4 0
19111107 724 1 3 1 0 1 1 0 0 0 0 0 0 1 0 0 1 0 0 3 3 2 0 2 4 1 2 5 13 4
19111108 820 10 3 3 2 1 2 1 1 2 3 2 1 0 3 1 0 0 0 0 3 4 3 13 6 4 0 2 4 1 3 0 3 3 0 1 0 0 0
19111109 730 9 2 1 3 3 3 1 1 2 2 1 0 3 1 0 0 0 0 3 3 3 0 1 3 3 0 13 3 4 0 4 2 6 2 0 1 0
19111110 806 6 1 2 3 2 1 3 3 1 8 0.18181818181818185 9 0.27272727272727276 10 0.54545454545454553 2 2 2 3 0 1 0 0 1 6 2 2 6 4 4 1 4 2 13
19111113 826 6 2 1 1 2 3 3 1 0 2 1 0 0 0 0 2 2 2 0 3 1 3 0 6 2 1 4 7 4 3 3 6 13 6
19111114 710 6 2 2 3 1 2 3 1 0 1 1 0 0 0 0 1 3 2 0 1 0 1 3 3 4 2 0 4 6 3 3 5 8 13
19111115 1039 0 1 0 3 1 0 0 0 0 0 0 0 3 2 0 0 9 4 1 1 3 2 0 0 13 3 7 4
19111117 1038 10 3 3 3 1 1 2 3 1 2 2 1 0 2 1 0 0 0 0 3 3 4 1 3 3 13 2 3 6 1 0 4 3 1 0 0 0 2
19111118 837 10 1 3 3 2 1 3 3 2 2 1 1 0 2 1 0 0 0 0 3 3 4 0 7 2 0 1 5 3 1 1 0 2 0 3 13 4 5
19111120 813 11 1 1 3 3 1 3 3 2 2 2 2 1 0 1 1 0 0 0 0 3 4 4 3 1 0 3 0 3 4 6 3 6 7 8 0 3 2 13
19111121 671 3 3 3 1 1 0 2 1 0 0 0 0 1 0 2 0 2 4 1 3 2 13 3 6 4 4 4 1 2 0 1
19111122 591 7 3 3 2 2 3 1 1 1 0 1 1 0 0 0 0 2 2 3 0 0 3 2 0 4 1 0 2 1 4 13 0 3 2 4
19111124 914 9 3 2 3 1 1 2 1 3 3 1 0 2 1 0 0 0 0 3 2 4 0 1 1 0 1 5 8 2 0 3 3 3 2 13 2 3
19111125 815 6 1 2 1 1 3 1 1 0 2 1 0 0 0 0 4 1 1 0 3 5 0 0 1 8 5 0 1 2 4 2 13 2 2
19111126 826 0 1 0 2 1 0 0 0 0 0 0 0 4 3 3 13 0 5 7 6 0 1 5 5 3 0 0 0
19111127 1029 6 3 1 2 3 3 2 1 0 3 1 0 0 0 0 1 2 3 3 4 3 2 13 4 4 1 2 0 1 0 0 0 0 1
19111128 837 1 1 1 0 1 1 0 0 0 0 1 0 0 0 2 0 0 3 2 0 1 5 3 0 2 13 8 6 3
19111129 903 9 3 3 1 1 3 1 2 1 2 1 0 3 1 0 0 0 0 4 2 3 0 13 3 2 0 1 7 3 2 5 5 4 2 0 1 2
19111132 823 6 1 2 2 2 3 3 1 0 1 1 0 0 0 0 1 3 2 4 3 5 1 3 3 6 4 0 4 2 13 0 1 3 0
19111134 776 4 3 1 3 2 1 0 3 1 0 0 0 0 1 1 2 0 1 1 0 0 4 4 13 4 6 5 2 2 3 1 2
19111135 961 10 3 2 3 2 1 1 1 2 3 3 1 0 2 1 0 0 0 0 3 3 4 13 1 3 2 4 4 6 3 3 3 3 0 0 4 1 0
19111136 981 11 3 1 2 3 2 3 1 1 2 1 3 1 0 2 1 0 0 0 0 4 3 4 2 4 6 13 0 2 3 4 0 1 5 4 0 0 1 3
19111137 857 8 1 1 3 3 2 1 3 2 1 0 1 1 0 0 0 0 3 2 3 13 4 3 2 4 3 6 2 3 3 1 0 0 2 0 0
19111139 988 8 2 3 1 3 3 2 2 3 1 0 1 1 0 0 0 0 1 3 4 13 3 4 3 1 4 5 3 7 2 1 2 1 0 5 0
19111140 905 3 2 1 2 1 0 1 1 0 0 0 0 1 2 0 2 3 13 4 0 1 5 4 0 4 3 5 0 3 0 0
19111141 784 6 1 3 3 2 3 1 1 0 2 1 0 0 0 0 2 1 3 2 0 2 0 0 1 3 1 0 3 5 6 0 3 6 13
19111142 810 7 2 3 1 3 2 2 3 1 0 2 1 0 0 0 0 1 3 3 13 4 4 0 3 5 1 0 3 6 1 1 0 2 1 0
19111143 746 11 2 1 2 3 2 3 3 1 3 2 1 1 0 1 1 0 0 0 0 3 4 4 2 3 3 1 0 4 2 13 2 7 1 1 0 3 5 4
19111144 672 11 3 1 1 1 2 3 1 2 3 2 3 1 0 2 1 0 0 0 0 4 3 4 3 0 5 13 0 0 3 4 0 3 3 3 0 1 0 2
19111145 728 6 2 1 3 3 2 1 1 0 2 1 0 0 0 0 2 2 2 0 4 4 13 0 0 4 4 0 1 6 4 1 0 0 2
19111146 848 6 3 1 1 1 3 2 1 0 3 1 0 0 0 0 3 1 2 4 9 5 13 0 1 3 2 2 1 4 0 2 3 2 0
19111149 886 0 1 0 1 1 0 0 0 0 0 0 0 7 3 13 0 2 3 6 0 1 4 3 0 0 0 2 3
19111151 750 7 2 3 1 3 1 2 2 1 0 3 1 0 0 0 0 2 3 2 0 0 1 0 5 1 0 2 6 5 5 0 13 8 9 3
19111152 966 1 3 3 1 8 0.18181818181818185 9 0.27272727272727276 10 0.54545454545454553 0 0 1 0 1 0 1 2 3 13 0 1 3 2 0 5 4 2 0
19111154 926 6 3 2 3 2 3 2 1 0 1 1 0 0 0 0 0 3 3 1 3 7 3 3 13 1 0 6 4 2 0 0 0 1 0
19111155 832 2 3 3 1 0 3 1 0 0 0 0 0 0 2 0 1 0 0 0 4 3 5 2 6 1 0 0 13 4 2
19111156 1042 1 2 1 0 2 1 0 0 0 0 0 1 0 0 3 1 0 3 5 13 0 3 2 1 1 5 3 3 0
19111158 757 10 2 1 3 3 3 2 2 1 1 2 1 0 1 1 0 0 0 0 3 4 3 0 1 3 0 3 2 8 0 0 4 3 5 0 13 3 4
19111166 1005 7 3 1 2 2 3 1 3 1 0 3 1 0 0 0 0 2 2 3 6 1 0 2 3 2 1 0 4 5 4 0 13 3 4 0
19111167 949 0 1 0 3 1 0 0 0 0 0 0 0 13 5 3 1 5 8 4 0 3 2 3 0 3 0 0 0
19111168 934 9 1 2 3 3 2 2 1 3 1 1 0 1 1 0 0 0 0 3 3 3 2 3 0 0 13 5 1 3 7 2 4 3 3 6 3 3
19111169 994 3 1 3 3 1 0 1 1 0 0 0 0 1 0 2 0 1 2 0 13 2 2 0 9 7 6 2 3 6 3 1
19111170 790 4 1 2 2 3 1 0 3 1 0 0 0 0 1 2 1 1 1 0 1 3 6 1 2 2 4 4 3 3 5 13 2
19111171 936 5 3 1 3 1 3 1 0 3 1 0 0 0 0 2 0 3 2 3 0 0 1 4 6 9 2 13 5 0 2 3 1 2
19111173 936 10 1 3 2 2 3 1 3 2 1 2 1 0 3 1 0 0 0 0 3 4 3 1 6 3 0 3 5 2 0 2 1 13 3 3 0 1 0
19111174 825 7 3 3 2 2 2 1 3 1 0 2 1 0 0 0 0 1 3 3 0 4 3 3 1 0 5 4 0 1 3 13 0 0 0 1
19111175 945 3 2 3 1 1 0 3 1 0 0 0 0 1 1 1 2 0 0 0 1 0 0 2 1 4 5 0 13 5 3 5
19111177 905 2 3 3 1 0 3 1 0 0 0 0 0 0 2 2 4 1 1 13 3 3 0 3 4 3 0 2 1 0 2
19111178 736 9 1 2 2 2 2 3 1 3 1 1 0 1 1 0 0 0 0 3 4 2 0 0 3 0 3 3 7 3 2 5 3 0 13 1 4 4
19111180 882 3 2 1 2 1 0 3 1 0 0 0 0 1 2 0 13 3 1 0 3 8 4 2 1 1 3 3 0 4 2 3
19111182 731 9 3 2 2 2 1 3 2 3 1 1 0 1 1 0 0 0 0 2 4 3 0 4 3 7 3 6 3 2 1 4 5 5 0 13 3 1
19111183 869 11 1 2 1 2 1 3 1 2 3 2 3 1 0 3 1 0 0 0 0 4 4 3 1 0 0 3 0 3 2 13 0 0 3 9 0 4 4 5
19111184 885 11 3 2 1 1 3 2 1 2 3 1 3 1 0 2 1 0 0 0 0 4 3 4 2 0 0 0 13 1 3 2 3 5 1 3 2 5 6 1
19111185 756 1 1 1 0 1 1 0 0 0 0 1 0 0 0 0 2 3 0 4 2 5 1 5 6 3 2 3 8 13
19111186 809 8 2 1 3 3 3 2 1 1 1 0 1 1 0 0 0 0 3 2 3 7 2 0 0 4 3 0 0 3 3 0 0 4 13 4 2
19111187 804 11 3 3 2 1 1 2 3 1 3 2 1 1 0 2 1 0 0 0 0 4 3 4 2 0 0 0 1 2 0 0 5 5 1 0 13 3 4 3
19111188 914 3 2 1 1 1 0 3 1 0 0 0 0 2 1 0 4 3 2 0 1 5 1 3 2 13 3 0 2 3 0 3
19111189 871 4 1 1 2 1 1 0 3 1 0 0 0 0 3 1 0 0 2 2 6 3 3 4 5 3 4 7 13 0 0 2 1
19111190 817 7 3 3 3 1 1 2 2 1 0 2 1 0 0 0 0 2 2 3 4 6 1 13 0 2 4 4 6 4 3 2 0 3 1 1
19111191 872 7 1 1 1 2 3 3 1 1 0 3 1 0 0 0 0 4 1 2 0 2 0 0 4 3 0 2 3 4 3 0 13 4 2 7
19111192 948 6 2 3 2 1 2 2 3 1 4 0.54545454545454553 5 0.27272727272727276 6 0.18181818181818185 1 4 1 1 4 3 0 3 5 13 3 5 2 6 4 1 3 1 1
19111193 834 0 1 0 1 1 0 0 0 0 0 0 0 13 2 2 0 1 1 4 3 4 3 6 0 2 0 0 3
19111194 729 10 1 3 2 1 3 2 3 1 1 2 1 0 2 1 0 0 0 0 4 3 3 2 4 3 3 0 13 4 1 1 9 4 2 0 3 0 0
19111195 715 5 1 2 2 1 1 1 0 3 1 0 0 0 0 3 2 0 2 13 3 4 2 1 6 5 0 3 5 2 0 1 0 4
19111196 688 2 3 2 1 0 1 1 0 0 0 0 0 1 1 3 0 1 0 3 5 3 1 13 4 6 4 3 6 2 2
19111197 818 3 2 2 3 1 0 3 1 0 0 0 0 0 2 1 0 0 1 3 0 5 5 3 0 4 4 3 1 13 5 3
19111198 689 11 3 1 3 2 1 3 1 2 2 1 2 1 0 3 1 0 0 0 0 4 4 3 3 2 6 2 13 1 4 0 1 4 1 2 3 3 0 0
19111200 955 8 1 3 3 1 2 2 2 3 1 0 1 1 0 0 0 0 2 3 3 1 0 0 3 0 2 2 3 1 4 7 4 0 5 7 13
19111202 710 3 3 2 1 1 0 3 1 0 0 0 0 1 1 1 0 0 0 3 3 4 0 2 3 6 0 0 13 1 3 0
19111207 746 0 1 0 2 1 0 0 0 0 0 0 0 2 0 4 1 0 1 3 4 2 3 4 3 0 1 6 13
19111208 1015 5 1 2 1 1 1 1 0 2 1 0 0 0 0 4 1 0 0 3 0 0 0 2 3 13 0 5 3 6 2 2 1 4
19111209 851 2 3 1 1 0 1 1 0 0 0 0 1 0 1 2 4 0 0 2 4 3 3 3 3 3 0 8 7 13 0
19111210 889 2 1 3 1 0 2 1 0 0 0 0 1 0 1 3 8 13 0 2 6 3 0 0 3 1 0 0 0 3 3
19111214 786 0 1 0 2 1 0 0 0 0 0 0 0 0 2 7 13 0 3 1 4 1 5 1 4 2 4 3 3
19111215 891 2 3 1 1 0 1 1 0 0 0 0 1 0 1 5 0 6 2 0 4 5 4 0 2 4 4 0 13 4 3
19111216 845 10 2 2 2 2 1 1 3 3 3 1 1 0 3 1 0 0 0 0 3 4 3 4 2 3 13 1 5 6 7 0 7 5 2 0 1 3 1
19111217 1090 1 3 1 0 2 1 0 0 0 0 0 0 1 0 3 1 4 0 3 7 3 0 2 5 4 1 4 4 13
19111218 818 7 3 2 1 3 2 2 1 1 0 1 1 0 0 0 0 2 3 2 9 4 13 0 4 4 3 0 0 6 5 0 2 0 1 3
19111219 930 11 3 3 2 3 1 1 1 2 1 3 2 1 0 2 1 0 0 0 0 4 3 4 0 0 1 4 0 2 2 4 2 1 4 4 0 1 3 13
19111221 694 5 1 2 2 3 2 3 1 7 0.2857142857142857 8 0.2857142857142857 9 0.42857142857142855 1 3 1 1 0 0 0 4 3 1 0 6 7 0 0 13 1 4 2
19111222 906 11 1 3 2 2 3 1 1 2 1 2 3 3 1 4 0.54545454545454553 5 0.27272727272727276 6 0.18181818181818185 4 4 3 2 6 8 4 3 1 13 3 0 0 0 1 0 0 2 3
19111223 912 7 3 2 3 2 1 3 1 1 0 2 1 0 0 0 0 2 2 3 0 0 3 0 0 1 0 1 2 0 0 4 0 6 5 13
19111224 785 11 3 3 1 3 3 1 1 1 2 2 2 1 0 2 1 0 0 0 0 4 3 4 2 1 0 0 5 4 13 1 2 4 5 0 3 1 4 2
19111226 866 7 2 1 3 2 1 2 1 1 0 3 1 0 0 0 0 3 3 1 0 1 0 0 2 3 3 2 0 1 8 4 3 3 3 13
19111228 711 9 1 3 2 2 3 1 1 2 3 1 0 1 1 0 0 0 0 3 3 3 2 3 0 0 2 3 13 0 0 1 4 3 3 7 4 0
19111231 874 11 2 2 3 3 3 1 2 2 1 1 1 1 0 3 1 0 0 0 0 4 4 3 1 4 4 13 2 6 8 5 3 0 7 3 0 1 2 0
19111234 964 2 1 2 1 0 3 1 0 0 0 0 1 1 0 3 4 3 13 0 6 5 4 0 1 4 2 0 2 0 1
19111238 831 2 3 1 1 0 1 1 0 0 0 0 1 0 1 0 0 2 2 1 4 2 1 3 6 2 0 13 3 3 4
19111241 945 1 2 1 0 3 1 0 0 0 0 0 1 0 13 3 1 0 3 3 3 1 4 5 3 0 4 2 0 0
19111242 910 0 1 0 2 1 0 0 0 0 0 0 0 13 3 2 1 1 8 6 3 1 3 2 2 3 1 0 0
19111243 753 10 1 1 1 2 3 2 2 3 2 3 1 0 3 1 0 0 0 0 3 4 3 0 9 4 3 2 4 5 13 1 4 3 3 0 0 6 1
19111244 972 1 3 1 0 1 1 0 0 0 0 0 0 1 1 2 4 13 0 5 5 3 0 2 0 1 0 3 0 2
19111245 870 7 3 2 2 1 1 3 1 1 0 3 1 0 0 0 0 3 2 2 13 5 3 0 3 5 2 3 1 6 3 0 2 0 2 1
19111246 873 5 3 1 2 2 2 1 0 3 1 0 0 0 0 1 3 1 0 5 3 13 2 3 3 4 0 0 1 1 0 0 3 1
19111247 760 7 3 3 1 1 2 2 1 1 0 1 1 0 0 0 0 3 2 2 2 9 4 3 13 8 6 2 2 1 7 4 2 3 1 0
19111249 802 10 1 1 3 2 1 2 2 3 1 3 1 0 2 1 0 0 0 0 4 3 3 0 1 8 4 3 5 2 3 3 1 13 3 0 3 0 2
19111251 957 4 2 2 1 3 1 0 2 1 0 0 0 0 1 2 1 3 0 0 0 0 5 2 1 4 4 3 13 1 1 3 7
19111253 811 3 3 1 2 1 0 2 1 0 0 0 0 1 1 1 13 8 6 1 2 1 6 4 7 4 4 5 0 2 1 3
19111254 781 6 2 3 2 1 1 1 1 0 3 1 0 0 0 0 3 2 1 1 3 13 3 3 6 5 3 2 3 4 0 4 2 0 3
19111257 753 9 1 1 2 1 2 2 3 3 2 1 0 1 1 0 0 0 0 3 4 2 0 3 5 5 3 0 4 13 0 5 4 9 0 0 8 5
19111259 881 5 1 1 3 1 2 3 1 8 0.18181818181818185 9 0.27272727272727276 10 0.54545454545454553 3 1 1 13 4 1 0 8 6 2 2 6 4 3 3 0 2 0 3
19111260 862 8 3 3 1 1 2 2 1 3 1 0 2 1 0 0 0 0 3 2 3 1 0 0 0 3 4 13 0 2 4 1 0 3 3 3 2
19111261 865 1 3 3 1 8 0.18181818181818185 9 0.27272727272727276 10 0.54545454545454553 0 0 1 0 13 5 3 2 1 5 2 1 3 1 4 0 2 0 0
19111263 864 2 3 3 1 0 1 1 0 0 0 0 0 0 2 0 0 0 1 1 3 2 3 2 3 4 4 0 13 2 4
19111265 775 5 3 2 2 3 3 1 0 3 1 0 0 0 0 0 2 3 0 1 13 1 1 6 4 2 0 3 1 0 2 2 0 1
19111267 761 5 3 2 1 3 1 1 0 2 1 0 0 0 0 2 1 2 2 0 2 0 1 1 5 4 3 1 13 6 5 2 4 0
19111269 750 7 3 2 1 1 2 3 2 1 0 3 1 0 0 0 0 2 3 2 6 3 6 8 1 13 1 6 2 2 3 0 3 1 3 0
19111270 772 5 3 1 3 1 2 1 0 1 1 0 0 0 0 2 1 2 2 1 4 13 2 3 4 7 0 2 6 4 0 3 0 0
19111271 778 0 1 0 2 1 0 0 0 0 0 0 0 3 3 4 13 3 4 7 1 1 5 6 6 2 3 4 0
19111272 797 0 3 1 6 0.33333333333333331 7 0.33333333333333331 8 0.33333333333333331 0 0 0 3 2 1 2 3 3 1 0 3 6 3 0 3 13 6 0
19111273 776 8 1 2 3 2 3 1 1 3 1 0 2 1 0 0 0 0 3 2 3 0 0 2 0 0 4 1 5 3 3 3 8 7 3 3 13
19111274 874 9 1 2 3 2 3 2 1 1 1 1 0 3 1 0 0 0 0 4 3 2 4 5 6 3 0 13 3 1 0 3 0 6 3 2 2 0
19111276 919 5 1 2 1 3 2 1 0 3 1 0 0 0 0 2 2 1 4 3 6 0 13 1 0 2 3 4 3 1 3 7 2 0
19111278 879 4 3 1 2 3 1 0 3 1 0 0 0 0 1 1 2 3 4 1 2 0 1 3 3 2 5 4 13 3 0 0 0
19111279 800 6 1 2 1 2 3 2 1 0 2 1 0 0 0 0 2 3 1 0 0 3 4 0 4 3 5 0 0 13 3 1 1 4 4
19111283 798 5 1 1 3 2 3 1 0 2 1 0 0 0 0 2 1 2 0 3 0 0 0 3 1 4 3 13 5 3 0 2 5 3
19111284 803 9 2 1 1 1 1 3 3 2 2 1 0 2 1 0 0 0 0 4 3 2 0 0 3 4 0 3 4 6 3 3 8 7 0 4 9 13
19111285 711 9 1 1 2 3 2 1 2 3 1 1 0 3 1 0 0 0 0 4 3 2 0 3 6 13 3 3 5 3 0 1 3 2 0 0 3 2
19111286 690 10 2 1 2 2 3 3 3 1 2 1 1 0 3 1 0 0 0 0 3 4 3 0 0 2 3 0 3 2 1 0 3 4 3 1 1 5 13
19111292 878 10 1 3 3 2 1 3 1 1 3 2 1 0 2 1 0 0 0 0 4 2 4 3 4 4 13 1 5 7 8 2 7 3 3 0 2 0 0
19111294 833 4 1 1 2 1 1 0 2 1 0 0 0 0 3 1 0 1 2 3 13 0 3 5 7 2 3 6 9 0 0 3 5
19111295 865 0 1 0 3 1 0 0 0 0 0 0 0 0 4 4 4 3 3 3 13 7 5 3 2 0 0 0 1
19111297 747 2 3 3 1 0 2 1 0 0 0 0 0 0 2 0 0 0 2 1 4 1 1 6 4 13 0 4 3 2 5
19111298 883 7 1 1 2 3 1 1 2 1 0 3 1 0 0 0 0 4 2 1 0 13 2 3 2 2 5 3 0 4 1 1 0 2 0 0
19111299 861 2 3 1 1 0 2 1 0 0 0 0 1 0 1 0 0 0 2 0 1 0 4 4 3 6 1 2 3 4 13
19111301 932 6 1 3 1 2 1 2 1 0 3 1 0 0 0 0 3 2 1 13 4 2 4 2 4 3 0 3 1 3 1 0 2 0 0
19111302 927 1 2 1 0 1 1 0 0 0 0 0 1 0 2 1 3 2 4 5 1 0 4 6 4 0 5 8 13 0
19111303 801 8 1 2 3 3 1 2 2 1 1 0 2 1 0 0 0 0 3 3 2 5 4 4 13 0 4 7 4 0 7 4 3 0 0 1 3
19111304 736 9 3 3 1 1 2 3 2 3 1 1 0 1 1 0 0 0 0 3 2 4 3 2 3 1 2 6 4 3 2 4 13 9 0 3 3 4
19111308 805 3 3 2 1 1 0 2 1 0 0 0 0 1 1 1 0 3 3 0 13 2 1 0 1 2 5 5 1 6 2 1
19111309 696 0 1 0 1 1 0 0 0 0 0 0 0 0 2 0 0 0 4 1 3 3 0 13 5 0 4 5 2
19111310 891 6 1 2 1 2 3 3 1 0 3 1 0 0 0 0 2 2 2 13 1 3 9 2 5 4 0 3 3 0 2 1 0 0 0
19111311 990 7 1 2 1 2 2 1 3 1 0 3 1 0 0 0 0 3 3 1 0 3 3 13 0 1 5 9 8 4 7 3 3 0 2 5
19111312 783 6 2 2 3 3 1 3 1 0 3 1 0 0 0 0 1 2 3 2 1 0 1 3 2 2 0 5 3 5 1 13 3 1 0
19111314 797 11 2 3 1 2 2 3 1 1 2 1 3 1 0 3 1 0 0 0 0 4 4 3 0 1 3 3 1 3 13 0 2 4 4 0 3 9 2 0
19111315 857 11 2 2 3 3 1 2 1 2 1 3 3 1 0 1 1 0 0 0 0 3 4 4 1 0 3 0 2 3 5 4 5 13 3 2 3 5 1 0
19111317 818 0 1 0 1 1 0 0 0 0 0 0 0 0 0 0 2 0 3 3 0 1 5 3 2 3 4 4 13
19111318 852 2 1 1 1 0 3 1 0 0 0 0 2 0 0 0 9 6 13 1 2 5 6 0 2 3 5 3 2 0 0
19111319 782 11 3 3 3 2 1 1 1 1 3 2 2 1 0 2 1 0 0 0 0 4 3 4 2 0 0 0 1 4 13 2 3 4 7 3 4 6 1 0
19111322 874 6 3 2 2 1 2 1 1 0 3 1 0 0 0 0 2 3 1 3 4 3 8 2 1 13 4 4 5 7 1 3 2 4 1
19111323 886 6 1 3 1 3 2 2 1 0 1 1 0 0 0 0 2 2 2 3 3 3 2 13 3 8 1 0 0 3 2 3 0 0 0
19111324 951 3 2 3 2 1 0 1 1 0 0 0 0 0 2 1 0 2 0 1 3 3 0 0 3 5 3 0 13 3 1 3
19111325 874 9 3 2 2 1 1 3 2 3 1 1 0 3 1 0 0 0 0 3 3 3 13 7 1 2 4 5 4 0 5 2 3 0 0 1 0 0
19111326 939 9 2 1 2 1 2 3 3 1 3 1 0 2 1 0 0 0 0 3 3 3 1 1 3 0 5 5 2 0 13 3 4 0 3 2 0 1
19111327 1085 7 2 3 1 3 2 3 1 1 0 2 1 0 0 0 0 2 2 3 1 3 1 2 0 5 3 1 0 6 13 1 3 7 2 2
19111328 918 4 3 1 3 2 1 0 1 1 0 0 0 0 1 1 2 1 8 6 2 4 3 0 0 13 2 2 1 0 0 3 0
19111329 897 2 3 2 3 1 6 0.33333333333333331 7 0.33333333333333331 8 0.33333333333333331 0 1 1 3 7 0 0 4 2 13 0 1 5 1 2 3 3 1 3
19111330 938 5 1 1 1 3 2 1 0 2 1 0 0 0 0 3 1 1 8 5 0 0 13 4 0 2 4 3 6 3 2 1 3 0
19111332 1019 6 3 1 2 2 3 1 3 1 8 0.18181818181818185 9 0.27272727272727276 10 0.54545454545454553 2 2 2 0 0 1 0 0 3 0 4 3 3 6 8 0 13 2 9
19111334 840 2 2 2 1 0 2 1 0 0 0 0 0 2 0 0 4 1 13 3 3 4 4 0 0 6 1 0 0 3 1
19111335 1031 6 2 1 1 2 2 3 1 0 1 1 0 0 0 0 2 3 1 0 3 0 13 0 3 4 8 3 0 3 8 0 3 0 3
19111337 726 2 3 3 1 0 1 1 0 0 0 0 0 0 2 0 2 0 0 0 5 1 3 1 7 2 2 3 3 13 6
19111338 848 4 2 3 1 3 1 0 1 1 0 0 0 0 1 1 2 0 0 0 2 1 13 7 5 0 3 5 4 0 2 3 3
19111339 908 10 3 2 3 2 1 1 2 1 3 2 1 0 1 1 0 0 0 0 3 4 3 0 1 0 3 1 4 5 2 1 2 13 5 3 2 4 4
19111342 1019 9 2 3 3 1 1 1 2 2 2 1 0 3 1 0 0 0 0 3 4 2 0 0 3 3 1 6 0 6 2 8 13 3 3 3 3 1
19111343 771 10 3 2 2 3 1 1 1 3 2 2 1 0 1 1 0 0 0 0 3 4 3 0 1 0 3 2 4 2 4 3 1 2 13 0 1 5 8
19111344 1038 9 3 3 2 1 1 1 1 2 2 1 0 3 1 0 0 0 0 4 3 2 3 0 0 0 3 2 4 1 9 5 1 0 13 3 2 2
19111346 871 6 2 1 2 3 1 3 1 0 1 1 0 0 0 0 2 2 2 4 4 1 0 6 13 3 0 4 3 0 0 2 0 0 2
19111348 818 10 2 2 3 1 1 3 2 3 1 3 3 1 7 0.2857142857142857 8 0.2857142857142857 9 0.42857142857142855 3 3 4 4 4 3 1 5 3 7 3 13 8 2 3 0 9 0 0
19111349 845 1 2 1 0 3 1 0 0 0 0 0 1 0 2 3 6 13 1 1 7 3 0 3 5 3 0 0 1 2
19111350 814 3 2 1 3 1 0 1 1 0 0 0 0 1 1 1 9 8 7 3 2 13 7 4 3 0 0 2 1 0 0 4
19111351 781 8 3 3 1 2 2 1 2 3 1 0 1 1 0 0 0 0 2 3 3 2 13 1 0 2 4 5 3 5 4 0 2 1 0 1 0
19111352 786 7 1 1 2 1 2 3 1 1 0 2 1 0 0 0 0 4 2 1 0 3 2 0 0 5 5 4 0 13 4 3 3 3 7 3
19111353 904 1 2 1 0 3 1 0 0 0 0 0 1 0 2 2 4 1 4 3 2 5 1 2 3 1 4 13 1 1
19111354 802 4 1 2 2 3 1 0 3 1 0 0 0 0 1 2 1 3 2 5 1 13 2 0 1 3 6 1 3 0 1 0 2
19111356 841 8 2 1 2 1 2 3 1 3 3 1 4 0.54545454545454553 5 0.27272727272727276 6 0.18181818181818185 3 3 2 2 4 1 0 4 2 3 0 3 13 3 0 5 1 3 3
19111357 668 11 1 2 1 2 2 1 3 3 1 2 3 1 0 3 1 0 0 0 0 4 4 3 2 0 1 13 3 4 6 7 0 0 3 6 0 0 3 0
19111358 988 1 2 1 0 1 1 0 0 0 0 0 1 0 13 3 1 4 4 6 4 0 3 2 3 0 1 2 0 0
19111362 916 1 1 1 0 1 1 0 0 0 0 1 0 0 3 13 2 1 1 5 4 3 2 3 2 0 4 2 3 0
19111363 981 11 3 2 2 3 1 1 3 1 2 3 2 1 0 1 1 0 0 0 0 3 4 4 2 2 13 0 5 4 1 2 6 8 1 3 5 1 0 0
19111364 859 2 2 1 1 0 2 1 0 0 0 0 1 1 0 0 0 5 1 0 2 7 2 1 6 3 8 3 4 1 13
19111365 904 6 2 3 1 2 1 1 1 0 2 1 0 0 0 0 3 2 1 0 13 4 1 0 1 4 2 3 4 3 2 2 3 1 0
19111366 870 2 2 3 1 0 3 1 0 0 0 0 0 1 1 3 0 0 0 3 4 6 2 7 5 13 1 3 3 1 8
19111367 778 3 2 2 3 1 0 3 1 0 0 0 0 0 2 1 9 13 1 3 4 6 3 1 3 7 5 2 0 0 0 1
19111368 906 4 2 2 1 1 1 0 3 1 0 0 0 0 2 2 0 2 0 1 0 13 6 4 0 5 1 4 3 4 3 2 3
19111369 789 10 3 1 3 2 2 1 3 1 2 1 1 0 3 1 0 0 0 0 4 3 3 13 5 4 2 2 3 1 1 4 6 4 0 2 8 3 0
19111371 828 5 2 3 2 2 1 1 0 1 1 0 0 0 0 1 3 1 0 3 4 2 0 3 5 4 0 4 6 1 1 3 4 13
19111373 873 7 3 1 3 3 1 2 2 3 1 8 0.18181818181818185 9 0.27272727272727276 10 0.54545454545454553 2 2 3 0 4 1 4 1 2 2 13 3 7 3 4 0 0 0 3
19111374 977 0 1 0 1 1 0 0 0 0 0 0 0 0 3 0 0 3 3 3 0 8 7 3 2 13 4 3 3
19111375 919 2 3 3 1 0 1 1 0 0 0 0 0 0 2 3 1 0 0 2 2 3 1 3 2 5 7 13 1 3 2
19111376 821 5 3 1 1 1 1 1 0 3 1 0 0 0 0 4 0 1 0 0 0 2 2 6 2 8 0 0 1 13 2 4 3 2
19111377 847 9 3 1 1 2 3 2 1 3 2 1 0 1 1 0 0 0 0 3 3 3 3 8 0 0 4 7 3 1 13 3 0 2 2 2 1 0
19111378 757 5 1 2 3 2 2 1 0 3 1 0 0 0 0 1 3 1 0 1 0 0 4 2 4 1 4 13 3 3 3 1 4 3
19111379 864 6 3 3 2 1 1 2 1 0 2 1 0 0 0 0 2 2 2 0 0 0 2 0 1 1 3 0 4 5 6 3 4 9 13
19111380 792 5 1 3 3 2 1 1 0 2 1 0 0 0 0 2 1 2 2 3 9 13 3 1 4 5 0 1 2 3 0 3 0 0
19111382 881 8 3 3 2 3 2 3 2 1 1 0 2 1 0 0 0 0 1 3 4 0 0 6 1 3 1 3 2 0 3 3 1 1 13 4 3
19111383 826 6 1 1 2 1 3 3 1 0 1 1 0 0 0 0 3 1 2 2 13 3 3 6 5 3 5 2 5 7 0 2 0 3 0
19111384 712 1 3 1 0 1 1 0 0 0 0 0 0 1 0 3 0 1 0 2 6 0 6 7 3 2 1 2 8 13
19111385 790 7 2 1 3 3 1 2 3 1 0 1 1 0 0 0 0 2 2 3 3 5 3 0 2 4 1 0 13 6 3 2 1 6 3 2
19111387 774 4 3 2 1 2 1 0 3 1 0 0 0 0 1 2 1 0 1 3 0 13 2 9 0 3 3 4 1 4 3 2 1
19111388 1045 11 2 2 3 3 1 2 2 1 3 1 1 1 0 3 1 0 0 0 0 4 4 3 2 13 4 0 1 3 4 0 1 3 7 3 2 2 0 1
19111390 781 11 2 1 1 3 2 3 3 2 1 1 2 1 0 3 1 0 0 0 0 4 4 3 3 4 2 3 0 1 13 3 3 3 4 3 0 1 2 0
19111391 1028 0 1 0 3 1 0 0 0 0 0 0 0 6 1 2 13 4 3 6 7 0 6 4 2 0 1 4 8
19111392 788 9 2 3 1 1 1 2 3 3 1 1 0 2 1 0 0 0 0 4 2 3 13 8 5 2 1 5 3 0 4 3 3 0 2 3 0 0
19111394 849 5 3 1 1 2 3 1 0 3 1 0 0 0 0 2 1 2 0 2 0 0 1 13 5 3 0 6 4 3 0 3 3 2
19111396 799 2 3 2 1 0 3 1 0 0 0 0 0 1 1 1 5 1 3 1 5 1 13 2 7 2 3 0 4 5 2
19111398 774 6 3 1 1 3 2 1 1 0 1 1 0 0 0 0 3 1 2 3 0 2 13 6 7 4 9 0 2 6 2 3 0 0 0
19111399 947 2 1 1 1 0 2 1 0 0 0 0 2 0 0 0 0 3 0 4 3 13 0 4 4 4 0 2 2 1 3
19111401 795 6 1 1 2 1 2 1 1 0 2 1 0 0 0 0 4 2 0 0 0 0 3 4 5 7 3 0 0 6 13 3 2 8 3
19111402 939 3 3 2 3 1 0 2 1 0 0 0 0 0 1 2 2 13 1 3 1 3 1 4 0 3 5 4 0 8 7 0
19111403 856 0 1 0 2 1 0 0 0 0 0 0 0 4 2 3 3 4 3 13 0 1 3 1 3 0 3 0 0
19111405 828 1 1 1 0 2 1 0 0 0 0 1 0 0 0 0 3 1 3 0 6 2 5 2 5 0 13 4 1 3
19111406 800 2 2 1 1 0 2 1 0 0 0 0 1 1 0 0 6 3 1 0 2 13 4 1 4 3 0 0 2 0 1
19111407 822 5 3 3 2 3 2 1 0 1 1 0 0 0 0 0 2 3 4 13 1 5 1 4 4 5 0 2 2 1 1 0 2 0
19111408 850 7 3 1 3 1 3 2 2 1 0 3 1 0 0 0 0 2 2 3 0 0 1 0 13 2 3 1 6 3 6 2 3 4 3 0
19111411 983 5 1 3 1 3 2 1 0 2 1 0 0 0 0 2 1 2 1 2 0 2 0 0 3 6 1 3 6 7 0 0 4 13
19111413 944 9 2 1 1 2 1 3 2 3 3 1 0 2 1 0 0 0 0 3 3 3 1 0 0 3 0 0 3 13 0 1 1 5 4 3 2 2
19111414 896 3 1 2 3 1 0 1 1 0 0 0 0 1 1 1 13 7 4 3 8 7 4 0 4 6 2 0 3 0 3 0
19111415 802 6 2 2 1 1 3 2 1 0 2 1 0 0 0 0 2 3 1 0 4 2 1 0 7 5 4 1 13 1 3 0 0 4 3
19111416 724 7 3 3 1 1 1 2 2 1 0 3 1 0 0 0 0 3 2 2 2 1 13 6 2 3 5 6 0 0 8 2 0 0 3 1
19111418 697 8 1 1 3 3 1 1 3 2 1 0 2 1 0 0 0 0 4 1 3 2 4 3 4 8 6 5 13 9 7 4 5 2 0 0 0
19111419 719 9 3 2 3 3 2 2 1 3 1 1 0 1 1 0 0 0 0 2 3 4 2 0 0 0 3 4 1 4 13 4 5 3 3 5 2 1
19111421 912 0 1 0 1 1 0 0 0 0 0 0 0 3 2 1 3 0 4 6 3 4 2 13 2 0 9 0 1
19111422 914 6 3 1 1 2 1 3 1 0 1 1 0 0 0 0 3 1 2 0 3 0 0 3 2 4 0 7 4 5 0 13 5 2 2
19111424 680 9 2 3 3 3 3 2 1 1 2 1 0 2 1 0 0 0 0 2 3 4 0 4 0 1 0 1 0 2 0 4 5 3 1 5 7 13
19111426 791 8 2 3 3 1 2 1 2 3 1 0 1 1 0 0 0 0 2 3 3 0 1 0 2 3 7 6 0 4 5 4 3 13 3 3 3
19111428 846 0 1 0 3 1 0 0 0 0 0 0 0 0 0 2 0 0 2 1 4 0 1 4 5 1 2 4 13
19111429 830 10 1 2 2 3 1 2 3 2 3 1 1 0 1 1 0 0 0 0 3 4 3 13 2 3 1 6 2 6 3 4 3 3 0 0 1 0 3
19111430 808 4 3 3 1 2 1 0 2 1 0 0 0 0 1 1 2 3 0 2 3 0 5 9 1 0 0 8 13 3 5 1 4
19111431 897 2 3 1 1 0 3 1 0 0 0 0 1 0 1 2 1 3 3 2 6 6 4 3 13 2 0 0 0 0 1
19111432 899 1 3 1 0 2 1 0 0 0 0 0 0 1 1 4 3 13 1 5 3 3 0 3 2 0 1 2 0 0
19111433 1002 9 3 1 3 3 1 2 1 2 2 1 0 1 1 0 0 0 0 3 3 3 13 2 2 2 3 4 6 1 1 3 4 0 0 3 0 0
19111434 958 8 2 2 2 1 3 3 1 1 3 1 5 0.42857142857142855 6 0.2857142857142857 7 0.2857142857142857 3 3 2 4 13 0 3 1 4 3 0 4 2 3 2 1 0 0 0
19111435 805 7 1 2 1 2 3 3 3 1 0 2 1 0 0 0 0 2 2 3 1 0 0 3 4 4 1 13 3 7 6 2 1 5 5 2
19111436 895 4 3 2 1 3 1 0 2 1 0 0 0 0 1 1 2 2 0 3 4 2 7 4 3 0 1 4 13 0 1 5 1
19111437 899 5 3 2 2 1 1 1 0 3 1 0 0 0 0 2 2 1 0 3 1 2 0 1 4 13 0 7 5 3 3 4 3 2
19111438 852 5 2 3 3 2 1 1 0 1 1 0 0 0 0 1 2 2 0 1 3 2 0 1 5 13 2 4 2 4 0 4 0 1
19111439 951 4 2 3 1 1 1 0 3 1 0 0 0 0 2 1 1 0 0 1 0 2 4 5 2 2 4 5 3 0 3 1 13
19111444 873 10 3 2 2 3 3 1 3 1 1 2 1 0 2 1 0 0 0 0 3 3 4 13 3 1 1 8 8 4 0 2 3 6 2 1 0 0 0
19111445 745 9 2 1 2 3 3 1 3 2 1 1 0 3 1 0 0 0 0 3 3 3 2 4 4 5 0 0 4 2 0 1 3 13 0 1 0 0
19111447 909 11 1 3 1 2 1 2 2 3 3 1 3 1 0 2 1 0 0 0 0 4 3 4 3 0 2 0 4 1 3 3 3 1 4 8 2 13 3 3
19111448 741 0 1 0 2 1 0 0 0 0 0 0 0 0 1 13 4 5 8 7 5 0 4 5 3 2 3 9 1
19111451 822 6 2 2 3 3 3 1 1 0 2 1 0 0 0 0 1 2 3 1 3 3 13 6 4 4 6 1 3 2 6 0 1 4 0
19111452 895 10 2 3 1 1 3 2 1 3 2 3 1 0 2 1 0 0 0 0 3 3 4 3 4 13 7 3 2 4 5 0 2 1 1 0 0 0 1
19111456 880 11 2 3 3 2 1 2 3 3 1 1 2 3 1 8 0.18181818181818185 9 0.27272727272727276 10 0.54545454545454553 3 4 4 4 3 6 3 5 1 2 0 3 13 0 0 0 1 0 0
19111457 849 6 3 1 1 2 1 3 1 0 3 1 0 0 0 0 3 1 2 2 3 2 1 2 13 6 1 5 0 4 0 2 3 0 0
19111458 933 2 2 3 1 0 2 1 0 0 0 0 0 1 1 1 0 5 0 2 3 1 0 4 3 1 1 3 13 4 2
19111461 681 9 2 1 1 3 2 2 1 3 3 1 0 1 1 0 0 0 0 3 3 3 1 13 3 3 3 3 6 0 2 3 5 0 2 0 0 3
19111465 948 3 2 3 1 1 0 2 1 0 0 0 0 1 1 1 4 13 3 3 3 4 5 7 3 5 3 0 1 0 0 0
19111466 857 10 2 1 2 2 3 2 3 1 1 3 3 1 7 0.2857142857142857 8 0.2857142857142857 9 0.42857142857142855 3 4 3 0 1 1 0 0 5 7 0 0 4 2 3 3 4 13 0
19111467 879 10 3 1 3 3 2 3 2 1 1 1 1 0 2 1 0 0 0 0 4 2 4 2 0 1 0 0 0 6 3 1 13 2 1 4 2 2 4
19111468 817 0 1 0 3 1 0 0 0 0 0 0 0 0 0 0 9 13 4 1 2 3 2 6 2 1 1 3 0
19111470 839 5 1 1 3 2 1 1 0 2 1 0 0 0 0 3 1 1 8 2 0 0 4 4 2 0 3 1 5 2 3 1 13 0
19111471 745 10 1 1 3 1 2 2 3 3 3 2 1 0 1 1 0 0 0 0 3 3 4 0 0 3 0 3 2 0 0 2 5 6 1 13 8 1 2
19111472 846 8 2 3 3 3 2 1 2 1 1 0 2 1 0 0 0 0 2 3 3 0 3 3 0 0 5 8 3 3 4 5 3 1 1 4 13
19111473 753 7 3 3 1 2 2 1 1 1 0 3 1 0 0 0 0 3 2 2 2 7 7 13 5 4 3 3 3 3 3 1 0 0 0 2
19111474 858 6 1 2 2 1 3 1 1 0 2 1 0 0 0 0 3 2 1 2 2 0 1 0 5 5 3 0 1 13 3 0 4 4 9
19111476 953 7 3 2 3 3 1 1 2 1 0 2 1 0 0 0 0 2 2 3 1 13 3 0 3 5 3 5 3 2 4 1 3 0 0 0
19111477 1142 0 1 0 2 1 0 0 0 0 0 0 0 1 4 9 13 2 3 4 1 0 3 2 1 0 0 3 4
19111478 932 3 2 3 3 1 0 1 1 0 0 0 0 0 1 2 0 1 0 4 0 1 4 13 0 4 6 4 2 8 3 2
19111479 703 10 3 2 2 3 2 2 3 1 1 1 1 0 3 1 0 0 0 0 3 4 3 1 5 5 9 3 4 4 13 0 3 3 0 0 1 2 0
19111480 752 7 3 3 2 2 1 1 3 1 0 2 1 0 0 0 0 2 2 3 2 2 6 0 1 5 2 0 4 4 3 1 13 1 1 8
19111483 802 3 3 3 3 1 0 3 1 0 0 0 0 0 0 3 0 2 3 0 3 3 4 5 1 2 6 6 1 1 2 13
19111484 731 6 2 3 1 3 2 2 1 0 1 1 0 0 0 0 1 3 2 8 3 0 0 7 3 0 0 5 4 1 1 13 4 5 2
19111485 937 2 3 1 1 0 1 1 0 0 0 0 1 0 1 3 2 0 0 5 3 0 0 9 5 0 2 13 4 9 3
19111487 843 0 1 0 3 1 0 0 0 0 0 0 0 3 1 13 3 2 1 3 6 0 4 0 5 0 0 2 4
19111488 903 0 1 0 3 1 0 0 0 0 0 0 0 1 3 0 3 3 13 1 0 5 4 0 0 2 4 2 0
19111490 866 11 1 3 1 1 1 2 3 2 2 2 3 1 0 3 1 0 0 0 0 4 4 3 13 5 5 3 2 3 0 0 3 1 0 3 3 0 0 0
19111491 920 8 2 2 3 2 1 3 1 3 1 0 2 1 0 0 0 0 2 3 3 0 0 1 0 0 3 0 3 3 13 5 3 1 6 4 3
19111492 990 5 2 3 1 1 2 1 0 3 1 0 0 0 0 2 2 1 3 1 0 1 0 0 3 4 2 4 3 2 0 0 13 3
19111493 893 11 3 1 3 3 2 2 1 2 3 1 2 1 0 1 1 0 0 0 0 3 4 4 0 0 0 2 0 7 1 13 0 1 4 5 3 3 4 2
19111496 859 7 1 3 3 1 1 3 2 1 0 2 1 0 0 0 0 3 1 3 3 2 0 0 2 4 1 13 4 6 6 2 1 3 3 3
19111497 858 2 1 3 1 0 1 1 0 0 0 0 1 0 1 13 4 1 3 2 2 5 1 3 2 2 0 0 3 0 0
19111498 977 8 1 1 1 3 2 1 3 3 1 0 2 1 0 0 0 0 4 1 3 2 2 3 0 0 0 13 4 0 1 4 3 3 4 2 3
19111499 829 7 1 3 1 1 1 2 3 1 0 3 1 0 0 0 0 4 1 2 0 0 4 2 0 3 6 2 0 3 4 8 3 2 0 13
19111500 833 4 1 3 1 1 1 0 3 1 0 0 0 0 3 0 1 7 1 6 2 0 6 5 2 2 2 3 4 0 3 4 13
19111501 667 0 1 0 1 1 0 0 0 0 0 0 0 4 9 0 0 5 6 3 0 4 3 0 3 13 4 2 0
19111502 1018 11 3 3 2 2 2 1 3 1 2 3 1 1 0 1 1 0 0 0 0 3 4 4 0 0 1 0 0 0 2 4 0 4 4 5 2 1 5 13
19111504 1059 0 1 0 1 1 0 0 0 0 0 0 0 0 1 3 0 6 2 2 0 9 4 6 0 13 9 2 1
19111505 845 10 1 3 2 2 1 3 2 2 1 1 1 0 3 1 0 0 0 0 4 4 2 0 0 3 0 0 2 3 0 13 5 4 0 3 3 4 1
19111506 1018 0 1 0 3 1 0 0 0 0 0 0 0 1 6 4 13 3 8 9 2 1 3 3 2 3 2 1 0
19111507 868 7 3 2 2 3 1 1 1 1 0 1 1 0 0 0 0 3 2 2 2 0 3 2 0 4 1 4 0 2 4 7 0 4 5 13
19111508 759 6 3 2 2 3 1 2 1 0 1 1 0 0 0 0 1 3 2 0 0 0 3 0 5 1 5 3 1 3 2 3 4 5 13
19111509 861 2 3 2 1 0 1 1 0 0 0 0 0 1 1 0 6 3 2 0 3 5 1 0 13 2 3 1 3 0 0
19111510 939 0 1 0 2 1 0 0 0 0 0 0 0 0 3 2 3 0 4 6 3 8 1 3 1 0 13 5 4
19111511 753 1 2 1 0 2 1 0 0 0 0 0 1 0 0 3 0 3 13 2 1 3 4 4 5 1 6 1 0 0
19111512 799 0 1 0 1 1 0 0 0 0 0 0 0 1 2 7 0 13 4 5 3 9 2 3 3 4 3 4 0
19111513 988 10 3 2 1 3 1 3 2 2 2 1 1 0 3 1 0 0 0 0 3 4 3 4 3 0 1 1 7 5 3 9 1 3 2 13 2 3 0
19111514 890 8 2 3 1 3 2 1 1 2 3 1 8 0.18181818181818185 9 0.27272727272727276 10 0.54545454545454553 3 3 2 3 0 1 0 3 1 3 0 5 13 4 0 2 2 5 4
19111515 853 7 3 2 1 1 2 3 2 1 0 3 1 0 0 0 0 2 3 2 1 4 3 3 0 9 5 6 0 1 7 13 0 3 0 2
19111516 989 2 2 3 1 0 3 1 0 0 0 0 0 1 1 0 1 3 0 3 3 0 2 2 5 1 0 13 4 4 1
19111517 863 7 1 1 1 1 3 2 2 1 0 2 1 0 0 0 0 4 2 1 0 3 0 0 0 1 5 13 2 4 5 3 0 3 3 2
19111518 848 10 1 1 2 2 3 2 3 3 2 1 3 1 4 0.54545454545454553 5 0.27272727272727276 6 0.18181818181818185 3 4 3 0 3 0 1 2 3 3 0 4 1 3 9 13 6 4 0
19111520 872 7 3 3 1 3 2 2 2 1 0 2 1 0 0 0 0 1 3 3 13 4 5 1 1 4 4 0 1 2 0 0 0 0 0 1
19111523 759 9 3 1 2 3 1 2 2 1 3 1 0 1 1 0 0 0 0 3 3 3 2 0 1 0 0 0 3 3 3 0 2 6 3 6 7 13
19111524 885 0 1 0 2 1 0 0 0 0 0 0 0 13 1 3 3 4 8 6 1 2 3 5 0 1 2 0 0
19111526 982 8 2 2 3 1 1 2 3 3 1 0 1 1 0 0 0 0 2 3 3 5 1 1 2 2 4 5 3 13 2 5 0 1 0 0 0
19111528 871 0 1 0 3 1 0 0 0 0 0 0 0 3 2 4 2 0 1 13 3 0 1 1 2 3 0 3 6
19111529 927 2 1 2 1 0 1 1 0 0 0 0 1 1 0 13 4 3 3 3 3 5 4 2 2 4 1 3 0 0 0
19111531 820 7 1 2 3 1 3 3 1 1 0 2 1 0 0 0 0 3 1 3 3 0 0 0 13 6 4 0 4 5 4 0 4 1 2 2
19111534 899 1 3 1 0 1 1 0 0 0 0 0 0 1 2 0 3 0 2 5 3 2 0 1 4 8 0 1 9 13
19111535 753 6 2 3 1 3 1 1 1 0 2 1 0 0 0 0 3 1 2 0 0 0 2 3 3 0 0 0 2 4 1 0 5 5 13
19111536 920 11 2 1 2 3 1 2 3 1 3 1 2 1 0 3 1 0 0 0 0 4 4 3 4 3 5 2 13 3 0 1 4 3 3 0 1 5 7 2
19111537 1004 3 1 2 3 1 0 1 1 0 0 0 0 1 1 1 2 4 1 4 0 5 3 13 0 2 10 3 2 3 0 1
19111539 1048 6 2 1 1 3 1 3 1 0 3 1 0 0 0 0 3 1 2 0 0 2 1 2 5 6 0 3 8 5 2 0 13 5 4
19111540 994 9 2 3 3 1 1 1 3 3 2 1 0 2 1 0 0 0 0 3 2 4 0 0 2 0 0 0 2 1 5 7 1 0 3 7 13 0
19111541 837 5 3 2 2 3 1 1 0 2 1 0 0 0 0 1 2 2 5 13 3 0 1 3 4 0 3 0 7 3 0 1 3 0
19111542 990 8 2 2 3 1 3 2 1 3 1 0 3 1 0 0 0 0 2 3 3 0 1 2 1 0 2 4 6 1 4 5 3 0 4 6 13
19111543 910 10 2 2 1 1 1 2 3 3 1 3 1 0 3 1 0 0 0 0 4 3 3 0 0 0 2 0 1 1 6 0 2 4 7 2 0 4 13
19111544 817 1 1 1 0 1 1 0 0 0 0 1 0 0 2 1 1 0 2 13 3 4 2 1 5 3 2 0 3 2
19111546 819 6 3 3 2 1 1 2 1 0 1 1 0 0 0 0 2 2 2 3 13 4 4 0 5 2 8 0 4 2 3 0 0 1 0
19111547 847 6 1 1 1 1 3 2 1 0 2 1 0 0 0 0 4 1 1 3 3 0 0 13 5 3 3 1 8 2 4 3 3 2 2
19111552 859 7 1 2 1 3 3 1 1 1 0 2 1 0 0 0 0 4 1 2 0 0 5 3 0 2 3 0 2 4 7 4 0 13 8 7
19111553 917 2 3 3 1 0 1 1 0 0 0 0 0 0 2 1 7 13 0 3 4 2 4 2 2 8 2 1 3 0 1
19111554 786 11 2 2 1 3 3 3 2 1 1 3 1 1 0 2 1 0 0 0 0 4 3 4 4 2 0 1 2 8 1 3 13 2 8 0 1 3 4 3
19111556 872 4 2 3 2 1 1 0 3 1 0 0 0 0 1 2 1 13 3 0 0 3 1 5 3 3 6 2 1 3 0 0 0
19111558 961 11 3 2 1 1 3 2 3 1 2 1 3 1 0 2 1 0 0 0 0 4 3 4 0 1 2 0 1 3 5 0 9 1 2 3 13 4 2 3
19111561 828 2 1 3 1 0 2 1 0 0 0 0 1 0 1 3 2 13 0 2 5 4 3 4 4 4 0 1 1 0 0
19111562 926 2 2 1 1 0 3 1 0 0 0 0 1 1 0 13 3 2 4 1 1 6 1 3 3 2 0 2 0 0 0
19111563 781 3 2 1 1 1 0 3 1 0 0 0 0 2 1 0 0 0 1 0 2 4 0 3 5 3 8 2 5 6 13 4
19111565 801 8 1 2 2 3 1 3 2 2 1 0 1 1 0 0 0 0 2 4 2 0 0 0 1 13 3 0 0 4 3 5 3 2 3 1 3
19111567 848 0 1 0 3 1 0 0 0 0 0 0 0 1 13 2 6 0 2 3 4 0 3 5 3 4 7 4 1
19111569 909 10 3 1 2 2 2 1 3 2 3 1 1 0 1 1 0 0 0 0 3 4 3 0 0 3 3 2 3 6 1 7 1 3 4 13 4 3 2
19111572 985 4 2 3 1 1 1 0 1 1 0 0 0 0 2 1 1 2 3 3 13 0 2 6 5 0 9 4 3 0 0 0 3
19111573 867 10 1 3 3 2 3 1 1 3 1 2 1 0 2 1 0 0 0 0 4 2 4 0 3 3 3 0 13 6 2 2 1 3 5 0 0 0 3
19111577 901 5 1 2 3 2 3 1 0 2 1 0 0 0 0 1 2 2 0 13 5 5 1 2 4 8 0 0 1 0 0 0 1 0
19111578 948 3 3 3 1 1 0 1 1 0 0 0 0 1 0 2 0 2 0 0 3 0 0 2 4 4 6 0 13 7 5 3
19111580 816 0 1 0 2 1 0 0 0 0 0 0 0 3 1 3 5 13 4 4 2 2 1 3 0 1 0 0 0
19111582 807 3 2 2 2 1 0 1 1 0 0 0 0 0 3 0 4 2 0 0 2 1 1 3 3 5 3 0 1 13 4 1
19111583 783 7 1 3 1 1 2 2 3 1 0 1 1 0 0 0 0 3 2 2 4 3 1 3 13 6 5 2 3 2 4 6 0 7 0 2
19111588 927 10 2 3 3 2 2 2 3 1 3 1 1 0 1 1 0 0 0 0 2 4 4 0 1 1 1 3 2 3 4 13 7 3 0 4 3 6 2
19111589 976 0 1 0 3 1 0 0 0 0 0 0 0 3 4 2 7 1 3 6 13 0 0 4 1 0 0 3 2
19111590 780 1 2 1 0 3 1 0 0 0 0 0 1 0 1 1 0 1 4 0 2 0 6 3 8 0 3 13 2 0
19111591 964 2 2 1 3 1 5 0.42857142857142855 6 0.2857142857142857 7 0.2857142857142857 1 1 0 0 0 0 3 0 0 3 13 0 4 6 4 1 3 3 2
19111593 656 3 1 2 1 1 0 3 1 0 0 0 0 2 1 0 4 5 3 2 4 8 4 0 13 1 3 0 2 0 0 0
19111594 890 4 3 1 1 1 1 0 3 1 0 0 0 0 3 0 1 2 3 13 2 2 3 3 0 3 5 4 0 0 9 3 0
19111598 754 4 3 3 3 2 1 0 1 1 0 0 0 0 0 1 3 13 1 3 0 4 4 3 0 3 5 3 3 0 6 2 0
19111599 944 11 2 3 2 2 1 1 2 1 3 3 1 1 0 3 1 0 0 0 0 4 4 3 0 0 1 0 0 3 0 0 0 1 5 2 3 13 5 2
