4 3 3 3 11 5 2 0 0 7 1 0 3 3 0 0 5 3 2 1 1 2 1 3 1 333 2 2 1
4 4 2 1 5 3 0 0 11 4 4 3 9 5 3 0 11 1 3 1 2 2 3 2 3 2 1 1 1 3 1 391 4 4 3
2 2 0 3 3 1 3 0 1 9 1 3 11 10 6 5 1 2 1 3 1 441 0 1 0
3 3 3 0 6 6 4 2 4 9 8 5 3 11 10 3 9 3 1 1 1 1 3 3 2 2 1 2 1 471 4 2 3
10 0 2 0 9 4 0 0 9 4 3 0 5 4 0 1 0 3 5 0.25 6 0.25 7 0.5 304 0 0 0
11 5 2 0 5 4 3 1 0 6 0 0 1 0 0 0 10 3 3 3 2 1 2 3 1 2 2 1 1 1 306 2 4 4
4 0 0 2 11 4 0 1 8 5 3 3 6 6 4 0 1 3 3 6 0.1818181818181818 7 0.27272727272727271 8 0.54545454545454541 354 0 0 1
2 1 3 2 7 4 1 3 11 6 3 3 9 5 8 7 11 3 2 3 3 2 1 1 1 2 1 2 1 3 1 384 4 4 3
0 0 1 1 0 0 2 3 1 4 5 6 3 1 3 11 5 1 2 2 2 2 3 4 0.54545454545454541 5 0.27272727272727271 6 0.1818181818181818 337 1 4 0
0 0 1 2 0 1 3 5 3 4 6 8 8 6 11 9 6 3 2 2 2 1 3 1 1 1 438 1 3 2
1 1 6 1 2 5 4 8 2 0 7 4 0 1 11 10 6 2 1 3 3 3 2 1 2 1 488 1 2 3
1 2 3 2 1 2 2 4 6 8 6 9 3 11 10 1 2 1 3 1 3 1 518 1 0 1
2 0 0 3 4 0 1 0 3 6 5 0 2 1 11 6 3 3 2 1 3 5 0.37499999999999994 6 0.24999999999999994 7 0.37499999999999994 293 1 1 1
0 0 2 0 0 3 0 2 3 3 0 7 10 11 5 10 5 1 3 1 1 2 1 3 1 449 3 1 1
3 0 4 4 3 1 5 6 3 4 6 9 10 5 11 10 6 1 1 3 3 2 2 1 2 1 499 2 2 2
0 2 1 4 2 3 5 6 1 5 7 9 10 7 11 10 0 1 3 1 529 0 0 0
0 0 1 2 0 3 3 0 0 0 6 6 1 3 4 11 1 2 1 3 1 303 0 1 0
5 6 8 10 2 3 5 11 0 0 0 5 1 2 2 1 0 1 1 1 442 0 0 0
3 1 9 10 3 7 5 11 2 1 4 7 2 0 0 1 1 2 1 3 1 492 0 1 0
3 5 9 10 3 1 8 11 3 5 4 7 0 0 2 2 8 1 3 1 3 2 2 3 1 3 5 0.37499999999999994 6 0.24999999999999994 7 0.37499999999999994 522 3 2 3
0 3 2 0 0 1 0 0 3 3 6 6 1 4 3 11 3 1 2 3 1 2 1 306 1 1 1
3 4 8 9 2 4 7 11 1 4 7 2 3 3 5 0 10 1 1 3 3 3 2 2 2 1 3 1 1 1 435 3 3 4
0 5 7 10 0 2 7 11 3 3 3 6 0 0 3 3 9 1 2 1 3 1 1 3 2 2 1 3 1 485 4 3 2
3 0 8 10 7 1 6 11 3 5 5 7 3 1 2 2 4 2 2 1 1 1 3 1 515 2 2 0
0 3 3 2 0 11 3 1 5 3 1 3 7 3 0 2 11 2 3 1 2 1 3 3 2 3 1 2 1 1 1 316 3 4 4
3 3 4 1 5 4 2 2 11 5 4 1 9 7 5 4 11 2 1 1 1 1 3 3 2 3 3 2 1 2 1 380 4 3 4
3 0 0 1 6 3 3 2 11 4 1 2 10 6 5 3 11 1 3 1 3 3 1 3 2 2 2 1 1 2 1 430 4 3 4
5 3 0 3 6 5 2 3 11 6 4 2 10 7 5 0 6 1 2 1 1 2 1 1 3 1 460 4 2 0
1 0 0 11 1 3 6 5 0 0 2 4 0 1 2 3 10 3 1 1 1 2 3 3 2 3 2 1 2 1 314 3 3 4
3 0 1 0 0 1 4 4 1 3 4 11 4 7 8 9 6 2 3 3 1 2 2 1 2 1 421 1 3 2
0 1 4 7 0 2 6 9 2 3 5 11 3 3 4 9 6 3 3 1 1 3 3 1 2 1 471 2 0 4
2 2 1 0 5 8 9 2 3 8 7 11 0 0 9 3 2 1 1 1 3 1 501 2 0 0
3 4 4 6 0 2 5 11 1 2 1 0 1 0 0 0 2 3 3 1 2 1 324 0 0 2
1 5 6 10 0 2 4 11 1 0 4 5 0 0 3 3 9 3 2 2 1 2 2 3 1 3 1 1 1 427 2 4 3
4 5 8 10 3 0 7 11 3 0 6 7 0 3 4 5 10 2 1 1 3 3 2 3 2 1 2 1 1 1 477 3 4 3
3 1 7 10 0 5 9 11 2 4 6 7 1 3 3 6 6 3 1 2 2 2 1 3 5 0.37499999999999994 6 0.24999999999999994 7 0.37499999999999994 507 2 3 1
0 0 3 2 0 2 1 4 0 3 6 4 6 11 8 7 0 1 1 1 320 0 0 0
0 2 0 0 0 1 3 1 0 3 8 5 4 7 11 10 2 3 2 1 3 1 383 0 1 1
1 9 2 4 3 7 3 3 4 3 7 8 1 7 11 10 5 3 3 2 1 2 1 3 1 433 1 2 2
1 1 3 4 0 4 4 3 2 9 8 9 6 5 11 10 0 1 2 1 463 0 0 0
3 11 4 2 0 0 4 4 0 0 5 3 0 0 1 2 1 1 3 5 0.37499999999999994 6 0.24999999999999994 7 0.37499999999999994 337 1 0 0
1 11 6 3 3 5 7 6 1 2 0 8 0 2 0 3 0 1 3 1 364 0 0 0
3 3 4 2 0 3 6 6 1 3 7 8 5 11 1 9 2 3 3 1 2 1 414 0 0 2
1 0 2 4 0 4 7 4 2 3 4 8 5 11 1 10 9 3 2 2 1 1 3 2 1 3 1 3 1 444 3 3 3
1 11 3 3 3 2 6 3 0 0 2 1 0 2 0 0 10 3 1 3 2 2 3 1 2 1 1 1 3 1 342 4 3 3
3 11 8 6 9 7 6 5 3 1 3 5 0 0 0 1 4 3 2 2 3 1 3 1 487 0 2 2
11 10 3 0 2 8 1 0 3 5 5 2 3 2 4 5 4 2 3 1 1 1 1 1 537 2 1 1
10 8 0 2 11 7 7 3 5 3 5 2 1 4 6 5 0 1 1 1 567 0 0 0
0 3 4 4 1 2 5 11 1 3 7 0 0 0 0 6 9 1 3 3 2 1 2 2 3 1 1 2 1 289 3 3 3
0 3 3 0 1 2 3 4 3 5 6 11 1 6 7 10 9 3 1 1 3 2 2 3 2 2 1 1 1 459 2 4 3
1 2 0 3 2 4 3 0 5 6 7 11 5 7 8 10 9 3 1 2 1 3 1 3 2 1 1 2 1 509 4 2 3
3 0 3 0 1 0 4 1 3 4 8 11 2 5 9 10 5 1 2 3 2 2 1 1 1 539 1 3 1
2 1 0 3 4 4 2 0 3 6 6 0 3 4 11 0 7 2 1 3 3 1 3 1 1 2 1 340 3 1 3
3 5 6 10 1 1 4 11 2 0 3 5 1 0 0 2 10 2 1 3 2 1 3 3 2 1 3 1 2 1 510 3 3 4
4 5 7 10 2 5 6 11 3 3 9 3 0 1 1 2 0 1 3 1 560 0 0 0
4 6 8 10 0 4 9 11 3 3 4 6 0 3 3 4 6 2 2 1 3 1 2 1 1 1 590 2 3 1
0 3 3 0 1 4 5 11 2 3 4 5 1 3 3 4 7 1 2 1 3 2 3 2 1 3 1 283 2 3 2
0 0 2 4 1 3 4 5 1 2 8 11 3 7 8 9 8 2 3 2 3 3 1 1 2 1 1 1 456 2 3 3
3 1 5 2 0 3 7 0 1 4 7 11 2 5 8 10 8 3 3 3 1 2 2 1 2 1 1 1 506 2 3 3
1 0 4 5 0 2 4 6 3 4 7 11 1 5 9 10 5 3 3 2 2 1 3 5 0.37499999999999994 6 0.24999999999999994 7 0.37499999999999994 536 1 2 2
0 0 11 5 3 1 3 5 0 0 0 1 2 0 0 2 5 3 2 1 2 1 1 3 1 312 2 2 1
10 6 11 10 3 5 5 6 0 0 2 5 0 1 3 2 0 1 1 1 495 0 0 0
10 7 11 10 3 5 6 8 3 0 3 3 0 0 3 0 10 1 1 2 1 2 3 3 2 2 3 1 1 1 545 3 4 3
10 7 11 10 1 5 7 9 0 2 4 0 3 2 3 3 7 3 1 3 2 2 1 3 1 1 1 575 2 2 3
3 1 5 0 4 6 1 0 11 4 4 2 5 0 0 0 2 2 2 1 1 1 336 0 2 0
1 0 1 0 3 0 3 2 7 8 4 1 9 11 6 5 5 2 3 3 2 2 1 1 1 396 0 3 2
1 3 9 3 1 5 5 2 4 4 0 3 10 11 3 0 6 2 3 1 3 1 2 1 2 1 446 2 2 2
0 0 1 1 6 9 3 7 2 3 1 5 10 11 8 5 2 2 2 1 3 1 476 0 2 0
0 0 3 0 6 3 3 2 4 4 4 2 4 1 11 3 9 2 3 1 1 3 1 1 2 2 1 3 1 314 4 3 2
8 7 8 5 11 4 6 5 3 4 5 0 1 0 4 0 3 2 2 3 1 1 1 348 0 2 1
10 0 0 6 11 5 0 0 6 4 0 2 5 3 1 0 4 1 3 3 3 1 2 1 398 1 0 3
10 8 5 3 11 5 4 2 8 2 4 1 3 0 0 1 11 1 2 3 3 1 3 2 1 2 1 3 1 2 1 428 4 3 4
0 0 3 11 0 4 6 4 1 0 3 4 0 2 3 3 7 1 2 1 2 3 1 3 1 2 1 286 3 2 2
6 8 11 4 3 5 3 3 2 0 1 0 2 0 0 0 7 2 1 3 2 1 3 3 1 1 1 325 2 2 3
9 11 5 2 5 7 3 1 4 1 1 3 3 0 0 0 7 2 2 1 2 1 3 2 1 3 1 375 2 4 1
9 11 7 3 6 7 5 3 5 4 3 0 1 1 0 3 3 3 2 2 1 3 1 405 0 2 1
0 2 4 11 0 0 5 6 2 0 4 0 0 0 0 1 0 1 1 1 323 0 0 0
3 4 2 11 0 0 4 10 0 0 0 3 2 3 3 1 9 3 1 2 2 1 1 3 1 3 1 2 1 420 4 2 3
2 6 11 10 4 5 7 8 3 3 5 5 2 0 0 1 8 1 3 2 3 2 3 3 1 1 1 1 470 2 2 4
1 10 3 0 11 4 3 3 6 7 6 9 3 4 5 3 3 2 1 3 1 2 1 500 1 1 1
0 1 0 0 1 0 0 2 0 3 3 11 4 3 5 3 8 2 3 1 3 3 2 3 2 1 1 1 319 1 3 4
0 0 1 2 0 2 4 1 4 4 5 4 5 7 11 4 8 2 2 2 3 1 3 3 1 1 1 1 355 2 3 3
4 2 0 1 5 4 3 0 7 5 3 2 9 11 5 1 7 1 3 3 2 3 2 1 1 3 1 405 2 2 3
4 0 0 2 6 0 1 2 8 5 1 0 9 11 6 3 1 1 1 2 1 435 1 0 0
0 1 0 0 0 0 3 3 2 0 5 6 0 1 11 7 5 3 3 3 2 2 1 1 1 299 0 2 3
0 0 2 3 2 4 2 1 4 6 6 7 0 3 11 9 8 2 1 1 1 3 2 3 3 1 1 1 373 3 2 3
0 2 0 0 4 3 3 2 4 6 8 7 7 6 11 10 9 2 1 2 3 3 1 1 1 3 1 3 1 423 4 2 3
2 1 3 4 0 4 8 3 0 3 7 9 3 8 11 10 5 3 3 3 2 3 1 1 1 453 0 1 4
0 1 7 4 0 3 5 4 0 3 4 11 2 1 0 3 7 1 2 3 3 2 1 3 1 2 1 297 2 2 3
0 0 0 2 1 10 11 0 3 6 6 3 4 3 3 3 7 3 1 3 2 3 1 2 1 3 1 420 2 2 3
10 11 3 2 4 8 2 0 7 3 3 0 2 5 3 0 6 1 3 3 1 1 2 1 1 1 470 3 1 2
10 11 2 3 9 6 4 3 2 1 0 2 0 1 3 0 1 1 3 4 0.54545454545454541 5 0.27272727272727271 6 0.1818181818181818 500 1 0 0
0 0 1 0 0 3 1 0 3 6 1 3 4 4 11 0 4 2 2 3 2 1 3 1 320 0 3 1
0 0 3 0 4 0 1 0 6 3 3 1 9 11 5 3 4 1 2 2 2 1 3 1 370 1 3 0
0 0 2 0 3 3 3 3 8 7 4 2 9 11 5 3 3 2 1 1 1 1 1 420 2 1 0
4 3 1 2 4 7 0 0 4 6 4 0 10 11 6 5 11 1 1 1 3 3 3 3 2 2 2 1 1 2 1 450 4 3 4
3 7 4 3 2 5 4 2 0 1 5 11 1 0 3 3 6 1 3 1 2 3 2 3 5 0.37499999999999994 6 0.24999999999999994 7 0.37499999999999994 288 2 2 2
6 8 7 4 3 5 6 8 0 3 4 11 0 1 2 3 3 1 2 2 1 1 1 341 1 2 0
3 4 4 10 0 6 6 11 1 3 7 4 1 0 5 2 3 1 2 3 1 2 1 391 1 1 1
0 1 7 10 2 3 8 11 0 3 5 6 3 0 3 4 10 2 1 2 1 3 2 2 1 3 3 1 1 1 421 3 4 3
0 3 0 0 4 5 3 2 5 7 2 0 11 3 2 1 1 1 1 1 1 336 1 0 0
2 0 0 2 9 3 0 3 11 4 1 2 9 6 4 0 5 1 1 3 1 3 1 2 1 360 3 0 2
9 4 0 1 11 5 5 0 8 6 3 0 3 10 1 0 9 3 2 3 2 3 3 2 1 1 1 2 1 410 2 3 4
9 1 3 3 11 7 4 1 9 8 2 2 3 10 3 1 5 2 2 2 3 1 1 1 1 440 1 3 1
3 0 3 0 2 7 5 0 0 3 4 11 2 1 3 7 10 2 1 1 3 3 2 1 2 1 3 3 6 0.1818181818181818 7 0.27272727272727271 8 0.54545454545454541 358 4 3 3
0 2 0 4 0 1 3 6 2 3 4 11 1 4 6 9 0 3 4 0.54545454545454541 5 0.27272727272727271 6 0.1818181818181818 394 0 0 0
3 6 7 11 1 5 8 5 4 3 10 3 0 1 3 2 3 1 2 2 1 3 1 444 1 2 0
3 9 11 1 1 7 10 3 2 4 4 4 0 2 0 3 9 2 3 3 2 3 1 1 1 3 1 2 1 474 3 2 4
6 5 5 6 1 3 7 8 1 3 6 9 0 3 4 10 8 2 2 1 3 3 1 2 2 1 3 1 319 2 4 2
0 3 1 0 2 1 4 7 0 5 4 11 2 3 4 5 2 1 3 1 2 1 337 1 0 1
3 3 1 0 3 4 6 8 1 4 5 11 3 3 0 2 6 3 2 3 1 3 2 1 3 1 369 1 2 3
0 0 5 6 1 3 6 9 1 3 9 11 2 0 3 3 3 3 2 2 1 1 1 399 0 2 1
0 1 0 0 11 2 3 2 5 5 4 3 7 4 3 3 0 1 1 1 340 0 0 0
4 3 3 0 5 4 1 1 11 5 3 3 10 6 5 4 4 3 1 2 2 1 2 1 461 1 2 1
1 2 0 1 6 5 3 2 11 6 4 1 10 8 6 3 4 2 1 2 3 1 3 1 511 1 2 1
1 2 0 0 0 4 8 1 0 11 6 4 10 9 6 4 0 1 2 1 541 0 0 0
0 0 3 2 3 1 5 11 2 4 6 7 0 0 3 0 8 1 2 3 3 2 1 1 1 1 2 1 356 4 2 2
3 4 2 3 0 4 6 0 3 5 7 11 3 6 8 9 2 2 1 1 1 1 462 1 1 0
0 0 3 8 2 4 4 6 2 1 5 11 1 3 8 10 2 1 2 1 3 1 512 1 1 0
3 0 0 8 2 0 5 6 0 3 5 11 3 5 9 10 9 1 3 1 2 1 3 2 3 1 1 2 1 542 4 2 3
3 3 0 0 1 1 2 2 4 4 1 0 11 7 4 0 4 2 1 2 3 1 3 1 353 1 2 1
2 1 2 3 0 1 4 3 0 4 7 7 0 1 11 10 4 3 3 2 1 1 2 1 501 1 1 2
0 2 1 3 1 0 3 4 1 6 7 8 5 6 11 10 2 2 2 1 3 1 551 0 2 0
2 1 3 5 7 5 5 6 2 7 6 9 1 3 11 10 11 1 2 3 1 3 1 1 3 2 3 2 1 2 1 581 4 3 4
4 2 1 0 11 3 3 2 7 4 3 0 0 5 0 3 9 1 1 1 3 1 2 3 2 3 1 2 1 293 4 2 3
3 3 0 0 6 2 2 0 11 5 3 1 9 5 1 1 6 1 2 2 3 1 2 1 3 1 312 2 3 1
3 4 1 0 6 4 1 3 11 5 4 3 10 7 0 0 6 2 3 1 1 2 2 1 2 1 362 2 3 1
4 3 2 0 6 4 1 0 11 5 3 3 10 8 5 3 0 1 3 1 392 0 0 0
2 0 4 0 1 1 5 11 0 3 2 6 2 3 3 4 3 1 3 1 1 2 1 345 2 0 1
0 0 0 2 4 4 3 1 1 3 8 11 3 4 8 9 1 2 1 3 1 388 0 1 0
0 3 2 4 0 2 4 6 1 3 6 11 8 5 7 10 0 1 1 1 438 0 0 0
0 3 4 3 3 4 5 6 3 5 8 11 4 8 7 10 9 3 2 1 2 2 3 2 1 1 1 1 1 468 3 4 2
0 0 2 0 3 4 0 0 6 6 5 3 11 5 4 3 0 1 1 1 331 0 0 0
2 1 3 2 4 4 4 3 7 5 3 4 9 11 5 2 6 1 1 1 3 2 3 1 3 1 389 3 1 2
5 3 1 1 6 5 4 3 0 8 7 5 1 9 11 8 6 2 2 2 2 3 3 1 1 1 439 0 4 2
3 3 6 8 4 5 6 11 4 8 10 2 0 2 3 2 2 1 1 1 1 1 469 2 0 0
2 2 0 0 0 2 1 6 0 2 5 0 2 3 7 11 7 1 3 3 3 1 1 1 1 3 1 313 4 0 3
5 8 6 3 4 6 8 11 4 5 4 1 3 3 0 4 0 1 2 1 360 0 0 0
3 4 8 10 0 0 6 11 0 0 4 5 0 1 2 3 0 1 3 1 410 0 0 0
4 7 8 10 4 6 7 11 8 0 3 2 0 3 0 0 8 3 1 1 1 1 2 2 3 1 2 1 440 4 2 2
3 2 1 11 1 4 5 6 0 0 3 2 3 0 5 0 10 2 1 3 1 2 2 1 1 3 2 1 3 1 294 4 4 2
2 0 3 0 3 0 4 0 11 5 5 4 9 9 6 4 10 3 1 2 3 2 3 1 1 2 1 1 3 1 383 4 3 3
3 4 1 3 5 4 2 2 11 6 5 1 10 8 5 4 9 1 1 2 2 2 1 1 2 3 1 3 1 433 4 4 1
0 3 1 3 2 2 1 2 11 8 6 2 10 9 5 5 7 2 3 3 1 1 1 3 3 6 0.1818181818181818 7 0.27272727272727271 8 0.54545454545454541 463 3 1 3
3 1 0 3 0 0 1 2 3 5 3 4 0 0 0 11 9 3 2 3 1 1 1 2 2 3 1 2 1 339 3 3 3
2 5 8 9 1 4 8 11 0 3 4 1 1 0 0 1 9 2 3 2 3 2 2 3 1 3 3 5 0.37499999999999994 6 0.24999999999999994 7 0.37499999999999994 443 1 4 4
10 11 3 0 5 3 3 3 1 5 3 2 9 4 1 0 8 2 1 3 1 2 2 3 1 1 2 1 493 3 3 2
10 11 5 4 6 4 3 6 1 6 9 4 2 0 3 3 3 2 2 1 1 1 1 523 1 2 0
0 3 0 0 1 4 6 11 0 4 5 5 1 1 0 3 6 1 2 3 2 2 2 1 3 1 331 1 4 1
0 0 0 4 1 1 3 4 0 0 4 11 0 4 6 9 5 3 1 2 2 3 1 2 1 406 1 2 2
1 2 1 4 0 1 4 6 2 4 5 11 1 0 7 10 6 3 1 2 2 3 2 1 3 1 456 1 3 2
2 1 1 3 0 0 3 5 0 5 6 11 4 5 8 10 0 1 2 1 486 0 0 0
2 1 1 0 11 4 4 2 0 5 1 3 3 3 0 0 0 1 2 1 302 0 0 0
3 3 0 2 5 3 1 0 11 7 0 0 9 6 3 1 0 1 2 1 400 0 0 0
5 4 4 0 6 5 0 1 11 5 1 0 10 6 2 0 0 1 2 1 450 0 0 0
5 3 0 0 6 4 2 1 11 4 1 0 10 8 4 2 6 3 1 3 3 2 2 1 1 1 480 1 2 3
3 3 4 3 0 11 5 1 0 0 2 0 2 0 0 0 1 3 1 1 1 347 0 0 1
10 6 5 0 11 5 3 1 7 4 3 0 4 3 0 2 6 3 2 2 1 2 1 1 1 1 454 2 3 1
10 9 4 0 11 7 4 1 5 5 0 0 3 1 2 0 7 1 2 3 1 3 3 2 1 2 1 504 2 2 3
10 9 6 2 11 8 5 2 0 3 3 1 3 3 2 3 1 1 1 1 1 534 1 0 0
5 8 9 10 4 3 5 7 2 3 1 0 0 1 0 1 4 2 3 3 2 1 3 1 287 0 2 2
4 11 0 3 3 5 3 2 3 0 1 0 0 3 0 0 11 1 2 3 3 3 2 1 2 1 1 2 1 3 1 305 4 4 3
8 11 5 3 7 6 3 1 5 4 3 2 3 8 2 0 6 1 2 3 1 2 3 1 1 1 337 2 2 2
3 0 1 0 1 2 3 11 3 5 8 10 2 1 7 3 2 2 1 1 2 1 367 1 1 0
5 11 0 0 4 3 7 0 5 3 0 0 0 3 0 2 9 1 1 2 3 2 3 3 2 1 1 1 1 294 3 3 3
7 11 9 4 9 6 5 4 0 0 4 4 3 0 2 0 2 3 3 1 1 1 380 0 0 2
3 11 9 2 8 8 4 1 9 3 3 0 3 0 0 1 0 1 2 1 430 0 0 0
1 8 1 3 3 7 2 3 7 11 9 5 1 10 7 2 9 1 2 2 2 1 3 1 2 3 1 3 1 460 3 4 2
4 4 5 1 6 5 0 0 11 3 0 0 1 0 0 0 8 2 2 1 2 2 1 3 3 1 3 1 275 2 4 2
2 4 0 1 9 7 0 0 11 6 1 3 5 3 2 2 3 2 1 1 3 6 0.1818181818181818 7 0.27272727272727271 8 0.54545454545454541 355 2 1 0
0 0 3 3 3 0 1 6 0 3 6 7 1 3 11 10 2 2 3 1 2 1 405 0 1 1
2 0 2 1 2 0 4 7 4 3 6 8 4 6 11 10 10 3 2 1 1 3 2 1 3 1 3 3 6 0.1818181818181818 7 0.27272727272727271 8 0.54545454545454541 435 4 2 4
0 6 0 3 6 11 0 0 5 3 1 0 3 3 2 0 7 2 1 2 2 1 3 3 1 1 1 299 2 3 2
5 7 9 11 4 6 5 3 4 3 3 0 1 0 2 3 6 1 2 2 1 3 3 1 3 1 352 2 2 2
3 2 10 11 4 4 8 0 1 1 4 1 0 0 2 0 5 3 2 2 3 3 1 1 1 402 0 2 3
2 4 10 0 1 3 9 2 5 11 2 3 1 3 1 3 1 3 3 4 0.54545454545454541 5 0.27272727272727271 6 0.1818181818181818 432 0 0 1
3 0 0 4 0 2 2 5 5 6 4 1 0 3 11 1 11 2 3 1 2 3 2 1 3 2 1 1 1 3 1 328 4 4 3
9 8 6 4 11 6 4 1 6 4 2 1 4 0 0 3 2 2 1 1 2 1 449 1 1 0
3 8 8 2 10 4 1 3 11 3 4 3 0 1 2 0 2 2 1 1 3 1 499 1 1 0
0 0 5 10 1 3 2 8 11 9 6 5 2 3 4 5 0 1 1 1 529 0 0 0
2 3 6 6 0 3 3 11 0 0 1 2 1 0 0 0 9 3 2 3 3 1 1 1 2 3 1 2 1 314 3 2 4
3 4 8 10 1 3 6 11 3 3 6 0 1 4 4 1 8 3 2 1 2 3 2 3 2 1 3 1 488 1 4 3
2 3 9 10 2 5 7 11 3 3 4 7 0 0 3 4 7 2 1 3 1 2 1 3 1 1 1 538 3 2 2
8 7 9 10 4 5 8 11 3 8 3 5 3 1 2 3 3 1 3 2 1 3 1 568 1 1 1
0 1 0 0 0 3 5 0 1 2 6 5 1 4 5 11 6 3 3 1 3 2 2 1 2 1 335 1 2 3
3 5 7 10 2 4 4 11 1 3 3 4 3 0 0 1 9 2 1 3 3 1 2 2 2 3 1 1 1 420 2 4 3
0 2 8 10 0 4 7 11 3 0 5 6 0 3 4 4 9 1 3 2 3 2 2 1 1 1 3 6 0.1818181818181818 7 0.27272727272727271 8 0.54545454545454541 470 4 3 2
4 5 9 10 4 6 8 11 3 1 5 3 0 2 3 2 4 3 3 1 1 1 2 1 500 2 0 2
2 11 6 4 0 1 6 3 0 0 4 1 0 0 3 2 8 1 3 3 1 2 3 2 1 1 2 1 294 3 2 3
10 8 11 10 3 1 1 5 0 0 0 4 0 0 0 2 8 3 3 1 2 2 2 3 1 3 4 0.54545454545454541 5 0.27272727272727271 6 0.1818181818181818 507 2 3 3
10 9 11 10 3 4 5 7 3 1 3 4 1 0 1 2 7 2 3 1 3 2 2 1 1 2 1 557 2 3 2
10 9 11 10 4 6 7 8 4 2 2 3 1 3 1 2 2 1 2 1 1 1 587 1 1 0
0 3 11 1 2 4 6 3 3 4 0 3 0 1 0 3 1 3 1 2 1 282 0 0 1
10 0 1 0 6 4 3 0 5 3 2 1 6 11 3 0 1 2 1 3 1 421 0 1 0
3 5 10 4 3 2 8 11 2 4 5 6 1 2 4 7 2 1 1 1 3 1 471 2 0 0
3 3 3 1 4 10 1 0 6 9 11 5 4 3 7 2 9 2 1 2 1 3 3 1 2 3 1 2 1 501 3 3 3
10 6 5 1 6 4 2 0 4 0 2 0 3 0 0 3 4 2 3 1 1 3 4 0.5 5 0.25 6 0.25 197 2 1 1
10 8 6 0 6 6 4 0 4 3 4 6 0 0 0 7 4 2 1 2 3 1 1 1 247 1 2 1
10 9 7 1 3 7 6 5 1 1 4 5 2 2 2 3 1 1 1 2 1 277 1 0 0
3 7 2 0 5 4 3 0 11 3 0 3 0 3 0 0 3 3 1 2 1 1 1 333 1 1 1
1 1 1 5 3 4 2 8 0 7 5 4 0 10 11 3 2 3 2 1 2 1 473 0 1 1
2 3 3 3 0 5 6 3 3 9 7 3 3 10 11 1 1 3 1 3 1 523 0 0 1
1 4 4 2 3 2 6 1 10 6 8 2 2 9 11 3 7 2 1 1 1 3 2 3 1 1 1 553 3 2 2
3 7 11 0 3 3 4 0 2 1 0 0 2 0 0 2 9 2 3 2 1 3 3 1 1 1 1 3 1 374 4 2 3
0 2 0 0 3 4 4 6 3 6 4 11 9 8 4 2 4 1 1 1 2 1 3 1 429 3 1 0
1 0 0 3 4 0 0 0 5 7 0 0 10 11 5 3 2 2 1 1 2 1 479 1 1 0
3 2 0 0 3 1 0 2 8 5 4 0 10 11 5 4 8 3 3 2 1 1 3 2 3 1 1 1 509 2 2 4
0 0 3 0 0 0 0 1 0 3 5 3 3 6 11 1 1 2 1 2 1 322 0 1 0
1 3 0 0 4 3 1 2 7 4 1 0 9 11 6 3 1 2 1 2 1 372 0 1 0
0 4 1 0 0 1 3 3 2 9 7 3 9 11 6 2 4 2 3 2 1 1 1 1 422 1 2 1
2 6 2 0 2 8 4 4 6 1 5 1 10 7 11 4 3 1 1 2 3 4 0.54545454545454541 5 0.27272727272727271 6 0.1818181818181818 452 2 1 0
0 3 5 11 1 2 4 6 0 2 0 0 0 3 0 0 5 1 3 2 3 3 1 1 1 309 1 1 3
9 11 6 4 8 7 5 4 3 2 5 2 0 1 0 1 10 2 2 2 1 2 3 1 1 3 1 1 3 1 417 4 4 2
10 9 11 4 3 7 6 3 3 2 1 3 2 3 1 0 0 1 3 1 467 0 0 0
10 9 11 6 6 8 6 5 1 2 4 9 1 3 3 4 9 3 2 3 1 1 1 2 2 2 1 3 1 497 3 4 2
2 4 3 1 11 6 5 3 7 3 0 2 1 2 0 0 2 3 3 1 1 1 329 0 0 2
2 0 1 0 5 3 3 2 11 4 3 0 10 6 4 1 7 3 2 1 1 3 2 2 1 1 1 414 2 3 2
0 0 3 0 1 2 3 2 11 6 3 3 10 9 6 1 6 2 1 1 1 2 2 1 3 1 464 3 3 0
0 1 0 3 4 4 0 0 11 8 4 0 10 9 3 3 0 1 2 1 494 0 0 0
0 0 3 3 1 0 5 4 0 4 3 6 0 2 3 11 7 1 2 3 1 1 2 2 1 3 1 330 3 3 1
3 4 5 9 2 6 4 11 0 3 0 5 0 1 0 3 1 3 1 3 1 400 0 0 1
0 2 1 10 4 5 5 11 0 4 6 2 3 5 3 3 1 3 1 1 1 450 0 0 1
4 4 7 10 0 1 9 11 3 5 5 2 3 7 0 0 11 2 3 2 2 3 1 3 2 1 1 1 3 5 0.37499999999999994 6 0.24999999999999994 7 0.37499999999999994 480 4 4 3
3 6 8 10 4 4 6 9 3 2 4 7 0 1 2 5 0 1 1 1 314 0 0 0
0 0 1 3 1 0 6 11 0 4 5 7 2 2 4 6 3 3 3 2 1 1 1 348 0 1 2
2 3 0 1 2 1 4 4 3 4 6 11 3 3 4 8 11 1 1 3 3 2 1 2 3 3 1 2 1 2 1 364 4 3 4
3 0 0 3 2 1 4 6 1 7 5 11 2 4 6 10 11 2 1 3 3 3 2 1 3 2 1 1 1 2 1 394 4 3 4
2 1 0 0 3 1 0 0 6 5 0 0 7 11 3 2 5 2 3 1 1 2 1 3 1 355 2 2 1
0 0 0 1 2 2 1 0 5 4 1 0 8 11 5 2 9 3 3 2 3 1 2 2 3 1 1 1 1 375 2 3 4
1 2 0 1 7 3 0 0 7 6 2 3 9 11 6 1 10 1 1 2 3 1 3 2 2 3 3 1 2 1 425 3 3 4
7 2 1 0 6 5 1 3 8 7 5 3 9 11 5 6 6 3 1 1 3 2 2 1 2 1 455 2 2 2
11 0 3 2 4 5 0 0 3 3 0 0 3 1 0 0 2 3 3 1 3 1 303 0 0 2
0 4 11 9 1 2 3 5 0 0 1 4 0 2 0 0 0 1 3 1 357 0 0 0
3 2 11 10 1 6 5 7 3 3 5 0 2 0 3 1 2 3 1 1 2 1 407 1 0 1
3 2 11 10 0 4 7 8 3 8 3 4 2 3 1 0 9 1 3 1 3 2 2 1 2 1 1 3 1 437 4 3 2
3 1 3 0 5 2 2 0 11 3 1 3 0 0 3 0 10 1 1 3 2 1 2 2 2 1 3 1 3 1 282 4 4 2
3 4 6 10 0 3 5 11 3 0 4 6 1 0 0 7 0 1 2 1 428 0 0 0
3 5 9 10 1 0 6 11 0 3 4 6 2 0 3 4 11 1 1 3 3 2 1 3 2 2 3 1 1 2 1 478 4 3 4
0 4 9 10 0 4 8 11 2 3 7 1 1 3 2 3 7 2 1 3 3 2 1 1 1 2 1 508 3 2 2
4 3 0 0 11 5 1 3 6 7 4 3 3 2 6 0 10 1 2 3 1 2 2 2 1 1 3 1 3 1 320 4 4 2
0 0 0 1 2 2 4 3 11 7 2 0 9 8 6 5 4 1 1 2 1 1 3 1 399 3 1 0
1 2 3 0 6 4 0 3 11 5 3 0 10 7 1 0 2 2 1 1 2 1 449 1 1 0
3 3 2 4 3 1 4 7 11 5 4 8 10 9 5 4 11 2 1 2 1 3 3 3 3 2 2 1 1 1 1 479 3 4 4
0 0 0 3 0 0 2 1 0 4 6 4 2 3 4 11 10 3 2 3 2 1 2 1 1 1 3 3 4 0.54545454545454541 5 0.27272727272727271 6 0.1818181818181818 335 4 3 3
3 8 10 3 5 7 6 11 5 1 1 3 3 2 0 1 3 2 1 2 1 2 1 444 1 2 0
3 1 2 4 2 1 9 11 1 4 8 10 2 3 4 1 3 2 2 3 1 1 1 494 0 2 1
4 5 6 4 3 7 7 3 3 4 9 11 1 2 8 10 11 3 1 3 3 2 1 1 1 2 2 2 1 3 1 524 4 4 3
7 5 1 4 2 0 1 11 0 0 1 3 0 0 0 1 3 2 2 3 1 2 1 288 0 2 1
5 3 3 1 11 4 3 2 9 6 3 0 6 4 0 3 3 2 2 1 1 1 1 338 1 2 0
9 1 11 4 9 3 2 3 2 4 3 3 0 5 3 0 2 1 2 1 1 1 388 1 1 0
10 11 2 3 9 7 5 6 7 4 4 3 1 1 5 0 0 1 2 1 418 0 0 0
0 0 0 3 0 11 5 3 0 3 4 3 1 2 3 3 7 2 3 2 1 1 3 1 1 2 1 330 3 2 2
0 2 1 0 4 3 3 0 11 5 4 0 10 6 7 2 0 1 1 1 463 0 0 0
4 3 1 3 7 6 2 2 11 8 1 1 10 8 0 0 1 3 1 2 1 513 0 0 1
2 0 1 2 3 6 3 0 11 8 4 4 10 9 6 5 9 3 3 1 3 2 2 1 1 2 1 1 1 543 3 3 3
0 0 0 5 1 3 1 5 0 11 1 2 0 2 6 3 7 3 1 2 1 2 3 3 1 2 1 287 2 2 3
7 5 11 6 4 4 7 5 1 3 4 7 2 2 3 4 3 2 1 3 1 1 1 307 1 1 1
9 8 11 4 7 5 3 1 2 1 4 3 0 0 3 1 3 3 3 2 1 2 1 357 0 1 2
10 11 7 4 8 7 5 3 1 2 3 0 2 2 1 0 1 3 1 1 1 387 0 0 1
4 3 5 11 0 4 3 0 0 0 5 0 0 0 2 2 9 3 3 1 3 1 1 1 3 2 1 2 1 342 4 1 4
0 0 2 5 1 2 4 11 2 3 6 8 0 3 7 6 4 3 3 3 1 1 1 1 397 1 0 3
0 0 11 3 2 3 10 3 0 0 5 4 1 2 3 3 4 3 1 2 3 1 1 1 447 1 1 2
3 1 2 10 1 1 3 11 3 3 2 3 2 6 7 2 10 2 2 3 1 1 3 3 2 1 3 1 1 1 477 3 3 4
3 4 1 2 5 4 3 0 11 5 3 0 4 0 0 0 2 1 3 1 2 1 350 1 0 1
10 8 2 0 11 6 5 0 6 5 3 2 5 3 3 0 8 1 2 1 3 3 3 2 1 1 1 1 458 3 2 3
10 9 7 5 11 7 3 3 2 3 3 0 2 1 1 0 8 3 1 2 1 2 1 3 2 1 3 1 508 3 3 2
10 9 7 5 11 8 5 1 6 5 2 2 0 3 2 0 4 1 1 2 1 1 3 1 538 3 1 0
1 0 2 3 4 3 4 3 0 3 6 11 0 0 0 2 6 3 1 3 1 2 1 1 2 1 322 3 1 2
3 8 7 9 1 1 6 11 2 2 4 7 3 4 5 2 2 2 1 1 1 1 415 1 1 0
8 0 0 10 3 5 8 11 0 3 7 5 1 1 2 1 2 2 2 1 3 1 465 0 2 0
8 6 9 10 0 5 8 11 2 4 4 6 0 0 1 3 11 2 1 2 1 2 3 3 3 1 2 3 1 1 1 495 3 4 4
5 11 3 2 4 3 5 0 3 4 1 0 0 0 3 0 4 2 2 1 1 1 3 1 332 2 2 0
3 6 11 10 0 5 6 7 0 3 3 6 3 2 3 4 9 1 2 3 1 2 2 1 1 3 1 3 1 477 4 3 2
3 4 11 10 0 0 5 9 1 2 4 7 1 0 2 1 8 1 2 1 2 3 3 3 3 1 2 1 527 2 2 4
3 6 11 10 1 2 7 9 2 2 8 5 1 0 3 4 4 3 2 3 1 1 1 1 557 1 1 2
0 2 0 0 6 4 0 0 7 4 1 1 10 9 8 5 0 1 2 1 319 0 0 0
0 2 0 3 1 1 0 0 3 4 3 0 11 6 0 0 3 3 2 3 1 3 1 340 0 1 2
0 3 3 5 1 1 5 11 0 3 3 9 0 2 0 5 0 1 2 1 369 0 0 0
0 1 6 11 0 3 6 9 2 2 3 8 0 0 1 2 8 3 1 1 3 1 2 2 3 3 4 0.54545454545454541 5 0.27272727272727271 6 0.1818181818181818 399 3 2 3
10 0 3 3 9 7 7 3 8 4 2 1 7 7 4 1 8 1 1 2 2 3 3 1 2 1 2 1 318 3 3 2
3 0 0 0 1 3 3 0 0 8 4 2 11 5 1 2 4 1 1 2 2 1 3 1 322 2 2 0
3 0 1 0 5 3 2 0 8 7 3 1 9 11 8 3 0 1 2 1 368 0 0 0
0 3 3 1 4 8 5 1 7 6 2 0 10 11 8 4 9 3 1 2 1 1 3 2 2 3 1 2 1 398 3 3 3
3 3 4 3 11 5 1 0 3 2 0 0 1 0 0 0 0 1 2 1 261 0 0 0
3 7 11 9 3 4 6 8 2 6 7 6 3 3 3 4 0 1 1 1 364 0 0 0
4 7 11 10 0 2 6 9 1 3 3 5 0 0 0 3 11 3 2 3 3 2 1 1 2 1 3 1 1 2 1 414 4 3 4
2 6 11 10 4 6 8 9 1 2 4 3 1 0 0 1 6 2 3 2 1 3 2 1 1 1 444 1 3 2
3 0 0 0 3 3 3 3 7 5 3 0 10 9 8 6 11 2 1 2 3 1 3 1 3 3 2 2 1 1 1 260 3 4 4
0 0 3 0 0 4 3 1 3 5 7 3 3 11 5 8 6 3 2 1 3 1 2 1 2 1 293 2 2 2
3 3 4 1 1 7 8 4 4 6 6 1 2 11 1 2 1 2 1 2 1 310 0 1 0
5 4 8 3 2 4 3 1 0 2 3 9 1 1 0 11 8 2 3 1 2 3 3 3 2 1 1 1 340 1 3 4
0 3 1 0 1 3 3 0 4 6 7 0 3 6 11 3 3 2 1 2 1 2 1 327 1 2 0
2 0 3 1 4 3 1 0 6 5 2 3 10 11 6 5 4 2 1 2 3 1 1 1 450 1 2 1
3 3 0 3 6 5 4 2 8 8 5 3 10 11 2 1 6 3 1 3 1 2 1 1 2 1 500 3 1 2
1 3 0 3 3 5 3 2 9 8 5 1 10 11 2 1 1 3 1 2 1 530 0 0 1
3 0 0 3 4 3 2 0 5 4 0 0 11 6 2 0 5 1 2 1 1 3 1 3 1 298 3 1 1
10 7 5 2 11 6 4 1 5 4 6 0 4 3 3 3 8 1 2 1 1 3 2 3 3 1 2 1 422 3 2 3
10 9 5 3 11 7 5 2 1 4 1 1 0 0 3 0 8 2 1 2 1 3 2 2 3 1 3 1 472 2 4 2
10 9 4 2 11 8 4 3 4 7 5 0 1 4 4 0 5 2 3 1 1 3 1 2 1 502 2 1 2
2 0 0 0 4 0 0 1 3 6 5 2 11 5 0 0 2 1 2 1 1 1 300 1 1 0
2 3 2 3 0 1 2 6 4 4 5 7 1 6 11 10 2 1 1 1 2 1 461 2 0 0
0 2 0 1 0 2 3 3 1 5 7 9 5 7 11 10 1 3 1 3 1 511 0 0 1
2 3 3 4 3 4 6 7 0 4 8 9 0 2 11 10 8 1 3 1 3 1 2 1 3 1 2 1 541 4 1 3
2 0 1 11 0 2 7 4 3 1 1 3 0 3 2 3 0 1 3 1 337 0 0 0
9 8 11 5 7 6 5 3 4 3 0 3 1 0 1 0 6 2 1 2 1 2 3 1 2 1 419 2 3 1
3 10 11 1 5 7 6 0 1 3 6 2 2 3 3 1 6 3 3 3 2 1 3 1 2 1 469 1 1 4
10 11 5 1 6 8 5 3 3 6 3 1 5 3 3 3 1 2 1 2 1 499 0 1 0
11 4 4 1 6 5 3 0 0 1 0 0 2 3 0 0 3 2 3 1 1 2 1 312 1 1 1
3 11 7 5 1 3 1 4 2 1 1 2 0 0 0 3 2 2 2 1 3 1 325 0 2 0
2 3 11 9 1 5 5 7 0 4 4 3 0 2 0 0 3 3 1 1 1 2 1 375 2 0 1
2 6 11 9 7 4 8 0 3 5 1 0 3 8 7 2 0 1 1 1 405 0 0 0
11 4 4 2 5 7 3 0 0 3 0 0 1 1 0 0 5 3 3 2 3 1 1 2 1 332 1 1 3
7 6 3 0 8 4 1 0 11 3 2 2 5 0 0 1 7 3 3 2 1 3 1 3 1 2 1 390 2 1 4
9 8 0 1 11 7 4 0 6 5 4 0 4 3 3 2 7 2 2 3 3 1 1 1 1 2 1 440 3 2 2
10 6 2 0 11 5 3 0 5 4 2 1 1 3 8 3 2 3 3 1 3 1 470 0 0 2
1 2 0 0 1 5 0 0 3 4 3 0 11 3 1 2 0 1 2 1 326 0 0 0
0 2 0 1 6 3 3 0 7 5 4 4 9 11 3 1 7 3 2 2 3 1 1 3 1 2 1 419 2 2 3
1 4 5 0 3 4 9 4 10 11 4 3 3 2 4 5 11 2 2 3 1 3 1 2 2 1 3 1 1 3 1 469 4 4 3
3 5 3 2 3 10 7 1 5 9 11 7 0 3 5 2 8 2 3 1 3 3 2 3 1 1 1 1 499 2 2 4
3 3 6 6 0 1 2 11 0 0 0 3 1 0 0 0 4 2 2 1 3 1 3 1 274 1 2 1
4 6 7 9 2 4 6 11 1 0 3 6 0 2 2 0 2 1 1 3 4 0.54545454545454541 5 0.27272727272727271 6 0.1818181818181818 366 2 0 0
2 4 8 10 2 1 4 11 0 3 2 7 1 0 0 8 5 1 3 3 3 1 1 2 1 416 2 0 3
3 1 8 10 1 3 7 11 3 4 5 7 3 8 2 8 0 1 2 1 446 0 0 0
5 8 11 3 4 6 3 0 3 0 2 0 3 1 0 0 10 3 1 2 2 3 1 1 1 3 2 1 2 1 313 4 3 3
9 11 5 1 6 5 4 0 4 3 3 3 1 3 0 0 1 2 1 2 1 370 0 1 0
9 11 2 3 8 7 3 0 5 4 4 0 1 5 8 3 3 2 1 2 1 1 1 420 1 2 0
10 11 4 2 5 6 3 2 3 8 5 0 8 1 1 0 11 3 1 1 1 2 3 3 2 2 3 2 1 1 1 450 3 4 4
0 1 0 0 3 2 0 0 3 6 4 3 3 8 11 3 6 1 1 2 3 1 2 1 2 1 353 3 2 1
1 4 5 1 0 4 7 9 2 2 7 11 0 8 0 4 11 3 3 1 2 3 3 1 2 2 1 1 1 2 1 411 4 3 4
3 5 6 10 0 4 7 11 1 4 6 5 0 0 1 2 10 2 1 2 2 3 3 1 2 3 1 1 3 1 461 3 4 3
2 3 8 10 3 7 7 11 0 4 3 6 0 0 1 5 6 3 1 3 1 2 2 3 6 0.1818181818181818 7 0.27272727272727271 8 0.54545454545454541 491 2 2 2
11 5 0 1 2 5 4 0 3 1 3 0 3 3 1 0 5 3 1 2 2 2 1 3 1 311 1 3 1
4 7 11 9 0 4 6 5 0 3 5 8 1 3 3 3 4 2 2 3 3 1 1 1 435 0 2 2
5 7 11 10 0 5 6 7 0 3 7 8 2 1 1 3 6 2 3 2 1 3 1 1 2 1 485 2 2 2
2 1 11 10 2 4 8 9 1 0 6 6 2 0 3 4 1 1 3 6 0.1818181818181818 7 0.27272727272727271 8 0.54545454545454541 515 1 0 0
1 2 4 4 3 3 5 11 0 0 0 3 0 0 2 0 7 2 1 3 1 3 1 2 1 3 1 314 3 2 2
0 7 0 8 3 6 7 11 2 1 7 3 3 4 4 2 4 1 1 3 2 1 3 1 382 2 1 1
2 5 7 10 3 5 6 11 0 2 4 6 3 0 4 4 4 1 3 2 1 1 1 1 432 2 1 1
2 4 9 10 2 5 1 11 0 4 1 8 1 0 0 3 0 1 2 1 462 0 0 0
3 0 0 0 0 0 3 2 2 3 4 1 1 4 7 11 10 2 3 3 3 1 1 1 2 2 2 1 1 1 342 3 4 3
2 0 0 0 1 1 0 1 5 3 4 0 5 8 11 2 6 1 2 3 1 2 2 1 3 1 371 2 3 1
7 3 2 0 6 7 3 0 8 5 1 1 9 11 6 0 9 3 3 1 1 1 2 3 2 2 1 2 1 421 3 3 3
3 3 4 1 4 1 1 4 0 7 9 11 0 0 10 1 5 2 2 2 3 2 1 3 1 451 0 4 1
2 2 3 6 1 4 4 11 0 1 2 0 0 1 0 0 11 1 1 3 2 1 2 2 3 1 3 3 1 2 1 312 4 3 4
3 7 7 9 2 5 6 11 4 3 4 6 0 1 1 4 7 2 2 3 1 1 2 2 1 1 1 440 2 4 1
4 6 7 10 1 1 6 11 0 2 3 6 0 3 0 3 7 2 3 2 1 3 3 2 1 1 1 490 1 3 3
0 1 0 1 3 2 9 10 3 3 3 11 2 5 6 3 4 3 1 2 1 1 2 1 520 2 1 1
11 7 4 0 4 8 2 0 6 5 3 2 1 2 0 0 3 1 1 3 1 3 1 348 2 0 1
3 9 11 3 6 1 4 2 3 0 3 3 0 2 0 0 2 1 1 1 2 1 362 2 0 0
9 11 8 4 8 7 3 0 1 7 3 0 1 2 2 3 3 3 3 2 1 1 1 412 0 1 2
10 11 8 4 8 4 0 0 1 4 3 0 1 2 2 3 11 1 1 1 3 1 3 3 2 2 2 3 1 2 1 442 4 3 4
5 7 8 10 4 4 7 3 3 3 0 0 0 0 0 1 9 2 3 1 3 2 2 1 3 2 1 1 1 242 2 4 3
3 8 9 10 0 2 3 6 1 2 0 0 0 0 1 0 7 2 3 1 3 3 1 3 1 2 1 292 2 1 4
5 8 9 10 3 3 6 7 0 2 4 4 4 0 0 2 4 3 1 3 1 3 4 0.5 5 0.25 6 0.25 322 2 0 2
4 8 9 10 2 0 5 4 2 0 1 4 0 0 0 3 2 1 2 1 1 1 255 1 1 0
0 3 0 2 1 0 0 11 0 0 4 6 0 2 1 4 1 2 1 1 1 282 0 1 0
4 0 3 5 0 3 5 11 0 0 3 7 0 3 1 2 3 3 1 3 1 2 1 305 1 0 2
0 3 0 3 0 3 3 11 0 3 6 8 1 3 5 3 10 2 2 1 1 3 2 3 1 2 3 3 4 0.54545454545454541 5 0.27272727272727271 6 0.1818181818181818 335 3 4 3
0 1 6 10 0 4 5 7 1 1 4 5 3 3 4 2 2 2 2 1 3 1 214 0 2 0
0 4 2 10 0 1 6 9 0 1 3 7 3 1 0 4 3 2 2 2 1 1 1 264 0 3 0
2 3 4 10 3 4 5 9 0 4 6 8 0 3 7 6 0 1 1 1 294 0 0 0
5 8 11 0 4 6 7 3 4 0 2 3 0 0 1 0 1 2 1 1 1 315 0 1 0
9 11 5 3 8 5 3 1 7 2 2 0 4 0 1 2 10 1 3 2 2 1 3 3 1 1 2 1 3 1 369 4 3 3
10 11 6 4 3 4 1 6 0 2 5 8 2 3 0 5 9 1 2 1 1 3 1 2 3 3 1 2 1 419 4 2 3
10 11 3 4 4 5 6 7 3 4 5 8 1 2 6 4 3 3 1 2 1 3 1 449 1 1 1
0 0 0 1 0 2 2 4 3 3 3 6 10 9 8 6 2 1 1 1 2 1 286 2 0 0
1 4 2 0 3 0 0 0 4 3 5 2 11 0 0 1 11 2 1 1 3 3 1 2 2 2 3 1 1 3 1 315 4 4 3
3 3 0 2 5 4 0 0 7 5 4 2 8 11 5 3 5 2 1 1 3 1 1 3 1 336 3 1 1
0 4 4 1 2 5 4 2 8 5 4 3 9 11 5 3 0 1 1 1 366 0 0 0
2 3 6 11 0 1 4 2 1 3 0 0 0 0 1 0 7 1 2 2 2 3 3 1 1 3 1 342 2 3 2
3 4 8 8 0 4 3 11 0 0 3 6 3 0 0 7 11 3 1 3 1 1 3 2 2 2 1 2 1 3 1 403 4 4 3
4 6 8 9 1 5 7 11 2 4 2 0 3 3 1 1 10 2 3 3 2 1 1 3 3 2 1 1 2 1 453 3 3 4
3 5 8 10 0 2 6 11 1 0 5 5 2 0 0 4 5 1 1 1 2 2 1 3 1 483 3 2 0
0 2 5 11 0 2 6 4 0 0 3 4 3 0 2 2 5 1 3 1 3 1 1 1 1 332 3 0 2
8 8 11 6 6 7 5 4 5 3 3 3 2 0 1 0 5 2 2 1 3 1 1 3 1 398 2 2 1
9 11 7 3 8 6 5 0 6 5 1 3 5 1 0 0 3 2 3 2 1 3 1 448 0 2 1
10 11 6 4 8 6 4 4 3 3 3 3 0 0 1 2 1 1 1 2 1 478 1 0 0
2 4 3 3 0 1 4 6 0 0 5 11 0 0 3 2 5 3 3 1 1 2 3 5 0.37499999999999994 6 0.24999999999999994 7 0.37499999999999994 300 2 1 2
6 5 6 10 1 1 5 11 3 2 3 5 0 0 2 4 11 1 1 1 2 3 3 2 2 3 3 2 1 1 1 419 3 4 4
1 2 8 10 0 6 6 11 3 3 5 6 1 2 3 4 9 2 1 3 3 3 2 2 3 1 1 1 1 469 2 3 4
3 5 9 10 2 3 6 11 0 0 5 5 0 1 2 1 3 1 2 2 1 1 1 499 1 2 0
7 0 0 0 0 1 3 0 11 2 1 3 6 6 3 2 3 3 2 3 1 1 1 278 0 1 2
6 9 8 0 3 6 3 0 11 4 1 2 2 4 0 0 2 3 3 1 1 1 342 0 0 2
8 5 6 10 11 3 7 0 4 4 3 1 2 2 1 0 3 2 1 2 1 1 1 392 1 2 0
3 11 9 10 3 4 7 0 4 3 8 2 3 0 3 1 11 1 3 2 2 2 3 1 2 3 1 3 1 1 1 422 3 4 4
0 0 2 0 0 0 1 2 2 3 4 0 1 7 11 0 5 3 1 3 3 2 1 1 1 314 1 1 3
3 0 2 0 4 1 3 0 7 7 4 1 8 11 5 4 6 2 1 2 2 1 3 1 3 1 375 2 3 1
3 0 0 0 4 1 2 1 4 5 6 3 10 11 7 6 8 1 3 1 3 3 2 2 2 1 3 1 425 2 3 3
2 4 3 3 6 5 3 2 7 6 1 1 10 11 7 6 3 1 2 3 1 3 1 455 1 1 1
1 1 0 0 2 5 2 1 4 11 3 0 4 2 3 0 0 1 3 1 316 0 0 0
0 0 2 0 4 5 1 1 6 5 3 2 10 11 4 3 1 3 1 3 1 451 0 0 1
2 3 1 3 0 1 3 0 8 7 5 3 10 11 6 4 3 1 3 2 1 2 1 501 1 1 1
3 2 1 3 5 6 3 0 9 8 5 3 10 11 7 6 0 1 3 1 531 0 0 0
1 2 0 3 6 3 4 1 11 5 5 1 2 4 0 0 1 2 1 3 1 327 0 1 0
10 3 1 2 11 4 3 0 9 7 3 0 6 3 0 0 1 1 1 2 1 471 1 0 0
10 8 0 2 11 7 1 1 9 6 7 4 3 3 6 4 3 3 2 3 3 5 0.37499999999999994 6 0.24999999999999994 7 0.37499999999999994 521 0 1 2
10 9 2 1 11 8 3 2 3 9 5 4 1 8 6 2 10 3 1 2 1 3 3 2 3 1 2 1 1 1 551 3 3 4
4 1 2 3 0 11 3 1 2 3 7 4 3 0 2 0 4 1 2 1 3 1 3 1 320 2 1 1
0 0 1 0 5 4 1 3 11 7 4 1 9 5 4 3 6 3 3 2 1 2 2 1 2 1 392 1 3 2
0 3 0 3 8 7 3 2 11 6 4 2 9 8 5 3 5 1 1 2 2 1 1 1 1 442 3 2 0
5 3 1 0 8 6 2 2 11 5 3 2 10 7 5 3 1 1 1 1 1 472 1 0 0
11 5 5 3 0 6 1 2 5 5 4 2 0 1 0 2 8 3 3 1 3 2 1 1 2 1 3 1 358 3 2 3
10 7 6 3 11 6 3 1 6 3 0 0 4 4 3 0 2 2 1 1 2 1 513 1 1 0
6 11 10 3 0 9 7 5 0 1 3 5 2 0 1 3 3 3 3 2 1 3 1 563 0 1 2
1 4 11 10 9 7 5 4 7 6 5 2 2 4 3 3 9 3 1 1 3 3 1 2 2 2 1 1 1 593 3 3 3
11 6 0 0 6 3 1 1 6 2 2 0 3 3 0 0 1 2 1 1 1 294 0 1 0
4 2 0 1 6 4 0 2 11 6 4 0 9 8 6 4 0 1 1 1 359 0 0 0
1 0 2 3 4 3 2 1 11 6 4 0 10 9 7 1 1 3 1 2 1 409 0 0 1
4 3 0 1 6 5 2 0 11 8 3 2 10 9 4 3 7 2 2 1 1 3 3 3 1 1 1 439 2 2 3
4 11 5 0 1 4 4 2 2 2 0 0 0 0 1 0 10 3 3 1 1 3 3 1 2 1 2 1 2 1 348 4 2 4
1 11 7 3 4 6 6 3 0 1 2 0 2 0 0 0 2 1 3 1 2 1 381 1 0 1
4 6 11 9 3 8 6 4 5 5 5 4 2 3 3 2 2 3 1 1 1 1 431 1 0 1
0 3 1 0 3 4 11 0 3 4 7 10 4 2 3 1 9 2 3 3 2 1 2 3 1 2 1 1 1 461 2 4 3
3 4 11 6 0 3 5 4 0 0 1 3 0 0 0 2 11 1 1 3 3 1 3 1 2 2 2 2 1 3 1 316 4 4 3
0 6 11 9 1 2 4 6 0 2 4 6 0 0 3 3 6 3 1 1 2 1 2 1 3 1 371 3 2 1
3 6 11 10 2 1 6 7 3 0 1 2 9 2 1 0 9 3 2 1 3 2 1 2 1 3 1 3 1 421 3 3 3
1 4 10 2 4 3 11 2 3 8 6 2 3 1 9 6 3 1 2 1 1 3 1 451 2 1 0
3 0 4 5 0 1 3 4 0 0 3 7 0 2 4 11 8 3 1 2 1 3 2 1 2 1 3 1 368 3 3 2
0 4 7 9 0 3 5 11 1 3 4 6 0 2 0 0 3 1 2 3 1 3 1 423 1 1 1
4 7 8 9 3 2 7 11 1 5 4 3 0 2 3 0 2 2 1 1 1 1 473 1 1 0
0 4 6 10 0 8 5 11 1 4 4 6 0 0 1 5 9 2 2 3 3 3 1 2 2 3 1 1 1 503 1 4 4
10 6 4 3 5 4 0 3 4 0 3 0 3 0 0 1 6 2 1 2 1 1 2 1 2 1 195 3 3 0
10 0 3 0 8 3 3 2 6 3 4 0 5 5 3 1 5 2 1 1 2 3 1 3 1 245 2 2 1
10 5 1 2 9 6 4 3 5 7 0 1 3 1 2 0 2 2 1 1 2 1 275 1 1 0
3 6 4 3 11 4 5 3 6 0 0 0 0 0 0 1 3 2 3 2 1 1 1 310 0 2 1
0 0 2 2 1 3 4 4 3 7 6 4 4 11 9 5 3 1 1 3 1 2 1 385 2 0 1
0 3 3 3 2 4 3 4 0 0 3 9 3 3 11 9 2 3 1 1 3 1 435 1 0 1
0 1 0 2 2 3 4 4 0 0 7 8 0 6 11 10 10 1 1 3 3 2 3 1 3 2 1 1 2 1 465 4 2 4
0 1 2 0 3 1 7 4 10 7 5 4 0 3 3 0 1 3 1 2 1 202 0 0 1
3 2 0 0 0 3 3 1 4 7 4 2 10 9 5 3 0 1 1 1 252 0 0 0
2 0 0 0 3 2 0 3 5 8 5 3 10 9 7 5 8 1 1 3 2 1 2 3 1 1 3 1 282 4 2 2
3 2 5 0 6 4 2 0 11 1 0 2 0 2 0 0 5 3 1 3 3 1 1 1 1 334 2 0 3
1 0 1 0 5 2 0 0 11 5 5 5 7 9 8 0 9 1 2 2 2 3 1 3 2 3 1 1 1 408 2 4 3
2 11 3 5 10 8 7 4 6 3 5 3 4 1 0 0 0 3 4 0.54545454545454541 5 0.27272727272727271 6 0.1818181818181818 458 0 0 0
10 3 11 6 0 9 6 3 0 2 4 6 1 2 1 4 7 2 1 3 3 2 1 3 1 3 1 488 2 2 3
0 3 0 2 0 2 1 0 4 4 5 3 9 8 8 6 0 1 1 1 178 0 0 0
4 3 0 0 6 4 0 0 8 4 3 2 10 5 3 1 11 1 2 3 2 1 3 1 3 2 1 3 1 2 1 228 4 3 4
6 4 1 2 7 6 1 0 8 5 3 0 10 4 4 0 8 2 3 2 3 2 1 1 3 3 4 0.5 5 0.25 6 0.25 258 2 3 3
0 2 2 0 0 0 3 0 1 4 7 0 0 4 5 11 10 1 3 2 3 2 1 3 3 1 1 1 2 1 316 4 2 4
2 4 7 9 0 3 7 11 0 3 5 6 0 0 4 5 5 1 1 1 3 2 1 2 1 423 3 1 1
4 7 5 10 0 1 6 11 0 4 4 7 1 3 3 5 7 3 2 1 3 2 1 2 1 2 1 473 2 3 2
3 3 5 10 3 6 9 11 0 3 6 8 2 0 1 4 3 1 3 3 1 2 1 503 1 0 2
0 2 0 2 0 0 5 3 0 4 5 2 1 0 5 11 3 1 3 3 1 1 1 336 1 0 2
1 3 0 4 1 3 5 9 4 5 6 8 10 11 6 1 4 1 2 2 2 1 2 1 548 1 3 0
1 3 0 3 0 4 0 8 8 6 8 2 10 11 10 3 5 2 1 3 2 1 1 3 1 598 2 2 1
0 4 3 1 8 6 4 4 8 7 9 3 10 11 10 3 0 1 2 1 628 0 0 0
1 6 7 3 6 0 4 2 11 3 0 0 1 0 0 0 6 3 1 3 1 2 2 1 2 1 298 2 2 2
0 0 0 1 3 3 3 3 8 5 4 3 11 6 3 3 6 2 3 2 1 3 1 1 2 1 322 2 2 2
6 6 4 3 7 4 3 2 9 4 2 0 11 1 0 0 6 1 2 1 3 1 3 1 2 1 372 3 1 2
9 8 6 5 11 7 5 4 2 1 2 0 0 1 2 2 1 1 1 1 1 402 1 0 0
0 0 11 3 2 4 3 7 0 2 2 4 1 1 3 1 4 1 3 3 3 1 2 1 344 1 0 3
2 8 11 1 4 7 6 4 3 4 4 0 0 1 2 2 2 3 1 1 3 1 396 1 0 1
9 11 6 5 7 8 5 4 1 2 1 4 0 0 0 1 2 2 3 1 2 1 446 0 1 1
9 11 3 5 8 8 7 8 5 2 1 3 0 3 0 3 11 2 1 1 2 3 3 3 1 1 2 2 3 5 0.37499999999999994 6 0.24999999999999994 7 0.37499999999999994 476 4 4 3
0 3 1 0 3 1 2 1 11 5 2 0 3 5 3 1 9 3 3 1 2 2 1 3 2 3 1 2 1 320 2 3 4
3 1 0 1 5 4 2 0 8 6 5 4 9 11 7 4 10 3 3 1 2 2 3 2 3 1 1 1 2 1 477 3 3 4
4 4 0 2 7 5 3 0 8 7 5 3 10 11 6 4 10 1 3 2 1 3 3 2 3 1 2 1 1 1 527 3 3 4
8 8 3 0 6 4 2 3 9 7 5 3 10 11 6 4 6 3 1 2 2 1 3 1 1 1 557 2 2 2
0 3 4 3 2 1 5 11 0 2 2 0 0 2 0 0 4 1 3 1 1 1 3 1 341 3 0 1
0 3 10 2 0 3 4 11 2 2 2 8 5 4 1 3 3 3 1 1 1 1 1 504 2 0 1
0 3 3 2 4 0 6 4 2 4 10 11 4 5 7 9 4 3 1 1 2 1 1 1 554 2 1 1
0 1 0 4 1 4 3 7 0 4 10 11 2 4 8 9 10 2 1 2 2 1 3 1 2 3 3 1 3 1 584 3 4 3
0 4 2 3 1 3 3 5 0 3 5 11 0 3 0 3 4 1 1 2 3 1 2 1 334 2 1 1
3 8 7 9 1 5 6 11 4 3 5 7 1 0 4 4 4 1 2 2 2 1 3 1 421 1 3 0
4 6 8 10 2 5 7 11 0 2 1 7 3 0 0 1 4 1 2 1 3 1 2 1 471 2 1 1
4 6 9 10 4 5 7 11 0 4 3 3 1 0 0 0 10 1 2 1 3 2 3 3 2 3 1 1 2 1 501 3 3 4
0 4 0 0 0 0 1 3 2 0 5 11 0 3 3 4 11 2 2 2 1 3 1 2 3 3 1 1 1 3 1 324 4 4 3
1 3 1 4 0 2 5 3 0 0 0 11 0 1 0 5 8 2 2 2 1 3 1 2 3 1 3 1 327 2 4 2
6 9 7 4 3 5 4 6 1 3 6 11 1 2 3 5 11 3 2 1 2 2 1 1 3 3 2 3 3 6 0.1818181818181818 7 0.27272727272727271 8 0.54545454545454541 377 3 4 4
1 3 2 3 3 2 5 6 6 10 11 3 1 0 0 4 5 2 3 2 1 1 1 3 1 407 2 2 1
4 3 4 3 1 5 7 3 1 0 1 11 0 2 2 3 4 2 1 3 2 1 3 1 343 1 2 1
10 11 5 1 4 5 0 0 3 4 0 8 0 0 2 0 8 1 1 2 3 2 2 1 3 1 3 1 462 3 3 2
10 11 9 4 5 5 3 1 4 0 0 2 1 0 0 0 6 2 3 2 3 3 1 1 3 1 512 1 2 3
10 11 9 5 5 6 5 2 6 5 5 2 1 0 1 2 1 3 1 1 1 542 0 0 1
0 6 0 2 0 3 4 1 3 1 2 5 2 3 7 11 2 3 1 1 3 1 338 1 0 1
0 3 1 1 0 0 0 5 1 3 5 11 0 3 6 9 5 2 2 2 2 1 1 3 1 361 1 4 0
2 4 4 7 3 2 5 6 4 5 7 11 3 3 8 10 8 1 2 1 3 2 3 1 3 1 1 1 411 3 2 3
0 2 4 2 0 3 5 8 0 1 7 11 2 5 9 10 3 3 3 1 1 1 1 441 1 0 2
0 1 1 11 2 0 7 2 0 5 1 1 0 0 0 3 2 2 3 1 2 1 302 0 1 1
0 0 1 5 0 0 3 11 2 0 4 8 2 4 6 7 2 2 1 1 1 1 340 1 1 0
2 0 4 0 2 5 6 0 8 8 11 0 3 1 9 7 4 1 3 1 3 1 2 1 390 2 0 2
1 3 4 3 1 5 6 11 0 3 10 9 2 4 3 4 0 1 2 1 420 0 0 0
0 0 2 0 1 4 0 0 11 6 2 0 5 4 4 1 11 2 2 3 1 3 1 1 1 2 3 2 1 3 1 347 4 4 3
4 0 0 1 5 3 3 2 11 5 4 2 9 7 3 3 8 3 3 1 1 3 1 2 3 1 2 1 425 3 1 4
5 0 3 3 6 5 3 1 11 6 4 3 9 8 5 3 7 1 2 3 2 2 1 3 3 6 0.1818181818181818 7 0.27272727272727271 8 0.54545454545454541 475 2 3 2
6 0 4 2 7 5 1 1 11 6 5 4 10 6 8 3 2 2 1 1 2 1 505 1 1 0
0 0 2 3 2 1 4 11 1 3 5 3 0 3 3 3 11 3 1 2 2 2 1 3 1 1 3 2 1 3 1 307 4 4 3
1 4 6 7 0 0 5 11 0 3 1 10 2 0 2 3 2 2 1 1 3 1 418 1 1 0
0 3 9 10 2 3 11 3 0 4 3 8 3 1 1 5 4 2 3 2 1 1 3 1 468 1 2 1
2 0 9 10 3 3 7 11 2 6 4 3 5 9 3 1 0 1 1 1 498 0 0 0
7 3 0 0 11 5 1 0 6 1 3 1 0 0 2 0 2 2 3 1 2 1 304 0 1 1
4 0 3 0 7 3 3 0 11 4 1 0 9 6 3 2 1 1 1 2 1 331 1 0 0
3 2 0 1 7 6 3 0 11 7 2 1 10 6 4 0 4 3 3 1 2 1 3 1 381 1 1 2
3 3 3 0 8 6 3 1 11 9 2 2 10 6 4 4 0 1 1 1 411 0 0 0
3 5 5 11 0 2 6 7 1 0 3 0 2 0 0 0 5 3 1 3 2 1 1 3 1 313 2 1 2
1 0 0 3 0 2 3 5 0 3 5 11 0 4 6 10 7 2 3 1 3 1 2 3 1 3 1 434 2 2 3
1 0 0 3 1 0 0 4 1 4 6 11 5 6 9 10 7 3 1 3 2 3 2 2 1 2 1 484 1 3 3
3 0 0 2 3 0 3 3 3 5 8 11 5 7 9 10 3 3 3 1 3 5 0.37499999999999994 6 0.24999999999999994 7 0.37499999999999994 514 1 0 2
