23110002 851 10 2 3 2 3 3 2 2 1 1 1 1 0 1 1 0 0 0 0 3 4 3 0 13 8 4 0 1 5 3 2 4 3 3 0 0 3 0
23110004 880 10 1 2 3 3 1 1 3 1 3 2 1 0 2 1 0 0 0 0 4 2 4 0 0 2 0 0 0 1 4 4 1 3 2 2 3 4 13
23110005 824 0 1 0 2 1 0 0 0 0 0 0 0 4 6 3 0 4 1 5 2 13 3 0 1 3 3 0 0
23110007 995 11 2 2 2 3 1 1 3 3 1 1 2 1 0 3 1 0 0 0 0 4 4 3 3 13 3 0 1 1 6 2 3 3 2 0 2 6 3 1
23110008 797 4 3 1 2 3 1 0 2 1 0 0 0 0 1 1 2 0 3 4 0 4 2 3 1 1 7 4 1 3 13 3 2
23110009 968 5 3 1 2 3 1 1 0 2 1 0 0 0 0 2 1 2 6 7 2 0 13 5 3 0 1 4 1 3 2 0 0 0
23110010 867 6 3 1 2 1 2 3 1 0 2 1 0 0 0 0 2 2 2 13 2 6 1 3 5 3 0 4 5 0 0 0 1 0 0
23110012 909 8 3 1 3 1 3 2 2 1 1 0 3 1 0 0 0 0 3 2 3 0 3 13 4 0 2 3 4 3 1 6 2 2 0 1 0
23110013 970 0 1 0 2 1 0 0 0 0 0 0 0 0 1 4 0 1 6 2 3 0 7 7 9 2 4 1 13
23110014 917 1 2 1 0 2 1 0 0 0 0 0 1 0 3 0 0 2 1 4 1 0 3 6 3 1 3 13 3 0
23110018 905 9 3 3 1 3 2 1 3 1 2 1 0 2 1 0 0 0 0 3 2 4 0 2 6 13 1 3 4 3 0 2 1 1 2 0 0 0
23110019 839 8 3 1 3 3 1 1 3 2 1 0 1 1 0 0 0 0 3 1 4 0 0 2 0 3 0 3 0 4 5 5 0 13 8 2 2
23110020 992 5 1 3 3 1 2 1 0 2 1 0 0 0 0 2 1 2 2 2 1 0 3 0 7 0 4 3 3 0 3 13 4 1
23110021 876 10 2 2 3 3 1 2 1 1 3 1 1 0 2 1 0 0 0 0 4 3 3 13 7 3 0 3 5 2 0 3 9 1 3 3 3 0 0
23110022 878 1 2 1 0 1 1 0 0 0 0 0 1 0 7 0 2 0 13 3 4 0 3 1 2 2 1 4 4 1
23110024 971 6 2 3 1 3 3 1 1 0 2 1 0 0 0 0 2 1 3 4 0 0 0 5 7 1 0 3 2 6 1 13 8 2 0
23110025 887 5 2 2 3 1 3 1 0 3 1 0 0 0 0 1 2 2 0 1 4 4 1 6 13 2 0 3 2 3 2 5 1 1
23110027 934 8 3 2 1 2 3 2 1 3 1 0 1 1 0 0 0 0 2 3 3 1 1 13 2 7 3 1 3 3 2 5 2 3 3 0 0
23110030 910 10 3 2 2 1 2 3 3 3 1 1 3 1 8 0.33333333333333331 9 0.33333333333333331 10 0.33333333333333331 3 3 4 13 3 6 0 3 5 3 2 9 3 4 3 1 3 0 0
23110031 895 0 1 0 1 1 0 0 0 0 0 0 0 0 3 0 2 13 7 0 2 8 5 5 1 5 3 4 0
23110032 946 1 1 1 0 2 1 0 0 0 0 1 0 0 0 0 2 0 5 3 0 0 8 6 3 3 13 4 3 1
23110033 970 10 1 2 3 3 1 2 3 1 3 2 1 0 2 1 0 0 0 0 3 3 4 13 3 5 3 5 3 0 0 3 0 0 0 1 0 0 0
23110037 847 7 3 1 2 1 1 3 3 1 0 2 1 0 0 0 0 3 1 3 3 0 0 0 0 8 5 0 4 3 2 1 2 3 13 0
23110038 818 2 3 2 3 1 7 0.33333333333333331 8 0.33333333333333331 9 0.33333333333333331 0 1 1 13 2 4 1 3 6 4 3 2 8 1 0 1 4 0 0
23110039 948 1 3 1 0 1 1 0 0 0 0 0 0 1 2 0 3 0 1 5 6 3 4 7 1 0 2 8 13 2
23110040 804 4 3 3 3 1 1 0 2 1 0 0 0 0 1 0 3 3 2 0 4 0 0 3 4 3 7 5 1 0 3 3 13
23110041 776 11 2 1 3 2 2 1 3 3 1 1 2 1 0 3 1 0 0 0 0 4 4 3 2 0 1 0 4 4 2 0 1 7 2 1 13 4 3 0
23110042 905 1 1 1 0 2 1 0 0 0 0 1 0 0 1 1 4 2 6 13 1 3 2 0 0 0 2 3 0 0
23110043 917 0 1 0 1 1 0 0 0 0 0 0 0 8 0 0 8 3 3 2 2 4 5 0 0 3 13 3 1
23110045 977 6 1 1 2 2 2 3 1 0 1 1 0 0 0 0 2 3 1 0 1 0 3 13 3 6 0 2 4 4 0 3 4 9 0
23110047 931 11 3 3 1 2 2 1 1 2 3 2 3 1 0 1 1 0 0 0 0 3 4 4 0 1 3 13 0 3 4 4 1 2 8 3 0 4 2 3
23110048 1015 6 1 1 2 2 1 3 1 0 2 1 0 0 0 0 3 2 1 2 7 0 0 4 5 0 3 13 3 1 0 6 1 6 2
23110050 886 0 1 0 3 1 0 0 0 0 0 0 0 1 3 2 1 2 2 13 3 2 4 1 1 3 0 0 4
23110055 937 5 3 1 3 3 3 1 0 1 1 0 0 0 0 1 0 4 0 2 4 8 4 1 2 4 2 6 2 1 3 13 9 3
23110056 935 7 3 1 3 2 1 2 2 1 0 3 1 0 0 0 0 2 3 2 2 1 0 0 1 4 4 0 5 5 7 3 13 1 3 2
23110057 924 4 1 3 3 3 1 0 2 1 0 0 0 0 1 0 3 0 2 13 6 5 3 4 3 1 4 3 1 0 3 2 0
23110060 885 1 1 1 0 1 1 0 0 0 0 1 0 0 3 2 9 2 1 1 5 13 0 2 4 2 0 0 5 3
23110061 1083 8 1 2 3 1 2 1 2 1 3 1 8 0.33333333333333331 9 0.33333333333333331 10 0.33333333333333331 4 3 1 13 3 1 3 9 4 3 0 4 2 3 2 3 3 0 0
23110062 806 11 2 3 3 2 1 3 1 3 1 2 1 3 1 7 0.33333333333333331 8 0.33333333333333331 9 0.33333333333333331 4 3 4 0 2 0 0 2 5 1 3 13 4 4 3 4 1 0 2
23110064 935 2 2 2 1 0 3 1 0 0 0 0 0 2 0 0 0 1 0 0 3 1 2 1 7 5 8 3 3 3 13
23110065 819 7 1 1 2 1 1 3 2 1 0 2 1 0 0 0 0 4 2 1 0 3 3 3 3 6 0 2 5 8 2 5 3 1 13 3
23110066 717 4 2 1 1 2 1 0 3 1 0 0 0 0 2 2 0 2 1 3 0 2 4 8 3 5 4 3 0 3 13 1 3
23110068 905 6 3 1 3 2 2 3 1 0 3 1 0 0 0 0 1 2 3 8 3 7 6 0 0 13 3 1 5 3 1 0 0 2 4
23110069 968 4 3 1 2 2 1 0 1 1 0 0 0 0 1 2 1 4 13 1 4 4 6 4 0 2 4 3 2 1 0 0 0
23110070 973 1 2 1 0 1 1 0 0 0 0 0 1 0 3 0 2 1 0 1 3 3 0 3 13 3 8 4 6 2
23110072 853 5 3 3 1 1 3 1 0 2 1 0 0 0 0 2 0 3 4 5 7 3 7 13 3 0 4 4 2 0 2 5 0 1
23110073 850 9 1 2 2 2 1 3 3 3 1 1 0 3 1 0 0 0 0 3 3 3 1 0 0 0 4 6 13 0 6 2 7 0 4 1 3 2
23110078 889 1 1 3 1 6 0.33333333333333331 7 0.33333333333333331 8 0.33333333333333331 1 0 0 0 0 7 2 0 3 1 3 3 7 6 7 4 2 3 13
23110079 817 6 3 2 3 2 3 2 1 0 1 1 0 0 0 0 0 3 3 0 4 13 1 1 5 2 5 3 1 3 3 0 0 4 6
23110080 868 3 3 2 2 1 0 2 1 0 0 0 0 0 2 1 3 1 0 0 3 1 0 0 4 5 1 0 13 3 1 2
23110081 859 7 2 1 3 2 2 3 3 1 0 2 1 0 0 0 0 1 3 3 2 1 1 0 3 7 5 3 13 8 1 3 0 3 1 0
23110083 927 4 3 1 3 2 1 0 2 1 0 0 0 0 1 1 2 0 3 2 1 2 13 3 3 3 4 1 4 0 0 1 0
23110085 1064 4 3 1 2 3 1 0 2 1 0 0 0 0 1 1 2 0 0 0 2 1 2 1 1 0 0 4 5 0 3 3 13
23110088 947 10 3 3 2 2 1 1 2 1 1 3 1 0 2 1 0 0 0 0 4 3 3 0 0 0 3 3 3 2 4 0 4 3 4 5 4 13 1
23110089 921 6 2 1 3 3 2 1 1 0 1 1 0 0 0 0 2 2 2 0 9 1 0 4 4 2 2 13 7 3 0 3 6 5 0
23110091 887 6 1 1 3 3 2 1 1 0 2 1 0 0 0 0 3 1 2 2 2 1 0 0 3 4 1 1 2 7 7 4 3 2 13
23110092 818 5 1 2 1 1 2 1 0 3 1 0 0 0 0 3 2 0 3 0 0 0 0 0 2 0 6 4 1 3 3 4 13 2
23110094 848 10 3 1 2 1 1 2 3 2 3 3 1 0 2 1 0 0 0 0 3 3 4 13 9 4 1 3 3 2 0 6 7 8 0 1 3 0 0
23110095 906 5 2 1 3 2 1 1 0 1 1 0 0 0 0 2 2 1 0 0 0 3 3 2 0 0 8 5 4 3 13 7 4 3
23110096 959 6 1 1 1 3 2 3 1 0 2 1 0 0 0 0 3 1 2 0 2 0 0 0 13 4 3 0 5 1 4 3 2 4 7
23110097 800 5 3 2 2 3 1 1 0 1 1 0 0 0 0 1 2 2 2 2 13 3 3 4 5 0 3 8 3 0 1 1 0 0
23110099 773 6 3 3 2 2 1 3 1 0 2 1 0 0 0 0 1 2 3 1 1 0 0 1 4 3 0 3 6 3 0 2 13 3 3
23110100 788 5 3 1 3 2 2 1 0 3 1 0 0 0 0 1 2 2 7 3 0 0 13 6 2 0 9 4 5 4 3 10 1 1
23110101 842 1 3 1 0 2 1 0 0 0 0 0 0 1 0 0 3 3 0 0 13 1 1 4 5 4 2 0 3 4
23110106 833 7 1 3 2 1 3 2 1 1 0 2 1 0 0 0 0 3 2 2 0 3 0 0 2 0 3 13 3 3 6 7 1 4 4 4
23110107 977 0 1 0 2 1 0 0 0 0 0 0 0 2 0 0 1 1 3 0 0 4 5 8 3 13 6 4 0
23110109 1000 1 1 1 0 1 1 0 0 0 0 1 0 0 3 0 1 2 0 4 5 4 0 2 3 4 0 13 2 3
23110110 915 3 1 3 3 1 0 3 1 0 0 0 0 1 0 2 2 0 0 2 0 5 3 3 3 5 3 8 0 1 3 13
23110111 832 3 3 1 2 1 0 1 1 0 0 0 0 1 1 1 1 13 8 6 0 8 0 4 0 0 0 2 0 0 0 2
23110114 828 0 1 0 2 1 0 0 0 0 0 0 0 3 0 3 13 2 3 2 4 3 1 5 1 0 3 1 0
23110117 834 11 3 3 1 2 1 2 3 3 1 2 2 1 0 1 1 0 0 0 0 3 4 4 0 2 0 0 2 3 1 0 0 5 3 4 0 13 5 1
23110120 800 8 1 2 3 1 2 3 2 1 1 0 1 1 0 0 0 0 3 3 2 3 3 0 0 4 5 7 2 3 4 8 1 13 2 4 0
23110122 959 11 2 1 2 3 3 2 1 2 3 1 3 1 0 1 1 0 0 0 0 3 4 4 13 8 2 3 5 4 7 6 4 1 4 5 2 3 1 0
23110123 912 3 2 3 1 1 0 3 1 0 0 0 0 1 1 1 3 2 4 0 4 1 1 0 5 13 4 2 6 4 3 3
23110125 957 5 1 2 3 3 2 1 0 2 1 0 0 0 0 1 2 2 3 5 0 0 1 4 9 3 3 8 5 1 1 13 3 2
23110126 838 10 1 2 1 2 3 3 2 1 1 3 1 0 3 1 0 0 0 0 4 3 3 13 3 3 3 8 6 4 0 4 3 1 0 2 2 3 0
23110129 886 9 2 3 3 1 1 1 2 3 3 1 0 1 1 0 0 0 0 3 2 4 0 2 4 0 1 5 3 8 1 4 6 2 2 13 3 2
23110130 817 0 1 0 1 1 0 0 0 0 0 0 0 2 3 1 3 2 6 13 0 4 7 4 3 0 2 1 0
23110131 944 7 2 3 1 3 1 2 1 1 0 2 1 0 0 0 0 3 2 2 0 2 0 1 0 4 1 3 0 2 4 3 3 5 7 13
23110132 944 1 2 1 0 1 1 0 0 0 0 0 1 0 4 2 1 0 4 7 13 3 4 6 2 0 3 6 1 3
23110134 903 1 1 1 0 3 1 0 0 0 0 1 0 0 4 2 4 0 1 4 1 0 2 13 3 2 0 0 3 0
23110135 798 9 2 3 2 2 3 1 3 2 3 1 0 1 1 0 0 0 0 1 4 4 1 1 0 0 4 3 5 2 0 3 13 1 0 3 3 3
23110136 851 1 3 1 0 2 1 0 0 0 0 0 0 1 1 1 0 3 3 4 0 0 5 3 2 0 13 7 5 0
23110137 935 1 3 1 0 1 1 0 0 0 0 0 0 1 4 5 1 4 4 2 7 2 2 13 2 1 1 3 0 0
23110138 967 8 1 3 2 3 2 1 3 1 1 0 2 1 0 0 0 0 3 2 3 4 0 1 0 3 3 2 3 3 6 0 0 13 1 2 0
23110140 822 7 3 3 2 2 3 1 1 1 0 1 1 0 0 0 0 2 2 3 0 0 2 0 1 3 13 3 2 5 1 0 7 2 4 0
23110142 953 6 2 3 1 1 1 3 3 1 8 0.33333333333333331 9 0.33333333333333331 10 0.33333333333333331 3 1 2 0 0 3 2 13 1 5 0 3 3 7 3 8 5 2 2
23110144 814 9 1 2 2 1 3 3 1 2 1 1 0 3 1 0 0 0 0 4 3 2 13 3 1 2 8 6 4 3 2 4 5 0 0 6 3 3
23110145 986 7 1 2 3 1 2 1 1 1 0 3 1 0 0 0 0 4 2 1 0 0 2 0 0 3 2 1 3 3 5 6 2 3 3 13
23110147 977 7 3 2 2 2 1 3 2 1 0 1 1 0 0 0 0 1 4 2 0 1 0 0 1 4 0 3 0 13 4 3 0 5 5 4
23110150 855 5 2 3 1 1 1 1 0 2 1 0 0 0 0 3 1 1 3 2 3 13 3 1 4 2 0 4 6 3 0 2 1 0
23110151 963 11 1 3 2 3 1 2 2 2 1 1 3 1 0 3 1 0 0 0 0 4 4 3 2 3 13 3 1 4 4 0 3 4 3 0 3 0 0 0
23110152 937 5 1 2 1 1 2 1 0 3 1 0 0 0 0 3 2 0 0 0 4 3 0 4 5 3 3 8 3 2 3 13 3 4
23110154 862 0 1 0 2 1 0 0 0 0 0 0 0 0 0 5 1 1 3 2 4 0 13 1 3 3 2 6 5
23110157 853 10 2 3 1 1 1 3 2 3 3 1 1 0 2 1 0 0 0 0 4 2 4 0 0 3 4 2 13 7 5 0 4 4 6 0 2 0 1
23110159 959 2 1 1 1 0 2 1 0 0 0 0 2 0 0 2 0 0 2 0 4 1 13 3 5 8 3 0 2 4 1
23110162 983 2 3 1 1 0 3 1 0 0 0 0 1 0 1 0 1 4 0 2 4 4 9 1 4 6 2 0 13 3 2
23110164 853 1 1 1 0 3 1 0 0 0 0 1 0 0 6 0 3 0 7 5 3 0 13 6 3 0 0 1 2 2
23110165 811 7 2 3 1 3 2 3 1 1 0 3 1 0 0 0 0 2 2 3 0 2 1 0 5 7 4 3 13 5 1 2 1 2 0 0
23110166 1016 2 2 1 1 0 3 1 0 0 0 0 1 1 0 0 0 4 3 0 3 1 0 2 1 4 2 0 5 6 13
23110167 937 3 2 2 3 1 0 1 1 0 0 0 0 0 2 1 3 3 1 5 0 0 5 13 1 6 7 3 3 4 2 4
23110168 839 0 1 0 3 1 0 0 0 0 0 0 0 0 4 3 4 0 3 5 7 0 2 9 13 2 1 3 1
23110169 1012 1 3 1 0 2 1 0 0 0 0 0 0 1 0 0 3 1 0 2 1 13 2 4 3 4 3 3 6 1
23110170 898 11 1 3 3 2 3 2 1 3 2 1 2 1 0 1 1 0 0 0 0 3 4 4 2 1 2 13 1 3 5 7 0 1 4 4 0 4 0 2
23110171 912 11 1 3 2 1 2 3 2 3 1 2 1 1 0 3 1 0 0 0 0 4 4 3 0 1 3 0 0 3 4 2 2 3 3 4 0 13 4 1
23110173 836 2 2 3 1 0 1 1 0 0 0 0 0 1 1 0 3 3 4 2 1 5 13 3 4 3 4 1 5 8 2
23110174 975 5 2 3 2 3 1 3 1 7 0.33333333333333331 8 0.33333333333333331 9 0.33333333333333331 1 2 2 7 4 13 3 4 1 8 3 2 4 1 0 0 1 0 2
23110176 807 0 1 0 2 1 0 0 0 0 0 0 0 0 0 0 3 1 3 13 3 4 3 6 4 0 3 8 4
23110177 888 10 2 2 1 3 1 1 2 1 2 3 1 0 3 1 0 0 0 0 4 4 2 1 3 13 3 2 5 9 3 0 5 5 0 0 0 3 0
23110178 891 10 1 1 1 2 1 2 2 3 3 3 1 0 3 1 0 0 0 0 4 3 3 2 13 4 3 3 3 5 0 8 3 6 0 1 0 3 2
23110179 943 0 1 0 2 1 0 0 0 0 0 0 0 3 5 1 3 2 4 0 0 13 3 0 3 1 0 0 0
23110181 1008 2 3 1 1 0 1 1 0 0 0 0 1 0 1 0 1 2 3 0 3 0 2 6 5 2 3 0 2 13 1
23110183 931 1 1 1 0 2 1 0 0 0 0 1 0 0 1 2 0 0 13 6 3 1 4 5 3 5 8 3 4 2
23110184 944 1 1 1 0 2 1 0 0 0 0 1 0 0 0 0 3 3 0 0 3 4 0 3 5 6 1 2 5 13
23110185 887 1 2 1 0 2 1 0 0 0 0 0 1 0 1 4 5 13 3 1 1 6 0 0 3 4 0 0 2 3
23110186 963 8 1 1 2 2 1 2 2 3 1 0 3 1 0 0 0 0 3 4 1 13 3 1 0 4 1 3 2 2 6 3 1 5 0 3 0
23110187 1022 11 3 3 1 2 2 3 2 3 2 1 1 1 0 1 1 0 0 0 0 3 4 4 0 13 8 3 2 4 7 1 1 3 2 5 3 2 1 0
23110188 952 1 1 1 0 3 1 0 0 0 0 1 0 0 1 2 0 3 2 3 2 4 13 4 7 1 3 2 1 4
23110191 1022 4 1 2 2 2 1 0 2 1 0 0 0 0 1 3 0 13 9 5 3 3 6 4 0 6 1 7 3 1 3 1 0
23110192 737 6 3 2 2 1 3 2 1 0 3 1 0 0 0 0 1 3 2 0 1 1 1 1 6 4 8 13 5 3 3 2 6 2 6
23110194 901 4 3 3 3 1 3 1 8 0.33333333333333331 9 0.33333333333333331 10 0.33333333333333331 1 0 3 4 3 3 13 0 3 4 3 2 1 3 2 0 5 8 0
23110197 897 6 3 2 2 3 3 2 1 0 1 1 0 0 0 0 0 3 3 3 0 1 0 3 5 3 0 4 3 1 4 13 3 1 2
23110198 1048 11 3 2 2 3 3 1 1 3 1 2 1 1 0 2 1 0 0 0 0 4 3 4 3 1 2 0 0 3 3 3 5 2 13 3 0 3 1 0
23110200 782 0 1 0 1 1 0 0 0 0 0 0 0 13 3 2 0 4 7 2 3 3 5 1 0 3 0 0 0
23110201 885 9 2 1 2 3 2 3 3 2 1 1 0 1 1 0 0 0 0 2 4 3 0 0 0 3 13 4 3 0 4 2 2 0 1 3 1 1
23110202 985 5 2 2 2 2 3 1 0 3 1 0 0 0 0 0 4 1 1 1 9 1 8 3 5 1 3 2 3 13 0 4 1 0
23110203 819 4 3 1 1 3 1 0 3 1 0 0 0 0 2 0 2 2 0 1 1 0 4 5 4 3 4 2 2 0 13 2 9
23110204 818 3 3 3 2 1 0 1 1 0 0 0 0 0 1 2 2 0 1 3 1 0 3 4 1 5 5 2 2 13 6 8
23110205 924 10 3 2 1 1 3 1 3 2 2 1 1 0 2 1 0 0 0 0 4 3 3 2 3 1 3 4 8 5 13 0 3 3 3 0 3 0 0
23110209 1102 10 3 2 3 2 3 2 1 1 1 1 1 0 3 1 0 0 0 0 4 3 3 3 4 3 2 2 3 5 4 13 3 1 3 0 0 9 0
23110210 969 11 2 3 2 2 1 2 3 3 1 1 3 1 0 1 1 0 0 0 0 3 4 4 0 4 2 13 3 3 3 5 0 1 0 1 0 0 2 3
23110213 829 4 2 3 1 3 1 0 1 1 0 0 0 0 1 1 2 0 0 2 0 0 4 4 3 3 8 4 3 1 0 13 2
23110214 932 6 3 1 2 2 1 3 1 0 3 1 0 0 0 0 2 2 2 13 7 4 3 3 6 3 0 2 2 4 1 3 3 1 0
23110216 1057 7 2 2 1 1 3 1 3 1 0 3 1 0 0 0 0 3 2 2 1 5 13 3 2 3 7 3 1 3 3 0 2 3 2 0
23110219 888 11 1 3 2 1 1 2 3 3 2 1 3 1 0 2 1 0 0 0 0 4 3 4 4 5 13 2 1 4 3 0 1 2 0 0 0 2 1 0
23110220 819 9 3 1 3 2 1 2 1 2 1 1 0 3 1 0 0 0 0 4 3 2 0 2 0 0 13 3 0 0 3 8 4 1 4 3 2 3
23110221 954 8 2 3 1 2 1 3 2 3 1 0 2 1 0 0 0 0 2 3 3 3 5 0 0 13 6 3 1 8 7 4 1 4 1 4 2
23110223 971 8 2 3 3 1 2 3 3 1 1 0 1 1 0 0 0 0 2 2 4 0 1 0 0 3 0 0 0 1 4 13 2 4 2 2 5
23110224 797 2 1 1 1 0 2 1 0 0 0 0 2 0 0 1 0 0 0 2 6 4 2 2 1 4 2 3 4 1 13
23110225 855 1 2 1 0 3 1 0 0 0 0 0 1 0 1 6 2 3 0 3 13 5 0 2 3 3 1 0 4 1
23110226 928 1 3 1 0 1 1 0 0 0 0 0 0 1 2 1 2 13 4 7 3 9 0 1 3 4 0 0 2 0
23110227 967 11 1 2 3 3 3 2 1 1 3 2 2 1 0 1 1 0 0 0 0 3 4 4 0 2 3 3 0 6 2 3 1 7 2 4 1 1 8 13
23110228 942 2 3 3 1 0 2 1 0 0 0 0 0 0 2 0 0 2 1 13 2 5 3 1 3 1 0 3 3 3 0
23110229 918 11 1 3 2 1 1 2 2 2 3 3 3 1 0 1 1 0 0 0 0 3 4 4 0 13 1 4 4 6 1 3 2 3 4 2 0 0 4 4
23110233 918 4 2 3 1 2 1 0 3 1 0 0 0 0 1 2 1 0 1 4 2 2 0 3 3 3 4 6 1 0 3 1 13
23110234 845 9 2 3 3 1 2 1 2 1 3 1 0 2 1 0 0 0 0 3 3 3 3 13 7 0 5 2 2 3 1 1 3 0 0 0 4 1
23110235 1009 6 3 2 3 2 2 1 1 0 1 1 0 0 0 0 1 3 2 3 0 0 0 2 5 0 0 4 1 3 0 13 5 4 1
23110236 869 3 2 1 2 1 0 1 1 0 0 0 0 1 2 0 4 5 6 3 4 13 0 0 7 3 0 0 2 3 0 1
23110237 838 0 1 0 2 1 0 0 0 0 0 0 0 4 0 3 0 1 3 3 3 8 5 4 3 13 7 4 0
23110238 854 5 3 1 1 3 2 1 0 3 1 0 0 0 0 2 1 2 0 4 3 2 3 4 13 3 1 2 5 1 2 0 0 0
23110239 927 0 1 0 2 1 0 0 0 0 0 0 0 1 1 3 0 4 4 2 5 13 6 2 1 3 3 0 0
23110243 1014 5 3 1 2 1 2 1 0 1 1 0 0 0 0 2 2 1 13 3 4 0 2 6 4 0 4 2 0 0 3 0 1 3
23110244 836 2 2 2 1 0 1 1 0 0 0 0 0 2 0 3 4 1 2 0 13 4 3 0 3 1 7 0 3 0 3
23110245 926 6 2 2 3 3 2 1 1 0 1 1 0 0 0 0 1 3 2 0 1 2 3 1 4 3 4 3 6 5 13 0 4 2 1
23110247 846 6 1 3 3 2 2 3 3 1 7 0.33333333333333331 8 0.33333333333333331 9 0.33333333333333331 1 2 3 0 0 1 1 2 3 4 13 0 6 4 2 0 0 1 4
23110248 901 8 1 1 1 3 2 2 3 2 1 0 3 1 0 0 0 0 3 3 2 6 2 2 0 2 5 7 1 4 4 8 9 3 1 1 13
23110249 830 0 1 0 3 1 0 0 0 0 0 0 0 1 0 0 0 3 2 4 13 1 5 5 8 0 0 2 6
23110250 835 8 1 2 3 3 1 3 1 3 1 0 1 1 0 0 0 0 3 1 4 0 0 2 2 13 3 2 0 7 6 5 3 4 4 4 0
23110252 924 7 1 3 2 2 3 1 1 1 0 2 1 0 0 0 0 3 2 2 13 4 5 3 2 4 1 1 4 8 2 5 3 3 0 0
23110255 975 6 2 2 1 3 3 1 1 0 1 1 0 0 0 0 2 2 2 0 2 0 0 0 0 3 1 3 0 3 4 2 5 3 13
23110256 899 7 1 1 3 3 3 2 2 1 0 2 1 0 0 0 0 2 2 3 0 0 8 2 3 2 1 13 4 5 1 3 0 1 0 6
23110259 803 1 1 1 0 1 1 0 0 0 0 1 0 0 4 2 3 0 2 4 0 3 4 5 13 3 2 1 3 3
23110262 1015 9 3 3 3 3 2 1 2 2 1 1 0 1 1 0 0 0 0 2 3 4 2 0 0 0 0 1 4 4 0 7 5 9 3 3 4 13
23110263 952 4 2 3 3 3 1 0 3 1 0 0 0 0 0 1 3 0 0 2 0 0 1 4 1 4 5 7 8 3 3 4 13
23110265 922 10 2 3 1 1 2 3 3 1 1 2 1 0 2 1 0 0 0 0 4 3 3 0 3 3 13 0 0 1 5 3 2 4 7 0 1 5 2
23110266 947 11 1 3 3 3 2 2 3 2 2 1 1 1 0 1 1 0 0 0 0 3 4 4 13 2 1 0 4 2 0 6 1 1 4 0 2 4 3 0
23110267 863 5 2 1 2 3 1 1 0 3 1 0 0 0 0 2 2 1 13 0 1 0 3 5 2 4 1 7 3 2 3 1 4 2
23110268 875 5 3 2 1 3 3 1 0 1 1 0 0 0 0 1 1 3 2 0 9 3 3 5 6 4 0 2 4 13 0 0 5 1
23110270 983 5 1 3 1 2 1 1 0 3 1 0 0 0 0 3 1 1 3 0 4 2 0 2 5 6 0 6 5 3 0 13 7 3
23110272 979 5 2 1 2 3 3 1 0 1 1 0 0 0 0 1 2 2 4 0 1 0 4 3 1 0 5 4 0 2 13 2 3 0
23110274 1061 3 1 1 2 1 0 1 1 0 0 0 0 2 1 0 0 0 3 0 4 3 2 0 5 6 2 0 13 4 2 1
23110275 777 1 3 1 0 1 1 0 0 0 0 0 0 1 13 5 3 2 2 4 1 3 3 6 3 0 0 2 1 0
23110276 985 6 3 2 1 2 2 3 1 0 1 1 0 0 0 0 1 3 2 3 2 1 0 0 0 4 4 3 6 4 1 0 13 9 5
23110277 1007 9 1 1 3 3 2 3 3 1 2 1 0 1 1 0 0 0 0 3 2 4 0 3 6 13 2 2 1 4 0 0 3 2 2 0 1 0
23110278 816 6 2 3 1 2 3 1 1 0 2 1 0 0 0 0 2 2 2 0 3 0 1 6 4 13 1 0 4 4 4 1 2 2 5
23110279 910 1 1 1 0 2 1 0 0 0 0 1 0 0 13 2 4 3 3 3 5 3 1 1 2 0 0 3 0 0
23110282 975 6 3 2 1 3 1 1 1 0 3 1 0 0 0 0 3 1 2 0 0 13 2 2 1 9 2 0 3 5 2 3 7 1 5
23110283 887 0 1 0 1 1 0 0 0 0 0 0 0 2 3 4 13 3 0 1 5 0 1 4 2 0 0 3 2
23110284 859 11 2 2 3 3 2 3 1 3 2 1 1 1 0 1 1 0 0 0 0 3 4 4 2 4 5 3 4 4 0 2 13 6 0 0 3 6 1 1
23110286 846 7 1 1 2 3 3 2 1 1 0 2 1 0 0 0 0 3 2 2 0 0 0 2 0 3 1 13 2 4 3 4 1 3 3 3
23110290 936 11 1 1 3 3 2 1 2 3 2 2 1 1 0 3 1 0 0 0 0 4 4 3 3 2 0 0 0 2 3 13 1 1 6 5 0 0 4 4
23110292 1041 9 1 1 3 2 3 1 3 3 2 1 0 1 1 0 0 0 0 3 2 4 0 1 3 13 2 6 6 3 2 3 1 2 2 0 3 0
23110295 866 8 1 1 3 3 2 1 3 3 1 0 1 1 0 0 0 0 3 1 4 3 2 0 0 7 4 13 0 6 5 1 2 3 2 2 3
23110297 1052 4 2 2 1 3 1 0 3 1 0 0 0 0 1 2 1 1 0 2 0 3 4 1 0 7 13 3 2 8 4 5 1
23110298 912 6 3 2 2 3 3 1 1 0 2 1 0 0 0 0 1 2 3 1 6 3 0 4 4 5 8 13 7 4 1 0 2 1 0
23110299 889 9 3 1 2 3 2 1 3 3 2 1 0 1 1 0 0 0 0 2 3 4 0 2 3 3 2 4 5 1 1 3 3 13 0 1 2 0
23110300 1026 8 3 1 2 1 3 3 1 3 1 0 1 1 0 0 0 0 3 1 4 13 3 2 0 1 1 6 2 2 6 0 2 0 3 0 2
23110302 833 10 2 3 1 1 3 3 2 1 1 2 3 1 6 0.33333333333333331 7 0.33333333333333331 8 0.33333333333333331 4 3 3 1 4 13 0 2 4 5 2 3 6 3 3 2 0 1 0
23110305 799 3 2 1 3 1 0 3 1 0 0 0 0 1 1 1 8 3 13 0 5 3 4 1 5 6 3 3 2 4 0 0
23110307 905 9 2 2 2 1 3 1 3 1 3 1 0 3 1 0 0 0 0 3 3 3 2 13 1 4 2 3 4 4 1 0 7 4 5 0 4 0
23110308 1057 0 1 0 1 1 0 0 0 0 0 0 0 0 3 6 2 3 2 6 7 0 1 13 1 0 0 3 2
23110309 823 8 2 1 3 1 2 3 3 3 1 0 2 1 0 0 0 0 2 2 4 1 1 1 0 4 2 3 0 13 3 0 2 3 4 6 0
23110310 904 11 2 3 2 1 2 3 1 2 3 1 1 1 0 3 1 0 0 0 0 4 4 3 0 0 7 3 3 5 4 3 2 4 1 3 1 13 6 2
23110311 913 7 3 3 3 1 2 3 1 1 0 2 1 0 0 0 0 2 1 4 2 1 0 1 5 4 4 3 13 3 2 0 0 0 7 0
23110312 977 4 2 2 2 1 1 0 3 1 0 0 0 0 1 3 0 1 0 0 0 2 4 4 0 3 6 4 3 3 13 1 1
23110313 894 4 3 1 1 2 1 0 3 1 0 0 0 0 2 1 1 13 3 3 3 4 4 3 2 1 3 6 0 0 9 2 0
23110314 942 2 1 1 1 0 1 1 0 0 0 0 2 0 0 0 0 2 0 0 0 3 13 0 4 7 5 3 2 2 3
23110315 944 9 2 2 3 3 2 1 3 2 1 1 0 3 1 0 0 0 0 2 4 3 3 7 13 0 4 4 3 1 0 4 5 0 0 0 0 1
23110317 913 7 1 1 1 2 2 3 3 1 0 3 1 0 0 0 0 3 2 2 3 4 4 2 13 5 7 0 0 4 3 2 0 3 1 0
23110319 897 3 1 2 1 1 0 3 1 0 0 0 0 2 1 0 2 13 4 3 4 3 5 3 0 3 1 4 0 0 0 2
23110320 887 7 3 3 2 3 2 1 2 1 0 2 1 0 0 0 0 1 3 3 0 0 1 1 0 4 4 3 1 2 4 2 0 1 1 13
23110321 939 3 3 1 2 1 0 3 1 0 0 0 0 1 1 1 3 3 0 0 4 4 6 0 2 4 13 0 3 3 1 7
23110322 838 1 2 1 0 3 1 0 0 0 0 0 1 0 0 2 0 1 0 0 1 5 1 13 5 2 4 4 3 3
23110323 910 9 1 3 1 1 3 3 2 1 2 1 0 2 1 0 0 0 0 4 2 3 0 3 0 0 0 0 0 3 2 5 4 6 3 3 13 3
23110324 1093 10 1 2 3 3 3 1 2 2 3 1 1 0 2 1 0 0 0 0 3 3 4 1 4 2 5 0 2 5 1 1 6 0 13 0 8 0 0
23110326 846 0 1 0 2 1 0 0 0 0 0 0 0 0 3 7 0 1 3 5 0 1 1 2 1 13 4 2 2
23110331 852 3 2 3 3 1 0 2 1 0 0 0 0 0 1 2 0 3 3 4 0 13 1 4 0 0 2 3 1 0 1 4
23110332 937 9 3 1 3 3 2 2 2 1 3 1 0 1 1 0 0 0 0 2 3 4 0 0 0 2 4 1 0 9 9 4 5 0 13 3 7 3
23110334 882 0 1 0 1 1 0 0 0 0 0 0 0 0 2 5 3 0 1 5 3 0 2 6 1 3 0 13 2
23110335 759 2 3 1 1 0 3 1 0 0 0 0 1 0 1 3 1 2 2 1 13 4 3 9 7 5 4 2 1 2 0
23110336 848 6 2 1 3 1 2 1 1 0 1 1 0 0 0 0 3 2 1 3 4 3 2 5 4 1 0 2 3 13 0 2 0 3 0
23110337 957 10 2 3 2 1 2 3 1 1 3 3 1 0 1 1 0 0 0 0 3 3 4 3 1 2 6 13 2 3 0 6 1 3 8 2 4 3 0
23110338 995 11 3 2 2 1 3 2 3 3 2 1 1 1 0 1 1 0 0 0 0 3 4 4 13 4 4 1 3 3 4 3 3 2 0 0 1 2 0 0
23110339 966 3 3 2 2 1 0 1 1 0 0 0 0 0 2 1 5 1 3 1 3 2 13 6 3 8 4 1 0 2 5 0
23110340 926 9 2 2 1 3 3 1 1 2 3 1 0 3 1 0 0 0 0 3 3 3 2 1 0 0 0 2 6 7 0 0 1 5 0 3 4 13
23110341 750 0 1 0 3 1 0 0 0 0 0 0 0 0 3 0 0 13 3 4 0 4 4 5 3 1 2 1 2
23110342 750 5 2 3 1 1 2 1 0 2 1 0 0 0 0 2 2 1 1 0 1 3 2 2 5 1 2 6 3 1 3 13 4 0
23110343 887 10 1 3 1 2 3 2 1 1 2 3 1 0 2 1 0 0 0 0 4 3 3 0 0 3 3 2 7 5 4 3 0 4 13 0 0 3 1
23110348 982 2 1 3 1 0 2 1 0 0 0 0 1 0 1 13 2 5 0 2 3 3 1 4 2 1 1 0 0 3 0
23110349 772 2 3 1 1 0 1 1 0 0 0 0 1 0 1 2 0 3 0 1 3 5 3 2 5 7 2 0 4 3 13
23110350 1002 0 1 0 2 1 0 0 0 0 0 0 0 1 1 13 3 3 4 9 3 2 3 6 0 2 1 3 0
23110352 836 5 1 2 2 2 1 1 0 2 1 0 0 0 0 2 3 0 0 0 4 13 1 3 6 4 0 0 5 4 3 1 0 0
23110353 975 7 2 3 3 2 2 1 1 3 1 5 0.33333333333333331 6 0.33333333333333331 7 0.33333333333333331 2 3 2 13 2 3 0 4 5 3 1 1 6 1 0 3 0 2 0
23110354 1018 10 3 1 2 1 2 3 1 2 3 3 1 0 1 1 0 0 0 0 3 3 4 4 3 2 1 1 13 2 7 4 6 3 0 0 2 0 0
23110356 961 7 1 1 3 2 1 1 2 1 0 3 1 0 0 0 0 4 2 1 0 3 0 2 2 5 4 0 3 2 4 3 13 5 1 5
23110357 852 8 3 2 2 3 1 1 1 3 1 0 1 1 0 0 0 0 3 2 3 3 0 7 2 0 3 7 1 0 2 13 3 4 5 3 2
23110359 857 0 1 0 1 1 0 0 0 0 0 0 0 0 0 0 1 0 2 3 0 3 5 5 2 4 6 13 0
23110360 968 3 2 2 1 1 0 2 1 0 0 0 0 1 2 0 5 3 1 0 3 13 4 0 3 3 3 3 0 3 1 0
23110361 935 11 1 2 3 3 1 2 1 1 3 2 3 1 0 2 1 0 0 0 0 4 3 4 1 2 3 6 7 5 3 3 0 3 2 13 0 1 0 0
23110363 873 6 1 2 3 1 2 1 1 0 1 1 0 0 0 0 3 2 1 2 5 9 13 0 7 5 2 0 0 4 8 0 0 0 3
23110366 943 1 3 1 0 1 1 0 0 0 0 0 0 1 0 2 5 5 0 5 7 13 1 3 3 2 0 2 0 1
23110367 883 4 2 1 2 3 1 0 3 1 0 0 0 0 1 2 1 1 2 3 0 3 0 4 5 4 5 6 7 1 13 4 3
23110369 831 3 1 1 1 1 0 2 1 0 0 0 0 3 0 0 0 2 3 3 0 2 5 5 3 4 3 3 2 3 1 13
23110372 883 0 1 0 3 1 0 0 0 0 0 0 0 0 0 3 13 2 1 2 6 0 0 4 3 0 1 0 3
23110374 910 11 2 3 1 1 1 1 3 2 3 2 3 1 0 2 1 0 0 0 0 4 3 4 2 3 0 0 13 4 3 1 1 7 5 4 4 4 2 0
23110375 963 4 1 1 2 3 1 0 2 1 0 0 0 0 2 1 1 0 3 5 13 0 2 3 1 1 8 3 4 0 4 0 2
23110376 974 6 1 2 1 2 1 3 1 0 3 1 0 0 0 0 3 2 1 0 0 0 1 0 2 3 2 0 3 5 3 3 5 7 13
23110377 760 3 3 2 3 1 0 2 1 0 0 0 0 0 1 2 3 2 3 1 1 5 2 0 13 1 3 3 0 0 1 0
23110379 908 7 3 3 2 2 2 1 1 1 0 2 1 0 0 0 0 2 3 2 1 0 0 0 13 1 3 1 2 4 4 0 3 3 0 0
23110380 1023 5 2 3 2 3 1 1 0 1 1 0 0 0 0 1 2 2 4 0 0 2 7 3 5 1 4 13 2 0 1 4 2 1
23110382 858 2 3 1 1 0 1 1 0 0 0 0 1 0 1 1 0 3 3 3 4 6 4 0 0 13 8 2 2 3 2
23110386 784 5 3 2 3 3 3 1 0 1 1 0 0 0 0 0 1 4 3 13 2 1 1 4 6 2 4 2 3 0 4 1 0 0
23110387 853 5 2 1 1 1 2 1 0 3 1 0 0 0 0 3 2 0 3 3 1 3 13 7 4 2 3 4 2 0 0 0 2 1
23110388 969 11 3 3 3 1 1 2 2 1 1 2 2 1 0 3 1 0 0 0 0 4 4 3 3 3 4 13 0 0 4 5 0 1 0 5 0 0 2 3
23110389 880 4 2 3 2 3 1 0 1 1 0 0 0 0 0 2 2 5 0 0 0 13 4 3 2 7 4 3 0 1 5 3 1
23110390 968 1 2 1 0 2 1 0 0 0 0 0 1 0 0 3 13 3 0 1 7 4 1 4 1 2 0 5 5 3
23110392 843 1 3 1 0 2 1 0 0 0 0 0 0 1 1 0 2 0 0 2 7 13 1 4 3 4 2 1 4 1
23110393 819 0 1 0 2 1 0 0 0 0 0 0 0 3 7 3 1 13 1 7 0 4 3 3 0 5 2 4 8
23110394 829 4 2 2 3 1 1 0 2 1 0 0 0 0 1 2 1 1 13 6 4 0 3 5 4 0 0 3 0 0 0 1 0
23110397 1031 4 3 1 2 2 1 0 3 1 0 0 0 0 1 2 1 1 5 13 0 1 4 3 0 3 4 9 1 2 7 0 2
23110399 986 9 2 1 2 2 2 1 3 3 1 1 0 3 1 0 0 0 0 3 4 2 3 2 13 4 3 1 4 2 1 1 4 2 0 0 1 0
23110400 964 3 1 3 1 1 0 2 1 0 0 0 0 2 0 1 0 4 4 13 0 1 5 3 2 6 2 3 3 3 0 0
23110401 940 11 3 2 1 2 1 3 3 3 1 2 1 1 0 2 1 0 0 0 0 4 3 4 13 7 4 3 6 4 3 0 3 0 1 0 2 0 0 0
23110402 907 2 3 1 1 0 3 1 0 0 0 0 1 0 1 3 2 1 3 6 5 4 0 1 7 2 2 6 3 13 0
23110404 979 10 1 3 1 1 2 2 3 2 3 2 1 0 3 1 0 0 0 0 3 4 3 0 0 0 2 0 0 0 5 1 1 4 3 0 0 4 13
23110406 876 5 3 1 2 2 3 1 0 1 1 0 0 0 0 1 2 2 2 2 4 13 1 5 3 8 0 3 1 3 7 8 3 0
23110408 922 10 3 1 3 1 2 2 3 2 1 2 1 0 3 1 0 0 0 0 3 4 3 0 0 2 3 1 1 6 8 0 3 4 8 0 1 2 13
23110409 850 2 3 3 1 0 1 1 0 0 0 0 0 0 2 3 0 13 5 0 2 7 3 0 1 4 3 0 4 3 2
23110410 893 4 2 2 3 3 1 0 2 1 0 0 0 0 0 2 2 1 0 3 0 2 3 4 0 1 5 1 1 13 3 1 2
23110411 948 0 1 0 3 1 0 0 0 0 0 0 0 1 2 1 2 3 2 4 6 13 1 4 0 0 0 0 3
23110412 844 4 3 2 1 2 1 0 3 1 0 0 0 0 1 2 1 0 2 0 1 0 0 2 1 1 6 5 3 3 5 13 9
23110414 938 10 2 1 1 2 3 3 1 2 1 2 1 0 3 1 0 0 0 0 4 4 2 3 8 3 3 5 13 3 1 6 4 2 2 1 0 3 0
23110416 889 0 1 0 2 1 0 0 0 0 0 0 0 0 1 5 13 2 4 7 4 0 1 4 3 2 0 1 0
23110419 966 3 1 3 1 1 0 3 1 0 0 0 0 2 0 1 0 2 2 0 3 3 5 3 13 5 7 3 2 7 3 1
23110421 983 11 2 1 1 3 1 2 2 1 3 3 3 1 0 2 1 0 0 0 0 4 3 4 1 2 0 0 7 13 5 0 3 5 4 3 0 4 2 1
23110423 915 5 2 2 1 3 2 1 0 3 1 0 0 0 0 1 3 1 0 3 1 1 1 4 2 0 2 5 4 0 1 9 13 0
23110425 994 1 3 1 0 3 1 0 0 0 0 0 0 1 0 0 1 0 6 5 3 2 8 7 1 3 13 5 2 0
23110427 959 8 2 1 1 1 2 3 2 1 1 0 2 1 0 0 0 0 4 3 1 3 13 3 3 1 8 4 2 3 5 3 4 3 0 0 0
23110428 787 9 3 2 1 2 3 2 1 1 3 1 0 1 1 0 0 0 0 3 3 3 13 4 4 3 5 2 2 0 1 1 4 0 0 0 2 0
23110429 922 9 1 3 2 2 2 3 1 2 3 1 0 1 1 0 0 0 0 2 4 3 1 0 0 0 3 2 0 5 0 4 4 4 0 13 3 1
23110431 967 10 1 1 1 3 1 2 2 2 3 2 1 0 3 1 0 0 0 0 4 4 2 2 3 7 4 13 6 0 3 3 4 1 0 3 3 3 0
23110432 899 3 1 3 1 1 0 1 1 0 0 0 0 2 0 1 0 0 2 3 13 6 3 2 6 4 7 4 2 4 6 0
23110433 984 10 2 1 3 3 3 1 1 1 3 2 1 0 2 1 0 0 0 0 4 2 4 1 2 3 1 0 3 4 0 4 6 13 0 0 2 0 2
23110434 984 2 1 2 1 0 2 1 0 0 0 0 1 1 0 1 2 3 0 6 4 7 4 13 4 3 3 3 6 3 1
23110435 958 6 2 3 3 3 3 2 1 0 1 1 0 0 0 0 0 2 4 1 2 4 13 0 1 5 3 0 2 8 4 0 0 1 3
23110436 943 1 3 1 0 2 1 0 0 0 0 0 0 1 0 0 0 2 3 6 1 1 1 8 7 7 3 4 2 13
23110440 970 5 3 1 3 3 1 1 0 2 1 0 0 0 0 2 0 3 1 8 1 1 7 13 3 3 2 2 7 2 5 2 4 0
23110442 926 6 1 1 1 2 1 2 1 0 3 1 0 0 0 0 4 2 0 2 3 3 0 3 13 5 4 4 3 3 3 0 3 2 0
23110443 889 1 3 1 0 1 1 0 0 0 0 0 0 1 3 2 0 1 6 4 6 2 8 7 3 0 13 2 1 0
23110444 917 0 1 0 2 1 0 0 0 0 0 0 0 3 0 3 5 0 13 8 3 1 6 3 2 0 6 4 1
23110445 970 0 1 0 1 1 0 0 0 0 0 0 0 3 5 4 13 0 1 5 2 2 3 3 2 1 0 0 0
23110446 832 7 3 2 1 2 1 1 3 1 0 3 1 0 0 0 0 3 2 2 13 2 1 2 3 3 3 0 2 6 3 0 0 1 5 0
23110448 1015 8 2 3 3 2 1 3 1 2 1 0 2 1 0 0 0 0 2 3 3 0 3 1 0 0 5 4 3 1 4 5 2 0 13 4 1
23110450 946 9 3 3 1 2 1 1 2 2 2 1 0 3 1 0 0 0 0 3 4 2 0 0 0 1 3 1 4 2 0 0 13 3 3 5 4 3
23110451 846 0 1 0 2 1 0 0 0 0 0 0 0 3 1 6 1 0 13 4 3 0 2 4 6 3 0 3 5
23110454 886 8 1 2 2 3 3 1 2 1 1 0 2 1 0 0 0 0 3 3 2 0 3 3 4 3 1 13 5 0 3 2 3 0 1 0 0
23110455 778 2 1 2 1 0 1 1 0 0 0 0 1 1 0 2 3 2 3 5 13 0 0 1 3 3 1 2 0 0 0
23110457 1016 5 2 3 1 3 1 1 0 2 1 0 0 0 0 2 1 2 2 2 0 0 7 4 3 0 3 4 3 1 13 7 3 1
23110458 875 6 2 3 2 3 1 1 1 0 1 1 0 0 0 0 2 2 2 0 3 2 13 0 1 4 4 0 0 4 7 2 0 0 3
23110459 892 2 3 3 1 0 2 1 0 0 0 0 0 0 2 3 2 6 2 13 1 0 1 3 1 5 0 1 4 2 0
23110460 991 9 3 3 1 3 2 2 2 3 2 1 0 1 1 0 0 0 0 1 4 4 4 8 13 1 3 5 6 0 0 4 1 0 0 2 0 1
23110462 985 9 2 2 1 2 1 2 3 3 3 1 0 3 1 0 0 0 0 2 4 3 13 3 2 1 4 5 4 0 3 3 0 0 1 1 0 0
23110467 985 10 1 3 1 3 1 2 3 2 1 2 1 0 3 1 0 0 0 0 4 3 3 2 2 0 0 3 0 1 2 3 5 1 0 4 13 5 0
23110469 952 2 3 3 1 0 1 1 0 0 0 0 0 0 2 3 3 3 0 1 2 4 0 3 4 2 0 13 2 3 1
23110470 841 10 3 1 2 1 1 2 2 2 3 3 1 0 1 1 0 0 0 0 3 4 3 6 1 3 3 5 8 1 1 2 2 5 3 3 5 2 13
23110471 823 2 2 2 1 0 1 1 0 0 0 0 0 2 0 13 6 2 0 4 5 3 0 3 5 3 3 1 3 1 0
23110472 937 7 1 3 3 1 1 2 3 1 0 2 1 0 0 0 0 3 1 3 2 0 3 3 3 4 6 13 5 2 1 3 2 7 7 1
23110473 885 2 3 2 1 0 2 1 0 0 0 0 0 1 1 0 0 3 0 3 3 1 3 1 13 5 2 1 6 3 3
23110475 1021 4 3 3 2 1 3 1 6 0.33333333333333331 7 0.33333333333333331 8 0.33333333333333331 1 1 2 1 0 3 0 3 0 0 0 5 13 1 0 2 3 4 2
23110477 1046 6 1 3 1 2 3 2 1 0 1 1 0 0 0 0 2 2 2 2 1 5 8 0 1 13 4 3 2 4 2 0 3 0 3
23110478 892 0 1 0 3 1 0 0 0 0 0 0 0 13 4 1 0 5 3 3 0 2 4 1 0 8 3 0 2
23110480 952 5 1 2 1 3 2 1 0 2 1 0 0 0 0 2 2 1 3 5 1 3 3 5 6 3 3 13 5 0 1 0 2 0
23110481 789 0 1 0 3 1 0 0 0 0 0 0 0 0 1 0 0 4 6 2 4 1 2 13 4 0 3 6 4
23110483 804 7 2 3 3 3 1 1 2 1 0 1 1 0 0 0 0 2 2 3 5 4 5 3 2 4 2 0 13 0 0 1 7 6 0 0
23110484 741 11 3 3 3 3 2 2 1 1 2 1 1 1 0 2 1 0 0 0 0 4 3 4 1 6 13 3 6 7 5 3 2 3 2 4 1 0 3 0
23110486 1013 4 2 3 1 1 1 0 2 1 0 0 0 0 2 1 1 4 2 0 1 3 6 6 0 3 13 2 0 1 4 3 0
23110487 852 10 2 2 2 3 1 2 3 1 1 1 1 0 3 1 0 0 0 0 4 4 2 3 0 0 0 3 3 0 1 4 2 1 0 13 6 6 2
23110488 1045 2 1 3 1 0 3 1 0 0 0 0 1 0 1 0 0 0 2 6 5 4 1 7 7 3 0 13 2 3 0
23110490 844 3 1 2 2 1 0 2 1 0 0 0 0 1 2 0 2 3 1 0 1 1 7 13 1 5 6 3 3 3 3 2
23110492 919 3 2 1 1 1 0 1 1 0 0 0 0 2 1 0 0 5 6 0 2 3 8 4 3 13 3 1 6 3 2 2
23110494 857 11 3 1 2 1 3 3 1 1 2 3 2 1 0 2 1 0 0 0 0 4 3 4 0 13 7 3 0 3 1 5 2 2 4 3 3 0 1 0
23110496 925 5 1 2 2 3 3 1 0 3 1 0 0 0 0 1 2 2 4 4 13 2 3 4 1 0 0 2 1 0 0 1 0 0
23110497 790 8 1 3 1 2 3 2 3 1 1 0 2 1 0 0 0 0 3 2 3 0 1 7 13 0 3 6 3 0 2 6 4 1 2 0 4
23110499 832 6 2 2 2 1 3 1 1 0 1 1 0 0 0 0 2 3 1 0 1 0 3 0 0 4 2 2 0 13 3 4 5 1 4
23110501 1001 1 3 1 0 2 1 0 0 0 0 0 0 1 0 3 3 0 0 1 4 3 3 7 3 3 1 3 2 13
23110505 811 2 2 2 1 0 3 1 0 0 0 0 0 2 0 2 0 4 0 1 1 6 0 4 13 5 0 1 3 3 6
23110507 840 9 3 2 1 2 1 3 3 2 2 1 0 1 1 0 0 0 0 2 4 3 3 8 1 3 3 3 4 13 0 7 6 4 0 0 0 3
23110510 937 11 1 3 3 1 2 2 2 3 1 1 2 1 0 3 1 0 0 0 0 4 4 3 2 0 0 0 0 1 0 1 3 4 13 3 5 7 2 4
23110511 867 2 3 3 1 0 1 1 0 0 0 0 0 0 2 0 0 0 3 0 2 4 3 2 7 3 4 1 5 3 13
23110512 974 7 3 1 3 1 2 2 1 1 0 3 1 0 0 0 0 3 2 2 2 13 1 4 4 2 4 1 3 1 7 2 2 0 0 0
23110516 913 1 2 1 0 2 1 0 0 0 0 0 1 0 3 13 3 1 1 4 6 3 4 3 1 3 0 2 0 0
23110517 913 2 3 1 1 0 1 1 0 0 0 0 1 0 1 0 2 0 2 7 4 3 4 8 3 1 0 13 2 5 0
23110518 987 10 1 3 3 2 3 1 1 2 2 1 1 0 3 1 0 0 0 0 4 3 3 2 3 3 13 6 5 3 4 0 2 1 3 0 2 0 1
23110524 866 7 1 3 3 2 1 2 1 1 0 2 1 0 0 0 0 3 2 2 3 3 1 3 4 13 2 0 5 3 9 3 4 3 0 0
23110525 693 2 2 1 1 0 3 1 0 0 0 0 1 1 0 0 0 0 1 3 5 2 3 0 1 3 2 2 4 1 13
23110526 934 4 1 2 1 3 1 0 3 1 0 0 0 0 2 1 1 1 0 0 2 0 0 3 5 3 3 3 2 3 13 4 6
23110528 923 2 3 2 1 0 2 1 0 0 0 0 0 1 1 0 1 0 1 3 5 2 0 0 4 5 4 4 1 3 13
23110529 927 6 2 3 2 2 1 1 1 0 1 1 0 0 0 0 2 3 1 0 4 4 13 0 0 5 7 3 0 1 4 0 0 2 0
23110531 962 6 2 2 3 1 3 1 1 0 3 1 0 0 0 0 2 2 2 3 2 0 2 1 1 7 1 3 6 2 4 13 7 6 0
23110532 829 2 2 1 1 0 2 1 0 0 0 0 1 1 0 0 1 3 1 0 4 5 2 3 6 3 3 5 3 8 13
23110536 1009 2 3 2 1 0 1 1 0 0 0 0 0 1 1 0 2 0 0 1 4 13 3 3 4 8 7 3 3 3 0
23110537 1030 8 1 3 1 2 1 3 1 3 1 0 2 1 0 0 0 0 4 1 3 0 0 3 2 4 3 2 0 2 5 1 3 13 3 4 0
23110539 1045 0 1 0 1 1 0 0 0 0 0 0 0 2 0 1 0 3 6 1 0 5 4 4 0 13 4 2 2
23110540 753 0 3 1 8 0.33333333333333331 9 0.33333333333333331 10 0.33333333333333331 0 0 0 1 0 0 0 1 0 0 3 6 5 5 7 13 3 2 2
23110541 741 0 1 0 1 1 0 0 0 0 0 0 0 0 0 3 2 0 13 3 4 3 2 3 1 0 3 3 6
23110545 854 1 2 1 0 3 1 0 0 0 0 0 1 0 0 2 1 0 4 1 3 0 1 13 1 2 3 2 4 3
23110547 898 8 1 3 3 1 3 2 3 2 1 0 1 1 0 0 0 0 2 2 4 7 13 3 0 2 5 1 1 4 3 3 2 2 7 0 0
23110548 827 4 1 2 3 2 1 0 3 1 0 0 0 0 1 2 1 0 4 1 2 3 2 8 3 1 1 3 1 2 7 13 0
23110551 724 7 2 2 2 1 3 2 3 1 0 1 1 0 0 0 0 1 4 2 5 5 1 3 7 6 0 0 13 4 1 0 0 0 3 0
23110553 876 4 2 3 3 1 1 0 1 1 0 0 0 0 1 1 2 0 13 4 1 3 6 1 3 3 2 5 1 2 2 0 2
23110554 894 1 3 1 0 1 1 0 0 0 0 0 0 1 2 5 3 3 3 6 4 9 0 1 3 7 0 2 3 13
23110555 915 11 2 2 2 3 2 1 1 3 1 1 3 1 0 3 1 0 0 0 0 4 4 3 0 0 3 3 0 9 6 3 3 2 6 3 1 4 7 13
23110557 1010 4 3 3 3 1 1 0 2 1 0 0 0 0 1 0 3 0 0 2 3 0 3 1 1 1 0 4 13 2 3 2 4
23110558 937 2 2 2 1 0 2 1 0 0 0 0 0 2 0 13 3 1 1 8 7 3 0 7 7 3 0 0 0 1 0
23110560 986 11 3 3 2 2 1 3 3 1 2 1 1 1 0 2 1 0 0 0 0 4 3 4 0 5 2 13 3 0 3 5 1 3 5 4 0 0 0 4
23110561 891 4 1 1 2 3 1 0 1 1 0 0 0 0 2 1 1 0 0 0 3 0 0 2 4 2 5 3 2 3 9 1 13
23110562 700 6 3 1 2 2 3 2 1 0 1 1 0 0 0 0 1 3 2 3 0 0 0 4 3 7 0 6 1 3 0 13 3 2 1
23110563 828 10 1 3 3 2 2 1 1 3 2 3 1 0 1 1 0 0 0 0 3 3 4 0 3 4 0 0 4 4 2 2 13 5 1 0 4 4 0
23110564 629 0 3 1 4 0.33333333333333331 5 0.33333333333333331 6 0.33333333333333331 0 0 0 3 6 5 2 1 4 13 2 1 3 5 4 0 3 0 3
23110565 787 11 2 2 1 3 3 3 2 2 1 1 1 1 0 3 1 0 0 0 0 4 4 3 9 4 2 3 7 4 7 3 1 6 9 3 4 13 0 0
23110567 838 0 1 0 1 1 0 0 0 0 0 0 0 0 3 1 3 3 6 4 3 8 7 7 5 13 2 2 0
23110568 881 9 2 1 3 2 1 2 2 1 3 1 0 3 1 0 0 0 0 3 4 2 1 2 0 0 1 3 3 0 2 3 5 3 3 1 13 0
23110569 981 7 1 2 3 1 1 2 3 1 0 3 1 0 0 0 0 3 2 2 13 6 2 0 4 4 2 1 1 4 0 0 2 0 0 0
23110570 940 7 2 1 2 3 2 3 2 1 0 1 1 0 0 0 0 1 4 2 4 3 4 1 1 0 4 13 6 2 4 3 0 1 3 4
23110571 834 11 1 1 3 2 2 3 3 1 2 2 3 1 0 1 1 0 0 0 0 3 4 4 5 4 4 1 5 8 2 0 5 4 13 0 3 0 0 0
23110573 1033 6 1 3 3 2 1 3 1 0 1 1 0 0 0 0 2 1 3 4 2 2 0 4 13 0 0 5 2 4 3 3 3 0 1
23110574 891 11 1 2 2 2 1 3 3 3 3 1 1 1 0 2 1 0 0 0 0 4 3 4 3 0 0 0 5 9 0 0 5 13 0 0 3 6 4 7
23110575 973 8 1 3 2 3 1 3 3 2 3 1 4 0.33333333333333331 5 0.33333333333333331 6 0.33333333333333331 2 2 4 0 0 3 2 2 4 3 3 1 6 3 13 0 0 1 0
23110576 850 5 2 2 1 3 2 1 0 2 1 0 0 0 0 1 3 1 0 0 3 3 1 0 1 0 3 2 4 13 1 5 1 3
23110577 1111 7 1 1 3 2 1 1 3 1 0 2 1 0 0 0 0 4 1 2 3 4 0 0 2 3 6 3 2 3 13 2 3 1 5 0
23110579 743 11 3 2 3 1 1 3 2 1 2 2 1 1 0 3 1 0 0 0 0 4 4 3 0 2 1 3 2 3 3 5 0 1 5 13 2 0 1 0
23110581 871 1 2 1 0 2 1 0 0 0 0 0 1 0 1 0 0 0 3 1 3 1 3 4 8 4 4 13 0 2
23110582 856 2 1 3 1 0 2 1 0 0 0 0 1 0 1 0 0 1 0 2 3 3 6 2 4 6 8 1 3 13 3
23110583 831 7 2 3 2 1 2 2 3 1 0 1 1 0 0 0 0 1 4 2 3 1 8 13 0 3 5 6 0 0 3 6 0 0 1 3
23110585 958 3 2 1 3 1 0 1 1 0 0 0 0 1 1 1 0 1 4 0 2 5 3 2 3 3 5 1 13 4 7 2
23110586 865 7 1 1 2 3 1 3 2 1 0 3 1 0 0 0 0 3 2 2 4 3 13 1 1 5 3 3 2 0 0 2 3 0 0 2
23110587 891 9 2 2 1 3 3 2 3 2 3 1 0 1 1 0 0 0 0 1 4 4 0 1 0 0 0 0 3 1 0 2 4 5 1 4 7 13
23110590 847 7 1 2 3 2 3 2 3 1 0 3 1 0 0 0 0 1 3 3 2 5 4 4 3 13 1 1 4 0 0 1 2 0 1 0
23110591 1009 8 3 2 3 2 1 1 2 1 1 0 3 1 0 0 0 0 3 3 2 2 0 3 1 3 6 4 1 7 3 0 0 13 3 2 0
23110592 817 5 2 1 2 3 1 3 1 5 0.33333333333333331 6 0.33333333333333331 7 0.33333333333333331 2 2 1 2 6 2 13 0 5 5 1 3 1 3 6 0 0 0 3
23110594 876 7 2 2 2 1 1 1 1 1 0 2 1 0 0 0 0 4 3 0 0 2 4 13 3 3 3 1 4 3 5 3 0 0 6 9
23110595 1047 7 2 1 2 3 2 3 2 1 0 3 1 0 0 0 0 1 4 2 0 4 4 13 3 8 5 5 1 1 1 5 3 0 3 0
23110596 959 9 1 3 3 2 3 1 3 2 2 1 0 1 1 0 0 0 0 2 3 4 0 2 5 0 1 3 4 4 0 3 3 13 0 5 2 1
23110599 916 7 3 2 3 1 1 2 3 1 0 2 1 0 0 0 0 2 2 3 0 1 0 2 1 3 4 1 0 13 3 4 2 3 5 3
23110600 896 9 2 3 2 1 3 1 2 2 1 1 0 1 1 0 0 0 0 3 4 2 3 3 2 1 0 3 4 4 0 6 3 13 0 0 0 3
23110601 945 8 1 3 1 1 2 1 2 3 1 0 3 1 0 0 0 0 4 2 2 1 4 7 13 0 1 3 3 2 4 2 2 0 2 5 3
23110602 976 10 1 3 2 2 3 2 1 1 3 3 1 0 2 1 0 0 0 0 3 3 4 0 3 1 0 3 0 0 1 2 13 0 0 1 4 5 2
23110604 989 11 1 2 1 1 2 3 3 2 1 3 2 1 0 3 1 0 0 0 0 4 4 3 3 13 5 4 6 8 5 0 10 1 3 0 3 2 0 0
23110605 921 5 1 3 2 1 3 1 0 2 1 0 0 0 0 2 1 2 0 0 2 4 2 1 5 13 0 1 3 5 0 3 4 0
23110606 923 8 3 3 1 2 2 2 2 3 1 0 1 1 0 0 0 0 1 4 3 1 4 1 6 0 2 5 4 3 0 13 4 0 0 1 3
23110607 939 5 2 2 3 1 1 1 0 3 1 0 0 0 0 2 2 1 2 5 9 0 0 7 13 4 1 3 2 4 0 4 1 3
23110609 894 7 3 1 1 2 2 1 3 1 0 3 1 0 0 0 0 3 2 2 0 0 1 7 0 0 3 3 0 3 5 4 2 2 4 13
23110610 884 6 1 2 2 2 2 3 1 0 3 1 0 0 0 0 1 4 1 1 3 13 1 1 5 7 3 4 2 5 0 3 1 6 0
23110611 899 10 1 2 3 1 2 1 2 3 2 3 1 0 1 1 0 0 0 0 3 4 3 8 4 2 5 7 5 1 0 1 13 4 0 0 2 0 3
23110612 973 4 1 1 2 2 1 0 3 1 0 0 0 0 2 2 0 0 0 0 3 0 0 2 0 3 5 3 5 1 4 3 13
23110613 1006 8 3 3 2 2 1 1 3 2 1 0 3 1 0 0 0 0 2 3 3 0 0 0 2 2 4 1 4 0 2 3 3 1 13 1 1
23110615 1015 6 1 2 2 3 1 3 3 1 4 0.33333333333333331 5 0.33333333333333331 6 0.33333333333333331 2 2 2 0 2 0 0 1 2 3 1 4 3 3 4 4 13 4 3
23110619 989 2 3 3 1 0 1 1 0 0 0 0 0 0 2 2 8 13 0 5 7 4 0 1 7 6 3 3 5 0 2
23110623 968 2 2 3 1 0 3 1 0 0 0 0 0 1 1 2 1 1 13 0 1 1 3 5 6 3 2 3 8 2 3
23110624 844 9 3 2 2 3 3 1 1 1 3 1 0 2 1 0 0 0 0 3 2 4 3 2 13 1 1 3 2 7 0 4 0 3 0 3 2 1
23110626 984 4 1 1 1 1 1 0 3 1 0 0 0 0 4 0 0 2 3 4 13 3 2 2 4 0 2 0 3 3 3 0 0
23110628 825 5 1 2 2 1 3 1 0 2 1 0 0 0 0 2 2 1 2 0 1 0 3 3 4 0 0 4 3 0 4 13 8 1
23110630 859 7 1 1 2 1 3 3 1 1 0 2 1 0 0 0 0 4 1 2 2 3 2 3 2 3 1 13 0 4 6 5 0 3 5 3
23110633 896 1 1 1 0 1 1 0 0 0 0 1 0 0 3 4 4 13 0 5 4 3 0 3 2 3 0 0 0 2
23110634 825 4 2 3 2 1 1 0 2 1 0 0 0 0 1 2 1 7 1 1 4 3 3 13 2 3 2 1 3 1 4 0 0
23110636 788 0 1 0 3 1 0 0 0 0 0 0 0 3 13 3 7 2 2 5 0 4 0 1 1 2 0 0 1
23110637 936 3 3 2 2 1 0 1 1 0 0 0 0 0 2 1 4 6 4 1 2 1 3 13 0 3 2 1 0 0 0 3
23110638 1039 1 3 1 0 2 1 0 0 0 0 0 0 1 0 0 2 0 0 4 3 1 2 1 4 1 0 13 5 3
23110639 970 2 2 2 1 0 1 1 0 0 0 0 0 2 0 0 3 13 2 6 5 3 4 0 1 4 3 1 0 3 3
23110640 861 2 3 2 1 0 3 1 0 0 0 0 0 1 1 0 3 1 0 0 0 1 4 2 2 1 5 0 4 4 13
23110641 809 6 2 1 3 1 1 2 1 0 3 1 0 0 0 0 3 2 1 2 3 4 0 1 3 3 3 3 4 13 0 3 6 8 2
23110642 933 0 1 0 3 1 0 0 0 0 0 0 0 0 4 3 3 0 2 5 4 0 13 3 1 1 0 2 0
23110643 781 7 2 2 1 3 1 2 3 1 0 1 1 0 0 0 0 2 3 2 3 8 0 0 2 1 3 0 13 6 5 1 3 5 4 2
23110644 1085 2 1 3 1 0 3 1 0 0 0 0 1 0 1 4 6 13 1 4 5 2 0 3 2 2 0 1 0 0 0
23110645 874 10 1 2 2 3 1 3 1 1 2 3 1 0 2 1 0 0 0 0 4 3 3 2 5 1 13 3 7 5 8 1 6 3 2 0 3 0 0
23110646 898 7 3 1 3 2 1 3 2 1 0 1 1 0 0 0 0 2 2 3 0 0 1 3 2 0 3 6 0 3 3 8 3 13 8 2
23110648 905 7 2 3 1 2 1 3 2 1 0 2 1 0 0 0 0 2 3 2 3 3 1 0 4 3 4 1 3 13 0 3 3 6 4 0
23110651 847 4 3 3 1 1 1 0 3 1 0 0 0 0 2 0 2 0 0 2 1 2 4 3 4 6 8 1 9 2 2 8 13
23110652 857 0 1 0 1 1 0 0 0 0 0 0 0 0 3 5 13 4 5 5 2 0 6 3 4 3 0 0 0
23110653 973 3 1 3 1 1 0 2 1 0 0 0 0 2 0 1 0 2 0 3 0 0 4 6 0 1 4 7 3 2 4 13
23110655 899 2 2 3 1 0 2 1 0 0 0 0 0 1 1 3 0 0 0 5 3 0 0 13 3 5 3 1 1 3 0
23110658 860 5 1 3 3 1 3 1 0 1 1 0 0 0 0 2 0 3 2 3 2 3 13 3 4 2 6 7 2 0 1 3 3 0
23110660 834 4 1 2 1 2 1 0 3 1 0 0 0 0 2 2 0 0 0 0 3 2 4 3 3 7 7 4 0 13 1 5 3
23110661 839 4 1 2 1 3 1 0 3 1 0 0 0 0 2 1 1 0 2 1 0 0 6 3 0 5 13 6 0 2 4 3 3
23110663 832 8 2 2 1 2 1 2 3 3 1 0 1 1 0 0 0 0 2 4 2 0 0 1 0 4 4 13 0 2 1 7 4 3 2 1 3
23110665 973 6 1 1 3 2 1 2 3 1 7 0.33333333333333331 8 0.33333333333333331 9 0.33333333333333331 3 2 1 0 0 1 2 0 0 3 0 0 0 5 4 2 4 7 13
23110667 877 9 3 1 2 2 1 2 2 3 3 1 0 1 1 0 0 0 0 2 4 3 0 3 0 3 3 4 1 1 0 3 3 4 1 2 2 13
23110668 878 7 2 2 3 3 3 1 1 1 0 1 1 0 0 0 0 2 2 3 3 8 13 0 3 6 1 3 3 6 0 2 2 3 0 0
23110669 826 4 3 1 3 3 1 0 1 1 0 0 0 0 1 0 3 13 2 2 2 3 4 4 0 5 3 0 0 5 1 0 0
23110670 1069 3 2 3 1 1 0 2 1 0 0 0 0 1 1 1 3 13 1 3 1 1 6 1 4 2 4 0 5 4 2 2
23110671 899 11 2 1 3 3 2 1 2 1 2 1 3 1 0 3 1 0 0 0 0 4 4 3 0 3 0 2 1 4 4 1 0 5 1 2 3 2 3 13
23110673 935 0 1 0 2 1 0 0 0 0 0 0 0 1 5 4 2 1 2 4 4 0 0 1 13 0 0 0 3
23110674 788 10 2 1 2 2 3 3 1 3 1 2 1 0 1 1 0 0 0 0 3 4 3 3 5 13 1 0 5 4 3 0 2 4 3 0 0 3 0
23110675 967 10 1 3 3 1 2 2 3 2 1 1 1 0 3 1 0 0 0 0 4 3 3 2 3 5 1 1 7 2 2 0 4 7 2 0 4 1 13
23110678 1005 11 2 3 2 1 3 1 1 1 2 2 3 1 0 3 1 0 0 0 0 4 4 3 2 0 0 0 2 6 7 3 1 5 1 3 13 3 1 2
23110680 810 5 1 3 3 1 3 1 0 1 1 0 0 0 0 2 0 3 0 3 3 13 2 2 4 5 0 1 5 3 2 0 0 2
23110681 948 0 1 0 2 1 0 0 0 0 0 0 0 3 4 13 3 1 4 6 8 0 0 0 5 0 0 3 0
23110682 970 11 2 3 1 2 2 2 1 1 1 3 3 1 0 3 1 0 0 0 0 4 4 3 3 1 0 0 2 1 6 3 0 4 4 2 3 3 7 13
23110683 967 6 2 1 1 3 2 3 1 0 1 1 0 0 0 0 2 2 2 0 13 3 2 4 3 7 3 3 8 3 2 3 0 5 1
23110685 1026 8 2 3 1 1 3 2 1 3 1 0 1 1 0 0 0 0 3 2 3 0 0 1 3 0 2 3 3 5 2 5 3 2 4 7 13
23110686 1045 5 3 3 3 1 2 1 0 1 1 0 0 0 0 1 1 3 1 2 0 0 0 5 5 5 2 7 6 3 0 0 3 13
23110689 956 1 1 1 0 2 1 0 0 0 0 1 0 0 2 3 13 0 3 4 5 10 1 1 1 2 0 5 2 0
23110690 862 11 3 1 1 1 3 3 2 2 1 2 2 1 0 3 1 0 0 0 0 4 4 3 1 3 1 4 2 5 4 13 7 8 2 5 0 1 2 0
23110691 880 7 2 2 1 3 1 3 1 3 1 4 0.33333333333333331 5 0.33333333333333331 6 0.33333333333333331 3 2 2 3 2 5 13 3 1 5 1 0 3 6 2 0 0 0 2
23110694 889 5 2 1 3 3 2 1 0 2 1 0 0 0 0 1 2 2 1 5 1 3 2 4 6 13 3 1 4 6 0 3 3 0
23110696 1058 5 3 1 1 3 1 1 0 2 1 0 0 0 0 3 0 2 13 3 0 0 8 3 2 2 4 7 4 1 3 2 0 3
23110697 923 7 2 2 3 1 1 3 2 1 0 1 1 0 0 0 0 2 3 2 0 3 2 0 4 4 1 3 13 6 6 3 7 7 3 0
23110700 819 5 1 3 3 3 2 1 0 3 1 0 0 0 0 1 1 3 1 0 0 0 0 4 3 3 2 1 7 3 2 8 4 13
23110701 818 5 2 3 2 3 2 1 0 1 1 0 0 0 0 0 3 2 0 0 1 0 3 1 1 2 4 3 3 3 4 6 13 4
23110702 721 0 1 0 2 1 0 0 0 0 0 0 0 13 1 3 0 7 4 1 0 3 3 4 2 0 3 0 0
23110704 857 4 3 2 1 3 3 1 5 0.33333333333333331 6 0.33333333333333331 7 0.33333333333333331 1 1 2 13 7 2 8 5 3 3 4 5 3 1 1 0 2 0 0
23110705 945 2 2 2 1 0 2 1 0 0 0 0 0 2 0 0 2 1 1 3 8 5 4 1 3 4 1 3 3 4 13
23110706 910 9 2 3 1 1 1 3 2 2 1 1 0 3 1 0 0 0 0 4 3 2 3 5 13 0 2 2 7 3 3 3 1 3 2 4 1 0
23110707 936 6 2 2 3 3 1 2 1 0 3 1 0 0 0 0 1 3 2 0 0 0 2 4 1 1 3 1 5 4 3 0 13 4 3
23110709 926 9 2 2 1 3 3 1 1 1 2 1 0 2 1 0 0 0 0 4 3 2 0 6 3 4 3 3 4 13 1 7 4 2 0 0 6 8
23110710 1075 11 3 2 1 3 3 1 2 2 1 3 1 1 0 2 1 0 0 0 0 4 3 4 0 0 1 0 0 2 3 6 0 2 6 3 1 13 4 8
23110711 1023 2 1 3 1 0 2 1 0 0 0 0 1 0 1 0 4 5 13 0 3 3 6 3 2 1 3 0 3 0 0
23110713 890 9 3 1 2 2 3 2 3 2 1 1 0 1 1 0 0 0 0 2 4 3 9 4 2 2 5 13 4 0 4 1 0 1 1 0 3 0
23110715 830 7 3 1 2 3 2 2 2 1 0 3 1 0 0 0 0 1 4 2 0 1 1 0 0 0 9 4 1 3 3 2 1 4 8 13
23110716 719 10 1 2 3 2 2 1 3 2 3 1 1 0 1 1 0 0 0 0 3 4 3 0 3 0 7 0 3 5 1 3 2 3 4 0 4 6 13
23110719 820 6 2 2 1 3 3 3 1 0 3 1 0 0 0 0 1 2 3 4 13 8 3 2 7 5 6 1 2 1 1 2 0 0 1
23110720 898 9 2 2 3 2 3 1 1 3 3 1 0 2 1 0 0 0 0 2 3 4 0 13 6 1 1 5 1 1 0 2 2 3 0 1 2 0
23110722 966 4 1 1 3 3 1 0 1 1 0 0 0 0 2 0 2 0 0 0 2 3 13 6 4 0 3 3 4 0 2 7 2
23110725 936 5 2 3 1 1 2 1 0 3 1 0 0 0 0 2 2 1 2 1 0 3 3 6 4 3 6 1 0 0 13 3 2 0
23110726 993 8 2 2 3 1 2 3 3 1 1 0 2 1 0 0 0 0 2 3 3 0 1 4 3 1 0 2 13 7 5 1 1 0 4 2 6
23110727 877 11 2 1 3 2 2 3 2 1 1 3 1 1 0 3 1 0 0 0 0 4 4 3 1 0 0 0 2 2 3 3 5 6 0 0 13 8 4 1
23110728 871 6 1 2 3 1 1 2 1 0 2 1 0 0 0 0 3 2 1 0 3 2 13 3 1 8 4 3 3 3 1 0 3 2 0
23110730 1052 10 3 3 1 1 1 2 2 2 2 3 1 0 3 1 0 0 0 0 3 4 3 4 1 4 1 0 5 7 13 0 2 9 4 1 0 2 0
23110731 836 1 3 1 0 3 1 0 0 0 0 0 0 1 4 3 3 0 3 13 6 2 1 5 7 1 3 0 2 0
23110733 953 1 2 1 0 3 1 0 0 0 0 0 1 0 0 0 0 1 1 3 3 3 0 2 5 4 0 13 5 4
23110735 982 6 2 1 1 3 3 3 1 0 2 1 0 0 0 0 2 1 3 1 4 2 2 3 2 6 0 13 1 0 0 3 1 0 0
23110736 1014 5 2 2 3 1 2 1 0 2 1 0 0 0 0 1 3 1 0 0 0 1 1 4 7 3 0 5 3 0 1 13 4 3
23110737 768 6 3 1 2 2 3 2 1 0 3 1 0 0 0 0 1 3 2 3 6 4 1 3 13 3 0 4 1 1 0 0 2 0 0
23110738 840 4 3 2 3 2 1 0 3 1 0 0 0 0 0 2 2 1 3 2 1 3 13 5 4 3 3 3 3 0 0 5 1
23110739 819 10 3 1 1 3 2 2 1 2 3 2 1 0 3 1 0 0 0 0 3 4 3 1 4 1 3 4 2 13 1 1 2 2 2 1 3 0 0
23110740 969 0 1 0 2 1 0 0 0 0 0 0 0 0 3 13 3 1 1 1 5 7 2 6 2 3 5 3 3
23110742 984 3 1 3 1 1 0 3 1 0 0 0 0 2 0 1 0 13 3 4 0 3 4 2 3 2 5 0 0 1 2 0
23110743 972 9 1 2 3 3 1 3 2 1 2 1 0 2 1 0 0 0 0 3 3 3 0 0 1 0 3 1 13 0 2 4 4 3 3 4 3 0
23110744 920 10 2 1 2 3 2 3 3 2 1 3 1 0 1 1 0 0 0 0 2 4 4 1 4 8 13 0 3 5 3 0 3 5 4 0 1 2 0
23110745 924 11 1 3 2 1 2 2 1 3 2 1 3 1 0 3 1 0 0 0 0 4 4 3 3 1 1 13 0 1 4 5 2 2 2 3 0 0 3 0
23110749 852 5 1 3 1 1 3 1 0 2 1 0 0 0 0 3 0 2 2 3 2 0 3 4 3 0 3 6 5 3 5 8 13 0
23110751 974 3 1 3 2 1 0 3 1 0 0 0 0 1 1 1 4 0 3 1 3 4 4 0 5 3 7 2 13 6 3 0
23110752 911 2 1 2 1 0 2 1 0 0 0 0 1 1 0 13 8 5 3 6 4 6 4 3 3 5 1 2 1 0 0
23110753 869 1 1 1 0 1 1 0 0 0 0 1 0 0 13 6 5 2 3 2 0 0 6 4 0 1 0 0 2 0
23110754 878 8 1 1 2 3 1 2 2 2 1 0 1 1 0 0 0 0 3 4 1 1 3 0 0 6 2 3 3 4 2 0 0 13 1 0 0
23110756 827 6 1 3 2 2 3 3 1 0 2 1 0 0 0 0 1 2 3 0 13 6 2 1 3 1 4 0 0 5 3 0 1 3 0
23110757 875 5 3 1 2 2 3 1 0 3 1 0 0 0 0 1 2 2 2 0 0 1 2 13 3 1 4 1 0 0 3 3 7 0
23110760 828 0 1 0 2 1 0 0 0 0 0 0 0 0 1 3 0 4 3 1 3 4 3 4 0 2 4 13 0
23110761 966 4 1 1 1 3 1 0 2 1 0 0 0 0 3 0 1 0 0 5 2 0 5 4 3 0 2 1 4 3 2 3 13
23110762 1017 7 1 2 3 2 1 2 1 1 0 3 1 0 0 0 0 3 3 1 0 0 1 4 0 2 13 5 3 3 4 1 2 8 3 4
23110763 765 9 3 2 2 1 1 2 3 2 1 1 0 3 1 0 0 0 0 3 4 2 0 5 4 13 0 0 6 7 1 2 3 4 0 0 1 3
23110764 990 8 2 1 2 2 1 2 1 3 3 1 4 0.33333333333333331 5 0.33333333333333331 6 0.33333333333333331 3 4 1 0 1 4 0 0 1 13 3 5 3 2 2 3 4 1 0
23110769 949 8 1 2 3 1 2 2 3 1 3 1 7 0.33333333333333331 8 0.33333333333333331 9 0.33333333333333331 3 3 2 0 4 5 13 2 3 5 3 3 1 3 1 2 0 0 3
23110770 908 5 3 1 2 3 2 1 0 2 1 0 0 0 0 1 2 2 3 5 1 3 3 3 8 13 0 0 3 1 6 0 4 0
23110771 801 7 1 3 3 3 2 1 1 1 0 2 1 0 0 0 0 3 1 3 5 3 3 2 6 4 5 0 13 6 2 3 1 0 0 0
23110773 939 3 1 1 2 1 0 2 1 0 0 0 0 2 1 0 2 3 0 1 3 5 2 0 3 4 1 4 3 13 0 0
23110774 929 9 1 2 3 2 1 2 3 1 2 1 0 3 1 0 0 0 0 3 4 2 7 1 2 3 6 5 4 2 5 7 4 13 0 1 0 1
23110775 1014 10 3 2 3 1 2 3 2 2 1 3 1 0 1 1 0 0 0 0 2 4 4 0 0 8 3 0 2 3 4 0 5 3 1 1 0 4 13
23110776 1053 6 2 2 3 3 1 1 3 1 6 0.33333333333333331 7 0.33333333333333331 8 0.33333333333333331 2 2 2 2 1 8 3 0 5 7 13 3 4 5 3 2 3 6 1
23110777 932 7 2 2 3 3 2 2 3 1 0 1 1 0 0 0 0 0 4 3 1 3 0 1 1 3 5 1 4 7 13 0 3 3 2 0
23110779 814 5 1 1 3 2 3 1 0 2 1 0 0 0 0 2 1 2 0 3 0 1 1 2 1 5 13 5 2 0 3 7 3 2
23110780 816 2 1 3 1 0 1 1 0 0 0 0 1 0 1 0 0 0 3 2 3 2 0 13 6 2 4 3 1 2 1
23110781 825 4 1 3 2 2 1 0 3 1 0 0 0 0 1 2 1 1 4 1 7 3 2 3 3 13 4 2 0 3 1 0 0
23110786 768 1 1 1 0 2 1 0 0 0 0 1 0 0 1 0 0 2 3 0 7 1 2 3 8 3 3 13 4 3
23110788 886 11 3 1 3 2 2 1 3 1 1 3 2 1 0 2 1 0 0 0 0 4 3 4 0 0 3 5 0 5 3 4 1 3 4 5 2 3 13 3
23110789 979 9 3 1 1 3 3 2 1 2 1 1 0 2 1 0 0 0 0 4 2 3 2 3 2 4 0 6 3 8 0 4 4 13 0 1 9 0
23110791 884 10 1 1 3 3 2 1 2 2 3 3 1 0 2 1 0 0 0 0 3 3 4 0 0 0 1 6 4 1 2 2 1 7 4 13 7 5 5
23110792 979 5 1 2 2 2 1 1 0 3 1 0 0 0 0 2 3 0 0 0 5 1 3 2 4 2 8 1 4 1 0 13 7 3
23110796 854 6 3 2 1 3 2 1 1 0 3 1 0 0 0 0 2 2 2 0 3 5 1 2 3 13 8 0 3 2 4 0 1 0 5
23110797 888 10 2 1 1 1 3 2 2 3 3 3 1 0 1 1 0 0 0 0 3 3 4 0 3 3 0 0 6 5 3 0 3 2 3 2 13 4 1
23110800 893 10 1 1 1 3 2 2 2 3 2 3 1 0 1 1 0 0 0 0 3 4 3 3 4 5 13 3 1 1 3 0 3 3 8 0 0 2 2
23110801 803 7 3 1 2 2 1 2 1 3 1 8 0.33333333333333331 9 0.33333333333333331 10 0.33333333333333331 3 3 1 13 1 7 3 2 5 1 6 2 4 5 6 0 0 0 3
23110803 888 4 2 2 2 1 1 0 3 1 0 0 0 0 1 3 0 13 3 3 0 2 5 3 0 3 7 5 1 1 0 1 3
23110805 967 10 3 1 2 1 1 2 2 3 2 1 1 0 3 1 0 0 0 0 4 4 2 3 2 4 1 3 2 1 13 0 0 1 5 0 3 2 3
23110806 800 3 3 3 1 1 0 1 1 0 0 0 0 1 0 2 0 0 2 0 1 9 3 0 6 3 4 2 13 3 2 0
23110808 859 11 1 2 1 3 3 1 2 1 3 3 2 1 0 2 1 0 0 0 0 4 3 4 3 3 6 13 0 5 3 3 3 3 3 6 3 0 0 0
23110810 829 8 2 1 2 1 3 3 3 2 1 0 2 1 0 0 0 0 2 3 3 1 0 2 1 0 4 3 13 0 1 8 5 0 4 4 3
23110812 977 5 2 3 1 1 2 1 0 3 1 0 0 0 0 2 2 1 13 2 5 3 1 3 3 0 3 8 4 1 7 6 2 0
23110815 819 9 2 3 1 3 2 2 3 3 1 3 1 6 0.33333333333333331 7 0.33333333333333331 8 0.33333333333333331 2 3 4 0 1 3 13 0 1 3 6 0 2 5 4 2 0 1 3
23110816 982 5 1 2 1 2 3 1 0 3 1 0 0 0 0 2 2 1 2 1 3 13 3 4 2 3 0 0 7 3 0 0 1 4
23110817 803 9 1 3 1 2 1 3 2 2 3 1 0 1 1 0 0 0 0 3 3 3 13 3 5 2 5 4 3 0 8 3 0 0 4 0 0 0
23110819 802 10 1 3 1 2 2 3 2 3 1 1 1 0 3 1 0 0 0 0 4 3 3 0 1 0 2 1 5 4 13 4 4 4 6 2 3 3 2
