4 6 3 0 11 5 3 1 7 3 2 0 2 2 0 0 6 3 1 3 1 3 1 1 2 1 310 3 0 3
3 6 11 2 1 3 4 2 2 0 3 0 0 0 1 0 5 1 3 1 3 3 1 2 1 323 2 0 3
2 2 0 0 0 1 1 11 0 0 4 6 0 0 4 3 5 3 1 3 3 3 1 2 1 343 1 0 4
1 3 0 0 3 2 3 0 1 5 3 1 7 11 0 2 3 3 3 2 1 3 1 313 0 1 2
0 0 1 3 1 2 1 0 4 3 5 11 2 4 4 5 2 1 2 1 2 1 303 1 1 0
3 3 2 1 0 4 11 3 2 4 3 6 3 0 0 4 4 1 3 1 3 1 2 1 275 2 0 2
0 3 1 2 2 5 0 3 1 1 2 4 0 4 11 3 11 1 1 3 3 2 2 1 3 2 3 2 1 1 1 317 3 4 4
0 5 11 2 3 3 1 5 0 0 4 2 0 3 1 0 10 2 1 3 3 3 2 1 2 2 1 1 1 1 325 3 4 3
0 2 0 0 0 3 6 2 4 3 4 2 4 11 3 1 5 2 1 1 1 3 3 4 0.54545454545454541 5 0.27272727272727271 6 0.1818181818181818 363 3 1 1
0 3 1 4 2 3 2 11 1 4 6 3 0 5 4 2 3 1 1 3 1 2 1 338 2 0 1
4 6 11 0 3 5 4 0 2 0 3 2 1 0 0 0 6 3 1 3 1 2 2 1 1 1 354 2 2 2
0 3 0 0 6 3 0 2 8 6 4 1 11 3 3 0 0 1 3 1 306 0 0 0
11 6 3 0 4 3 2 0 2 3 0 0 1 0 0 3 6 2 3 3 1 2 1 1 1 1 322 2 2 2
4 4 11 4 1 3 4 3 2 0 0 2 0 0 2 0 3 1 1 1 1 2 1 313 3 0 0
0 0 0 3 1 3 1 3 5 2 2 3 5 11 2 1 4 3 2 2 1 1 1 1 286 1 2 1
0 2 0 0 1 3 0 1 11 4 4 0 3 7 4 5 8 1 3 1 2 2 3 3 2 1 3 1 296 2 3 3
6 5 3 3 3 4 1 0 1 3 11 0 2 4 3 2 10 3 1 1 2 2 2 3 2 3 1 1 1 1 330 3 4 3
2 0 5 0 0 1 4 6 2 4 5 11 3 0 1 3 2 2 3 1 1 1 298 0 1 1
6 11 0 1 3 4 2 2 3 0 0 0 1 1 0 0 3 3 3 3 1 2 1 276 0 0 3
0 1 3 2 0 3 4 3 1 3 6 11 5 3 2 3 5 1 2 3 1 2 1 3 1 327 2 2 1
0 4 0 0 0 3 11 3 6 3 4 3 1 3 3 3 0 1 2 1 336 0 0 0
0 5 0 0 0 2 3 11 1 3 6 7 0 3 4 5 11 3 2 2 2 3 3 1 1 1 3 1 1 2 1 294 4 3 4
0 0 0 3 0 3 3 3 2 4 5 6 1 3 3 11 1 2 1 1 1 313 0 1 0
3 2 4 3 0 4 6 3 2 0 4 11 0 0 3 4 1 1 1 1 1 303 1 0 0
3 2 0 0 3 3 1 0 5 4 0 0 11 3 0 3 2 2 1 1 3 1 322 1 1 0
5 5 7 2 11 1 3 0 0 2 2 0 0 0 0 3 8 1 3 1 1 2 3 1 3 1 2 1 295 4 1 3
2 7 11 0 1 5 6 4 1 4 4 0 3 0 2 3 9 1 2 2 1 1 1 3 2 2 1 3 1 340 4 4 1
5 11 0 0 2 5 3 4 1 0 0 0 0 2 2 3 2 3 1 1 1 1 301 1 0 1
3 2 0 0 7 4 5 0 11 6 1 1 0 0 3 0 9 1 2 1 1 3 3 3 2 2 1 2 1 338 3 3 3
4 4 11 0 3 5 2 3 0 3 1 3 0 0 1 0 0 1 2 1 287 0 0 0
3 1 2 5 11 3 4 1 5 3 0 0 0 0 0 2 3 3 2 3 1 1 1 319 0 1 2
2 0 0 0 11 4 0 0 4 6 1 0 1 2 2 5 10 2 1 2 1 3 1 1 2 3 3 1 3 1 309 4 3 3
0 11 6 3 0 4 4 4 0 2 3 0 3 0 0 2 5 3 3 2 1 1 1 1 1 329 2 1 2
2 5 3 0 6 4 5 3 3 4 11 3 1 0 3 0 11 2 3 1 2 1 3 1 2 2 1 3 1 3 1 315 4 4 3
1 3 4 11 2 3 5 6 0 0 3 1 0 3 1 0 2 2 2 1 3 1 301 0 2 0
0 0 0 2 0 2 0 0 0 6 5 2 1 11 5 1 3 3 3 3 1 1 1 321 0 0 3
1 0 0 3 0 3 0 5 2 4 4 2 3 1 11 4 0 1 3 1 279 0 0 0
0 3 4 6 2 1 4 11 0 0 0 3 0 3 0 0 11 3 1 3 1 3 2 3 1 1 2 2 1 2 1 316 4 3 4
3 4 4 0 6 3 0 0 11 5 3 3 2 1 0 0 5 2 1 1 2 1 1 2 1 334 3 2 0
4 3 6 1 5 4 0 0 11 4 0 1 3 2 0 0 3 2 2 1 1 3 1 324 1 2 0
3 1 11 3 3 5 5 3 0 1 3 4 1 0 0 0 4 3 2 2 3 1 2 1 310 0 2 2
3 4 2 3 1 0 1 11 0 6 5 3 0 0 3 4 6 1 2 1 3 3 2 1 2 1 321 2 2 2
0 3 2 1 2 6 3 0 11 4 4 3 3 5 5 1 7 1 3 3 2 1 3 2 1 3 1 318 2 2 3
2 0 0 0 4 3 0 0 3 11 0 3 6 2 5 1 4 3 1 2 3 1 1 1 324 1 1 2
1 0 0 0 2 6 2 0 11 1 3 1 4 5 4 3 7 2 2 3 3 1 2 3 1 1 1 321 1 3 3
0 0 3 2 0 0 1 6 3 3 6 11 6 0 5 0 11 2 1 3 1 2 3 1 3 1 3 2 1 2 1 354 4 3 4
0 2 1 0 0 3 4 7 0 0 5 11 2 3 4 1 7 3 1 2 3 3 1 3 1 2 1 331 2 1 4
1 0 0 0 11 2 0 2 6 3 1 0 5 4 1 0 8 2 1 3 3 2 3 3 1 1 2 1 283 2 2 4
1 5 5 11 2 0 6 3 0 0 3 3 0 0 0 1 4 3 2 3 1 1 2 1 325 1 1 2
7 4 3 3 11 4 0 2 3 4 0 0 0 0 3 0 5 2 2 1 3 1 1 1 1 296 2 2 1
6 6 0 0 11 2 0 0 5 0 0 0 3 4 1 1 7 2 3 3 1 1 2 2 1 3 1 265 2 3 2
2 0 0 2 0 1 4 3 0 3 5 11 0 7 0 0 2 1 3 1 3 1 326 1 0 1
0 3 0 0 2 0 1 0 0 0 5 7 2 4 4 11 1 3 1 1 1 348 0 0 1
3 0 3 0 4 6 0 0 2 5 4 0 11 6 0 2 1 1 1 1 1 279 1 0 0
6 8 11 0 3 6 0 0 1 0 2 3 0 0 1 0 9 3 3 2 2 2 1 2 1 1 1 3 1 350 3 4 2
4 0 3 0 6 3 2 1 4 3 3 2 1 3 11 3 0 3 6 0.1818181818181818 7 0.27272727272727271 8 0.54545454545454541 280 0 0 0
1 6 2 3 1 5 11 1 2 3 3 0 3 0 2 0 0 1 3 1 324 0 0 0
2 0 0 0 4 0 0 0 5 4 1 1 11 8 6 2 2 2 3 1 1 1 377 0 1 1
0 0 3 0 0 0 0 2 1 3 3 11 3 4 4 5 10 1 2 1 2 1 3 2 1 2 3 1 3 1 305 4 4 2
1 3 1 3 0 3 5 5 2 3 4 11 0 0 3 3 6 3 1 2 1 3 2 1 2 1 331 2 2 2
2 0 0 2 0 0 1 11 0 0 5 6 0 1 0 5 11 2 3 1 1 2 2 2 3 3 3 1 1 1 1 336 3 4 4
4 2 0 3 6 3 2 0 11 4 1 0 3 0 0 0 5 1 1 3 1 2 1 2 1 320 3 1 1
5 3 2 1 11 5 0 0 3 4 5 0 2 3 0 0 7 3 2 3 2 1 3 1 1 1 1 340 2 2 3
3 2 11 3 0 5 6 3 3 4 3 1 2 0 0 0 10 2 2 2 1 3 3 3 1 3 1 1 1 1 315 3 3 4
3 3 2 0 4 11 6 2 3 3 4 0 1 0 2 0 2 1 3 1 1 1 336 1 0 1
0 0 0 2 1 2 3 3 0 2 4 3 4 11 6 4 6 2 1 3 1 3 3 1 1 1 332 2 1 3
0 0 0 1 0 0 1 2 1 4 6 0 3 3 3 11 6 2 1 3 2 3 2 1 3 1 289 1 3 2
3 4 5 11 1 5 6 6 0 0 3 0 0 0 1 2 3 3 2 1 1 2 1 312 1 1 1
0 0 1 0 3 2 3 0 3 4 3 4 3 11 6 2 4 3 3 1 2 1 1 1 299 1 1 2
0 3 3 0 0 4 0 0 11 5 0 0 6 4 1 2 2 1 2 3 6 0.1818181818181818 7 0.27272727272727271 8 0.54545454545454541 292 1 1 0
0 0 0 1 0 1 0 11 3 0 0 7 0 3 2 3 7 1 2 2 3 3 3 2 1 1 1 321 1 3 3
0 2 4 0 1 1 4 3 0 4 5 3 2 0 6 11 11 1 3 3 1 2 3 1 2 1 2 2 1 3 1 325 4 4 3
0 5 0 0 0 6 11 3 0 5 6 4 3 1 4 1 4 2 2 2 1 1 3 1 300 1 3 0
0 0 6 1 0 2 3 5 3 0 3 11 1 3 4 2 8 3 3 1 2 3 2 1 1 1 2 1 332 3 2 3
1 3 11 3 0 6 6 3 2 4 3 4 0 2 1 3 1 2 1 1 1 348 0 1 0
11 5 0 0 2 5 4 2 2 4 0 0 2 0 1 1 4 1 3 1 3 3 4 0.54545454545454541 5 0.27272727272727271 6 0.1818181818181818 324 2 0 2
0 0 0 1 2 6 11 2 3 3 4 0 3 4 2 0 4 1 3 1 1 1 2 1 343 3 0 1
0 0 0 1 3 2 1 0 1 5 5 2 3 3 11 5 0 1 2 1 274 0 0 0
2 3 3 4 11 6 4 1 0 7 6 3 1 0 0 0 4 2 3 1 2 1 3 1 358 1 2 1
0 0 0 2 0 1 1 3 0 5 3 6 2 3 1 11 0 1 2 1 293 0 0 0
0 0 0 2 0 3 3 1 3 0 7 5 0 11 6 5 5 2 3 2 3 1 1 1 1 264 1 2 2
0 0 0 1 1 0 6 11 2 4 1 7 2 3 2 3 3 1 3 2 1 3 1 310 1 1 1
0 4 5 3 0 0 4 11 2 3 1 4 1 2 0 0 11 1 1 1 3 2 3 3 3 2 2 1 1 2 1 314 4 3 4
11 5 0 0 4 5 2 0 1 4 3 1 0 4 2 2 8 1 2 3 3 1 3 3 2 1 1 1 264 2 2 4
0 3 0 3 1 1 5 0 2 3 4 11 0 2 1 6 0 1 2 1 305 0 0 0
2 7 3 6 0 1 6 11 0 0 0 1 0 0 2 0 5 3 3 1 3 2 1 3 1 303 1 1 3
3 2 0 0 1 4 0 0 3 4 2 3 11 6 1 0 1 1 1 2 1 291 1 0 0
4 2 11 2 3 4 0 0 0 3 1 0 0 1 2 0 10 1 2 2 1 3 3 3 3 1 2 1 1 1 294 3 3 4
0 0 2 1 0 1 5 11 1 2 5 7 0 2 0 0 1 2 1 1 1 302 0 1 0
0 3 3 5 0 3 4 11 0 0 3 4 3 2 1 1 1 2 1 3 1 324 0 1 0
3 7 2 11 2 1 3 1 1 3 5 0 0 0 1 2 7 3 2 3 2 1 3 2 1 1 1 287 1 3 3
5 4 4 5 1 5 11 2 0 2 4 4 0 3 0 0 1 1 1 3 1 325 1 0 0
0 0 3 3 5 2 0 0 5 4 1 0 6 11 1 0 7 2 2 2 1 1 1 3 1 2 1 300 3 3 1
0 0 3 1 2 2 5 3 0 3 3 7 1 0 5 11 11 1 3 3 3 2 2 1 2 2 3 1 1 1 1 316 3 4 4
0 11 8 6 3 5 4 3 3 3 2 0 0 0 0 1 10 1 2 2 3 2 3 2 1 1 3 1 1 1 311 3 4 3
0 0 3 1 0 3 5 4 1 6 11 2 2 0 3 4 10 1 2 1 3 3 1 2 3 2 2 1 1 1 271 3 4 3
2 5 4 11 3 2 4 6 0 2 0 1 0 0 2 0 5 3 3 1 1 1 1 3 1 280 3 0 2
0 3 0 1 0 2 2 3 1 4 4 5 3 11 5 4 10 3 2 1 2 1 3 1 2 1 3 1 2 1 291 4 3 3
3 11 5 7 3 4 6 3 0 2 1 3 3 0 0 0 2 3 1 1 2 1 315 1 0 1
6 11 0 3 4 5 1 0 4 3 0 0 3 0 1 0 8 2 1 3 2 2 2 1 3 1 3 1 344 2 4 2
2 11 3 3 3 6 4 0 1 1 4 3 0 2 4 0 11 1 3 2 2 3 1 2 3 1 1 2 1 3 1 307 4 4 3
0 2 0 0 1 3 2 6 11 4 0 3 5 2 1 0 1 3 1 1 1 340 0 0 1
3 4 0 0 5 5 3 6 11 3 3 0 0 0 3 0 3 3 2 3 1 1 1 303 0 1 2
0 0 11 4 0 4 5 4 2 1 3 5 0 0 0 3 9 3 1 2 2 3 3 1 2 1 1 3 1 328 3 3 3
0 3 5 6 2 1 6 11 0 3 4 0 1 0 0 0 0 1 2 1 313 0 0 0
0 0 0 1 1 4 6 11 0 4 7 7 0 3 3 4 9 2 2 3 1 3 2 3 2 3 1 1 1 313 1 4 4
0 0 1 0 2 5 0 0 11 6 0 0 3 3 4 5 7 3 1 1 3 2 1 2 1 2 1 322 3 2 2
11 3 3 0 6 6 3 1 0 4 2 0 3 3 0 0 11 2 1 1 3 2 3 3 3 1 2 2 1 1 1 341 3 4 4
0 1 6 5 1 0 4 11 0 0 0 4 0 0 0 3 5 3 2 2 2 1 1 3 1 312 1 3 1
1 0 0 0 4 2 0 0 4 5 4 0 7 11 2 1 11 2 3 1 2 3 2 1 1 3 2 3 1 1 1 336 3 4 4
1 3 2 3 2 3 4 0 3 11 6 0 5 0 1 3 0 1 3 1 315 0 0 0
3 6 11 3 3 4 3 3 1 0 2 0 0 0 0 2 10 1 2 3 3 1 3 1 2 1 2 1 3 1 338 4 3 3
3 3 5 7 0 1 4 11 0 0 3 3 2 0 1 0 0 1 2 1 318 0 0 0
1 2 3 0 0 2 4 0 3 7 4 3 0 7 11 3 0 1 1 1 294 0 0 0
0 0 1 0 4 0 0 0 5 7 3 3 5 8 11 0 7 2 3 2 1 2 3 1 1 3 1 335 2 3 2
6 4 1 0 1 2 11 3 0 7 2 0 0 3 0 0 9 1 2 2 1 2 3 3 1 1 1 2 1 315 4 3 2
1 0 1 0 3 4 1 0 4 4 4 0 3 6 11 7 3 2 2 3 1 2 1 305 0 2 1
0 3 0 0 4 3 11 0 0 5 5 0 3 3 1 3 9 3 2 2 2 1 1 3 3 2 1 1 1 327 2 4 3
0 1 7 0 3 5 6 0 3 11 4 1 2 1 2 2 9 3 3 1 3 1 1 2 3 2 1 2 1 345 3 2 4
2 2 1 0 5 5 0 3 11 3 3 0 1 3 0 0 2 2 3 1 1 1 314 0 1 1
4 4 0 0 11 3 2 0 3 5 0 2 1 3 7 0 11 1 3 2 1 3 1 2 3 1 3 2 3 6 0.1818181818181818 7 0.27272727272727271 8 0.54545454545454541 338 4 3 4
0 3 2 3 0 4 3 2 3 5 1 1 1 0 11 6 9 3 2 1 1 3 1 2 2 2 3 5 0.37499999999999994 6 0.24999999999999994 7 0.37499999999999994 262 3 4 2
1 11 0 0 5 6 4 3 4 0 0 3 0 3 0 0 3 2 2 3 1 1 1 301 0 2 1
1 0 3 0 3 2 4 2 5 5 0 1 1 11 7 0 7 3 2 2 1 1 3 2 1 3 1 289 2 3 2
0 0 3 3 0 3 4 11 2 5 5 2 1 6 1 3 5 3 1 3 2 2 1 1 1 321 1 2 2
0 2 0 1 3 2 3 0 1 4 3 11 3 5 5 7 0 3 6 0.1818181818181818 7 0.27272727272727271 8 0.54545454545454541 292 0 0 0
2 3 5 5 0 3 11 3 3 1 3 2 0 0 1 0 4 2 2 1 3 1 1 1 334 1 2 1
2 2 3 11 0 4 5 6 3 2 1 0 3 0 0 0 1 1 1 1 1 315 1 0 0
