4 3 1 1 3 5 2 0 4 3 5 0 0 2 0 0 1 0 2 1 0 0 0 0 3 2 4 17
2 1 5 5 0 1 4 7 3 3 0 5 0 0 1 0 1 0 3 1 0 0 0 0 2 4 2 42
2 6 8 1 3 5 4 4 0 3 0 1 0 0 0 1 1 0 3 1 0 0 0 0 2 4 2 67
4 7 8 6 1 2 4 5 0 0 0 4 0 3 0 3 1 0 2 1 0 0 0 0 3 2 2 92
6 7 8 7 3 4 5 4 3 1 3 0 2 2 0 3 1 0 1 1 0 0 0 0 2 2 2 117
4 6 7 9 0 3 6 0 3 0 3 0 2 2 3 2 1 0 2 1 0 0 0 0 4 0 2 142
5 7 8 9 1 5 5 0 0 1 1 2 2 0 0 0 1 0 3 1 0 0 0 0 1 2 3 167
1 6 10 4 3 6 0 0 1 3 0 3 4 1 0 0 1 0 3 1 0 0 0 0 1 4 2 192
3 4 5 10 3 5 6 7 1 5 2 2 2 1 3 0 1 0 3 1 0 0 0 0 3 2 3 217
6 5 6 10 1 5 5 8 0 2 3 5 0 1 0 3 1 0 1 1 0 0 0 0 1 3 4 242
3 6 8 10 0 0 6 8 3 3 4 4 0 1 0 3 1 0 1 1 0 0 0 0 2 4 2 267
4 7 9 10 4 4 6 5 0 3 3 5 3 2 0 0 1 0 1 1 0 0 0 0 3 3 1 292
7 8 9 10 0 5 5 4 0 5 3 4 4 3 0 0 1 0 1 1 0 0 0 0 3 4 2 317
2 3 5 7 1 5 4 0 2 2 4 11 0 1 5 0 1 0 1 1 0 0 0 0 3 3 3 342
0 8 6 8 0 2 6 11 3 3 5 5 0 4 1 3 1 0 1 1 0 0 0 0 3 4 4 367
4 8 7 8 3 4 5 11 0 0 4 7 3 0 3 4 1 0 3 1 0 0 0 0 4 4 2 392
3 4 5 10 1 3 4 11 0 1 3 7 0 2 0 4 1 0 2 1 0 0 0 0 3 3 4 417
3 5 8 10 2 6 5 11 2 0 4 4 0 0 0 1 1 0 1 1 0 0 0 0 3 3 4 442
3 3 9 10 2 6 7 11 3 1 6 8 0 1 2 3 1 0 2 1 0 0 0 0 4 3 4 467
1 4 0 1 12 2 1 0 6 3 2 0 6 3 0 0 1 0 2 1 0 0 0 0 3 3 4 492
1 0 2 0 4 0 1 0 12 3 0 0 9 6 3 2 1 0 2 1 0 0 0 0 4 3 4 517
0 1 3 2 2 5 1 0 12 6 5 2 9 7 5 4 1 0 1 1 0 0 0 0 0 0 0 542
2 4 0 3 7 5 4 2 12 6 4 1 9 8 5 1 1 0 3 1 0 0 0 0 0 0 0 567
2 3 1 0 4 4 3 1 12 3 6 2 10 6 3 0 1 0 1 1 0 0 0 0 3 4 4 592
0 3 2 1 1 2 2 1 12 7 5 3 10 9 7 3 1 0 2 1 0 0 0 0 4 3 4 617
0 0 0 4 3 3 5 3 12 7 6 3 10 9 8 6 1 0 1 1 0 0 0 0 3 4 4 642
3 2 0 9 1 1 4 6 1 5 7 0 3 6 12 11 1 0 2 1 0 0 0 0 0 1 1 667
0 1 3 9 2 2 1 7 1 3 5 8 1 4 12 11 1 0 2 1 0 0 0 0 0 1 0 692
1 0 2 0 3 9 3 7 0 2 8 8 4 6 12 11 1 0 3 1 0 0 0 0 1 0 1 717
3 3 4 5 3 1 5 7 1 9 2 9 1 7 12 11 3 1 4 0.54545454545454541 5 0.27272727272727271 6 0.1818181818181818 0 2 0 742
0 3 1 3 3 4 6 8 0 9 2 9 5 7 12 11 1 0 1 1 0 0 0 0 0 1 1 767
1 4 4 9 2 1 3 5 3 4 5 10 1 2 12 11 1 0 3 1 0 0 0 0 0 1 0 792
2 5 3 2 4 6 9 2 1 7 7 10 3 3 12 11 1 0 1 1 0 0 0 0 1 0 0 817
1 2 1 0 2 3 1 0 2 5 3 4 1 2 5 3 1 0 2 1 0 0 0 0 3 2 4 17
0 3 3 0 0 3 1 2 1 4 1 3 7 4 6 2 1 0 1 1 0 0 0 0 2 4 2 42
2 4 0 2 6 4 1 0 8 4 2 3 4 0 1 0 1 0 3 1 0 0 0 0 3 2 3 67
5 5 1 0 7 4 0 0 8 5 0 0 6 3 0 2 1 0 1 1 0 0 0 0 2 3 3 92
6 3 0 0 7 4 3 0 8 5 2 1 7 6 5 0 1 0 1 1 0 0 0 0 2 3 4 117
4 0 0 0 6 4 0 0 7 5 0 0 9 7 2 1 1 0 1 1 0 0 0 0 2 3 4 142
5 4 1 2 7 6 3 0 8 3 0 0 9 3 0 0 1 0 2 1 0 0 0 0 3 2 3 167
5 4 0 2 7 5 0 5 8 7 5 3 9 6 5 3 1 0 3 1 0 0 0 0 4 3 3 192
2 0 0 3 5 1 4 1 8 1 2 2 10 6 2 1 1 0 2 1 0 0 0 0 4 3 3 217
4 3 0 2 6 4 0 2 8 5 1 1 10 7 4 3 1 0 1 1 0 0 0 0 3 4 4 242
3 0 2 1 5 4 3 3 8 5 3 2 10 8 6 4 1 0 1 1 0 0 0 0 0 0 0 267
5 1 3 0 7 5 0 0 9 6 4 0 10 5 4 2 1 0 3 1 0 0 0 0 4 4 3 292
3 0 3 2 7 0 3 0 9 7 3 1 10 8 5 3 1 0 2 1 0 0 0 0 4 3 4 317
3 1 0 0 2 0 2 4 5 5 7 3 1 11 6 5 1 0 2 1 0 0 0 0 4 3 4 342
8 5 3 4 11 7 3 1 3 7 8 3 0 3 2 1 1 0 2 1 0 0 0 0 0 0 1 367
11 8 3 0 9 7 2 0 5 4 4 3 3 3 2 1 1 0 1 1 0 0 0 0 0 0 0 392
1 11 9 2 4 9 5 5 0 2 1 2 0 3 0 1 1 0 1 1 0 0 0 0 3 4 4 417
5 11 10 2 3 6 7 0 3 6 8 1 3 7 0 1 1 0 2 1 0 0 0 0 1 1 0 442
2 11 10 3 9 7 5 3 6 4 4 3 1 5 2 0 1 0 3 1 0 0 0 0 1 0 0 467
3 11 10 1 3 9 8 7 1 0 5 6 0 2 2 1 1 0 2 1 0 0 0 0 0 0 1 492
0 0 12 2 2 5 5 3 0 4 4 3 1 2 5 8 1 0 1 1 0 0 0 0 1 0 1 517
0 1 12 5 0 4 7 8 2 0 5 6 0 4 1 3 1 0 1 1 0 0 0 0 0 2 0 542
3 3 5 0 0 1 3 12 3 7 7 9 1 3 3 4 1 0 1 1 0 0 0 0 1 4 0 567
1 3 7 1 2 4 5 12 3 2 3 10 1 3 3 0 1 0 3 1 0 0 0 0 2 3 1 592
2 4 4 5 2 4 8 12 1 3 4 10 4 3 4 0 1 0 2 1 0 0 0 0 4 2 1 617
3 1 3 1 2 6 8 12 6 0 7 10 4 2 0 8 1 0 2 1 0 0 0 0 3 2 3 642
3 3 7 1 0 6 6 12 0 3 9 10 0 3 4 8 1 0 1 1 0 0 0 0 2 4 2 667
3 1 2 1 5 4 3 0 6 12 2 1 4 9 11 3 1 0 3 1 0 0 0 0 2 3 3 692
6 3 3 5 1 3 5 7 0 4 6 12 0 1 9 11 1 0 1 1 0 0 0 0 1 4 3 717
3 3 2 1 1 1 4 3 3 3 5 12 1 2 10 11 1 0 1 1 0 0 0 0 1 4 3 742
3 4 4 5 0 7 5 6 1 0 6 12 0 1 10 11 1 0 2 1 0 0 0 0 2 3 3 767
4 4 5 2 3 7 9 4 1 6 8 12 3 7 10 11 1 0 2 1 0 0 0 0 4 3 3 792
5 1 0 0 3 2 0 0 3 4 5 0 4 3 3 3 1 0 1 1 0 0 0 0 3 4 2 17
1 0 3 1 0 0 4 4 0 0 4 4 0 3 7 6 1 0 3 1 0 0 0 0 2 4 3 42
5 0 0 2 6 5 3 3 8 1 0 2 4 3 0 0 2 1 4 0.5 5 0.5 0 0 4 3 4 67
6 1 2 0 7 4 3 3 8 5 2 0 6 4 1 0 1 0 2 1 0 0 0 0 4 3 4 92
1 0 0 0 6 3 4 0 7 3 3 0 9 5 1 2 1 0 2 1 0 0 0 0 0 0 1 117
4 3 1 0 6 5 2 3 7 6 1 0 9 6 3 2 1 0 3 1 0 0 0 0 0 0 0 142
10 5 4 2 0 4 3 1 0 4 0 0 2 1 0 0 1 0 1 1 0 0 0 0 0 1 0 167
10 8 5 3 5 4 4 0 4 3 2 3 3 0 3 1 1 0 2 1 0 0 0 0 1 0 1 192
10 8 5 4 7 5 4 3 5 5 3 0 7 1 0 3 1 0 1 1 0 0 0 0 0 2 1 217
10 7 6 4 9 5 3 1 7 4 1 1 5 4 2 3 1 0 3 1 0 0 0 0 0 2 2 242
0 10 3 3 0 9 8 3 3 1 8 4 4 2 4 3 1 0 1 1 0 0 0 0 1 2 0 267
4 1 2 0 8 7 3 1 11 5 2 1 2 4 0 0 3 1 4 0.54545454545454541 5 0.27272727272727271 6 0.1818181818181818 2 2 0 292
6 5 3 0 9 4 3 0 11 1 2 3 3 3 0 0 1 0 2 1 0 0 0 0 2 1 0 317
7 8 3 0 9 6 2 1 11 4 1 1 5 4 0 0 1 0 2 1 0 0 0 0 0 1 2 342
0 3 0 3 1 3 4 1 10 6 5 1 1 11 5 2 1 0 2 1 0 0 0 0 0 2 1 367
3 3 3 2 10 4 2 3 4 5 4 6 5 11 7 0 1 0 3 1 0 0 0 0 2 0 1 392
5 0 2 0 10 3 4 3 3 2 5 4 5 11 8 6 1 0 1 1 0 0 0 0 1 0 1 417
4 2 4 2 4 10 3 3 5 2 7 7 1 11 8 0 1 0 3 1 0 0 0 0 2 0 0 442
6 0 1 3 2 7 3 0 4 10 4 0 2 11 9 1 1 0 2 1 0 0 0 0 1 0 1 467
4 2 3 2 4 6 5 3 0 8 9 3 1 10 11 0 1 0 2 1 0 0 0 0 2 0 0 492
0 2 4 1 1 6 5 1 0 12 5 6 0 0 1 1 1 0 2 1 0 0 0 0 0 3 1 517
3 12 8 4 1 2 4 3 1 4 4 3 0 0 1 0 1 0 3 1 0 0 0 0 0 2 1 542
3 12 8 2 3 4 6 9 1 4 5 7 0 2 2 3 1 0 2 1 0 0 0 0 3 0 1 567
0 1 12 10 2 5 6 5 0 1 3 2 0 0 5 3 1 0 3 1 0 0 0 0 1 1 2 592
2 4 12 10 0 3 5 8 1 1 5 4 2 0 0 3 1 0 3 1 0 0 0 0 2 2 1 617
4 5 12 10 0 4 7 8 0 1 5 6 1 2 3 4 1 0 2 1 0 0 0 0 2 2 1 642
2 2 12 10 1 3 7 8 2 6 5 7 1 5 5 8 1 0 2 1 0 0 0 0 2 0 3 667
1 5 12 11 3 2 1 5 0 0 0 3 0 0 0 2 1 0 1 1 0 0 0 0 1 2 2 692
1 0 12 11 4 5 5 7 6 4 1 5 2 2 1 2 1 0 2 1 0 0 0 0 2 1 3 717
4 5 12 11 1 4 7 8 2 3 1 5 1 0 0 0 1 0 3 1 0 0 0 0 1 3 2 742
6 7 12 11 1 6 7 8 0 2 3 3 1 1 2 0 1 0 1 1 0 0 0 0 1 3 3 767
1 1 12 11 3 2 8 10 1 4 4 3 0 5 3 4 1 0 3 1 0 0 0 0 2 4 3 792
4 7 12 11 4 6 8 10 3 4 1 2 2 0 9 0 1 0 1 1 0 0 0 0 3 3 4 817
2 5 5 0 3 2 3 1 3 2 1 4 0 3 1 2 1 0 1 1 0 0 0 0 3 3 3 17
3 3 0 0 2 5 7 0 4 5 4 0 3 3 3 3 1 0 1 1 0 0 0 0 3 3 2 42
0 4 2 3 2 3 4 5 3 4 6 7 3 5 6 1 1 0 2 1 0 0 0 0 3 1 4 67
0 0 0 2 4 2 0 3 3 5 4 3 7 8 6 4 1 0 1 1 0 0 0 0 3 2 3 92
4 2 2 1 4 4 0 0 5 6 4 0 7 8 7 5 1 0 1 1 0 0 0 0 2 2 4 117
3 2 0 0 3 3 0 0 5 4 3 1 9 8 5 3 1 0 1 1 0 0 0 0 3 4 2 142
0 2 2 0 4 3 3 2 3 5 4 1 9 8 7 5 1 0 1 1 0 0 0 0 3 2 4 167
2 0 2 0 3 3 0 2 4 3 1 0 10 6 4 2 1 0 2 1 0 0 0 0 4 0 4 192
1 3 2 0 5 0 0 0 7 5 4 3 10 7 5 3 1 0 3 1 0 0 0 0 3 3 2 217
4 0 3 0 6 3 3 2 8 5 0 0 10 7 3 1 1 0 3 1 0 0 0 0 3 3 1 242
4 3 3 0 6 5 3 1 8 6 5 2 10 7 5 3 1 0 3 1 0 0 0 0 2 2 2 267
0 0 2 0 3 4 3 0 8 7 5 6 10 8 6 4 1 0 1 1 0 0 0 0 1 1 4 292
1 5 3 3 10 4 2 1 10 3 0 0 0 1 2 0 1 0 2 1 0 0 0 0 2 2 2 317
8 7 5 3 11 4 4 0 5 0 2 0 3 0 1 0 1 0 3 1 0 0 0 0 3 3 3 342
2 3 3 3 9 4 3 2 11 6 3 0 0 1 0 2 1 0 3 1 0 0 0 0 4 2 3 367
0 2 2 0 1 5 1 0 9 7 3 0 11 6 4 4 1 0 3 1 0 0 0 0 3 3 3 392
4 0 0 3 6 3 7 1 9 6 0 2 11 8 4 0 1 0 3 1 0 0 0 0 4 4 2 417
4 8 3 0 10 6 1 0 11 5 5 2 2 1 3 3 1 0 3 1 0 0 0 0 4 4 2 442
1 4 6 3 10 8 6 3 11 7 2 3 0 6 1 0 1 0 2 1 0 0 0 0 3 3 4 467
1 3 2 3 0 3 4 4 2 10 8 4 0 9 11 1 1 0 3 1 0 0 0 0 0 0 0 492
0 0 0 1 3 2 1 2 10 8 7 5 3 9 11 5 1 0 3 1 0 0 0 0 4 4 3 517
1 0 3 0 0 3 4 2 2 5 12 1 0 0 4 4 1 0 3 1 0 0 0 0 4 4 3 542
3 0 0 2 1 6 2 0 3 7 4 1 1 9 12 3 1 0 2 1 0 0 0 0 0 0 0 567
0 2 0 1 0 3 3 4 2 1 8 6 4 8 12 9 1 0 1 1 0 0 0 0 0 1 1 592
0 5 0 1 3 3 3 3 0 3 6 7 3 4 12 10 1 0 1 1 0 0 0 0 0 2 0 617
0 3 0 0 0 3 0 5 0 4 6 8 2 5 12 10 1 0 1 1 0 0 0 0 0 0 1 642
1 0 0 0 4 4 4 2 4 5 7 8 4 6 12 10 1 0 1 1 0 0 0 0 0 1 0 667
3 0 0 0 1 3 0 1 2 2 2 0 4 7 12 11 1 0 1 1 0 0 0 0 0 0 1 692
3 2 0 3 0 4 3 9 0 0 7 7 2 7 12 11 1 0 3 1 0 0 0 0 2 0 0 717
3 4 2 5 0 2 5 9 2 3 8 8 0 1 12 11 1 0 1 1 0 0 0 0 1 0 1 742
1 2 2 3 5 4 3 1 5 1 7 10 0 2 12 11 1 0 1 1 0 0 0 0 0 1 0 767
5 6 2 3 1 4 4 2 2 2 9 10 3 4 12 11 1 0 1 1 0 0 0 0 2 0 0 792
4 4 6 8 3 4 7 3 4 6 9 10 1 3 12 11 1 0 2 1 0 0 0 0 2 2 0 817
0 2 0 0 2 3 1 3 0 4 4 0 3 3 5 5 1 0 3 1 0 0 0 0 4 3 2 17
3 0 0 1 1 4 2 2 2 4 5 0 4 7 5 0 1 0 3 1 0 0 0 0 3 2 3 42
1 0 0 3 0 0 0 5 0 4 3 4 1 6 8 4 1 0 3 1 0 0 0 0 2 4 3 67
3 2 0 0 1 2 1 1 0 5 4 3 5 6 8 7 1 0 3 1 0 0 0 0 3 4 1 92
0 0 1 1 0 0 3 3 3 4 6 5 6 7 8 7 1 0 2 1 0 0 0 0 2 3 3 117
0 5 0 1 0 0 0 4 0 4 5 4 3 4 8 9 1 0 1 1 0 0 0 0 2 4 3 142
1 0 0 0 0 1 2 3 4 4 6 0 5 7 8 9 3 1 4 0.33333333333333331 5 0.33333333333333331 6 0.33333333333333331 3 4 2 167
1 2 1 3 3 4 6 4 2 5 7 5 0 0 5 10 1 0 2 1 0 0 0 0 4 3 4 192
0 1 3 0 0 0 2 5 1 1 2 7 3 5 8 10 3 1 5 0.25 6 0.25 7 0.5 3 4 4 217
1 0 0 0 5 2 3 1 0 4 5 7 4 6 9 10 1 0 3 1 0 0 0 0 0 1 0 242
3 0 1 2 2 3 2 3 0 0 4 7 6 8 9 10 1 0 1 1 0 0 0 0 1 0 0 267
1 1 0 0 0 3 2 1 0 5 4 0 5 5 11 0 1 0 2 1 0 0 0 0 0 1 0 292
1 0 0 0 3 2 4 0 4 4 5 3 4 7 11 5 1 0 2 1 0 0 0 0 1 0 0 317
0 0 0 3 0 2 2 1 3 4 5 0 8 11 6 4 1 0 1 1 0 0 0 0 0 0 0 342
1 3 2 2 2 1 3 0 7 5 3 1 8 11 6 4 1 0 3 1 0 0 0 0 4 4 3 367
0 0 2 1 2 1 5 4 3 6 7 4 9 11 5 1 1 0 2 1 0 0 0 0 0 0 0 392
3 0 0 2 5 5 3 3 6 8 4 3 9 11 5 3 1 0 1 1 0 0 0 0 0 0 0 417
5 4 3 3 7 4 3 0 7 8 2 0 9 11 1 0 1 0 2 1 0 0 0 0 4 3 4 442
0 3 1 2 3 4 4 1 8 6 5 5 5 10 11 5 1 0 2 1 0 0 0 0 0 0 0 467
2 1 2 3 2 1 3 1 1 7 9 3 8 10 11 0 1 0 2 1 0 0 0 0 0 0 1 492
0 1 3 4 1 4 3 12 2 2 5 6 0 3 4 2 1 0 3 1 0 0 0 0 2 1 0 517
0 12 0 3 3 4 4 2 1 5 7 1 4 4 5 6 1 0 3 1 0 0 0 0 1 2 0 542
0 2 2 2 1 9 6 5 2 12 3 1 0 3 3 0 1 0 3 1 0 0 0 0 2 0 2 567
9 5 4 0 12 7 4 3 5 5 4 2 1 1 0 1 1 0 2 1 0 0 0 0 1 2 1 592
9 8 4 1 12 5 6 4 2 4 3 3 0 0 1 0 1 0 2 1 0 0 0 0 1 1 1 617
10 7 7 8 12 2 4 3 1 6 4 0 3 2 5 3 1 0 1 1 0 0 0 0 2 2 1 642
10 9 3 4 12 6 7 3 5 3 3 0 4 0 2 1 1 0 3 1 0 0 0 0 1 1 3 667
10 9 6 5 12 8 5 0 9 4 3 2 3 0 3 2 1 0 2 1 0 0 0 0 3 0 2 692
10 9 7 1 12 8 7 3 9 6 1 1 4 3 2 0 1 0 2 1 0 0 0 0 1 2 2 717
11 0 7 0 12 7 3 0 9 5 3 0 5 3 3 3 1 0 3 1 0 0 0 0 1 1 3 742
11 8 4 2 12 7 3 1 9 5 3 0 5 3 2 0 1 0 1 1 0 0 0 0 1 1 2 767
11 2 2 1 12 9 5 4 9 5 4 2 2 4 3 1 1 0 1 1 0 0 0 0 1 0 3 792
12 11 1 0 9 10 5 3 3 7 5 2 3 6 1 0 1 0 2 1 0 0 0 0 2 2 1 817
4 1 11 2 0 12 10 5 9 8 6 5 2 6 3 0 1 0 2 1 0 0 0 0 3 1 1 842
5 1 2 3 1 4 5 3 4 2 3 0 0 0 1 0 1 0 2 1 0 0 0 0 3 3 3 17
4 3 0 0 7 3 0 0 6 5 1 0 0 0 2 1 1 0 3 1 0 0 0 0 2 3 3 42
5 4 3 2 7 5 2 0 7 3 3 0 5 3 3 0 1 0 1 1 0 0 0 0 3 2 3 67
6 6 4 3 8 5 3 2 6 3 1 0 4 1 0 0 1 0 3 1 0 0 0 0 2 3 2 92
9 5 1 1 6 4 3 0 5 3 0 0 1 0 0 0 1 0 1 1 0 0 0 0 0 4 2 117
9 6 4 3 7 5 2 0 5 3 3 0 4 4 2 2 1 0 1 1 0 0 0 0 3 1 3 142
9 6 4 3 8 5 1 3 6 0 5 2 3 2 0 0 1 0 3 1 0 0 0 0 3 2 2 167
9 7 6 4 8 5 4 5 6 5 4 2 1 1 0 0 1 0 3 1 0 0 0 0 2 3 3 192
9 8 6 3 8 6 3 2 6 6 1 0 3 2 0 0 1 0 3 1 0 0 0 0 3 2 2 217
10 6 1 2 8 6 4 0 5 5 4 0 4 2 1 0 1 0 1 1 0 0 0 0 2 3 3 242
10 7 3 3 8 7 2 0 6 3 1 0 5 0 1 0 1 0 3 1 0 0 0 0 2 3 2 267
10 3 3 0 9 5 4 2 7 4 3 2 5 5 0 3 1 0 3 1 0 0 0 0 4 2 1 292
10 7 4 1 9 4 3 2 8 3 0 2 5 2 0 0 1 0 1 1 0 0 0 0 2 1 4 317
10 3 5 3 9 7 4 3 8 7 4 3 2 0 0 1 1 0 1 1 0 0 0 0 1 2 3 342
4 1 1 0 11 4 0 0 8 5 4 2 6 3 3 0 1 0 2 1 0 0 0 0 2 2 4 367
4 3 1 0 11 4 0 0 8 5 4 0 7 6 4 2 1 0 1 1 0 0 0 0 1 2 4 392
0 0 0 3 5 0 1 2 11 4 3 0 10 6 5 3 1 0 2 1 0 0 0 0 3 2 3 417
4 0 3 2 5 5 0 0 11 6 4 0 10 7 3 1 3 1 4 0.54545454545454541 5 0.27272727272727271 6 0.1818181818181818 3 3 2 442
5 3 0 3 6 3 0 0 11 6 4 0 10 8 4 3 1 0 3 1 0 0 0 0 3 3 2 467
3 9 4 8 6 6 1 3 11 2 5 3 10 3 0 1 1 0 2 1 0 0 0 0 3 3 3 492
3 9 3 2 0 7 4 8 11 7 4 2 5 10 5 1 1 0 2 1 0 0 0 0 4 2 3 517
2 3 7 8 4 9 5 4 11 8 10 4 5 0 1 3 1 0 1 1 0 0 0 0 3 4 1 542
3 3 0 3 4 1 0 0 2 6 3 2 3 1 1 0 1 0 2 1 0 0 0 0 3 3 3 17
4 4 1 4 7 2 3 0 5 5 1 2 0 0 2 0 1 0 1 1 0 0 0 0 2 2 4 42
4 7 4 0 7 6 4 1 2 3 4 2 0 1 0 1 1 0 3 1 0 0 0 0 2 3 3 67
2 6 8 7 0 3 3 6 3 1 3 4 0 2 0 1 1 0 3 1 0 0 0 0 3 3 2 92
3 5 7 9 1 2 5 2 3 0 0 0 0 0 2 0 1 0 3 1 0 0 0 0 4 2 2 117
4 6 7 9 1 5 6 4 2 5 3 3 3 2 0 0 1 0 2 1 0 0 0 0 4 2 2 142
5 7 8 9 3 4 5 4 0 3 3 3 1 0 0 0 1 0 3 1 0 0 0 0 2 3 2 167
3 3 6 10 0 0 4 5 3 1 0 4 0 0 3 1 1 0 2 1 0 0 0 0 2 3 2 192
2 3 6 10 1 3 3 7 0 0 4 5 2 0 0 4 1 0 3 1 0 0 0 0 2 1 3 217
4 5 7 10 1 4 5 7 0 1 4 5 0 0 2 4 1 0 1 1 0 0 0 0 0 2 3 242
4 4 4 10 0 0 6 8 0 2 5 7 0 2 3 5 1 0 1 1 0 0 0 0 2 1 2 267
3 4 7 10 0 2 7 8 3 1 3 7 2 0 0 5 1 0 2 1 0 0 0 0 3 1 1 292
7 7 9 10 2 4 8 2 4 5 2 0 0 1 0 0 1 0 1 1 0 0 0 0 2 1 4 317
0 0 3 1 0 1 5 11 0 0 3 7 2 1 3 4 1 0 3 1 0 0 0 0 1 3 2 342
3 3 3 4 0 0 6 11 0 4 5 7 0 4 0 6 1 0 3 1 0 0 0 0 2 2 2 367
0 2 1 5 1 3 3 11 0 1 5 8 0 3 5 7 1 0 1 1 0 0 0 0 0 3 3 392
2 0 0 2 3 1 4 5 0 3 5 11 0 4 5 9 1 0 3 1 0 0 0 0 3 2 1 417
2 0 3 4 0 2 4 6 0 4 5 11 0 5 7 9 1 0 2 1 0 0 0 0 4 1 1 442
0 3 2 3 3 6 3 4 2 6 6 11 0 6 8 9 1 0 1 1 0 0 0 0 3 2 2 467
1 1 2 3 0 0 4 5 0 4 5 11 0 5 6 10 1 0 3 1 0 0 0 0 2 3 2 492
0 1 3 4 2 3 4 6 1 5 6 11 0 8 7 10 1 0 3 1 0 0 0 0 2 3 3 517
3 2 0 2 0 0 5 3 3 6 5 11 3 6 9 10 1 0 3 1 0 0 0 0 4 2 1 542
3 1 3 1 2 2 6 3 1 5 6 11 5 7 9 10 1 0 2 1 0 0 0 0 2 2 2 567
0 2 0 3 3 3 5 3 3 5 7 11 3 8 9 10 1 0 3 1 0 0 0 0 3 2 0 592
2 0 1 0 0 3 4 2 3 3 6 4 3 6 8 12 1 0 3 1 0 0 0 0 3 2 3 617
0 0 0 2 2 1 3 1 0 4 7 3 5 7 8 12 1 0 3 1 0 0 0 0 2 2 3 642
0 0 2 3 2 1 3 3 1 4 6 4 4 6 9 12 1 0 3 1 0 0 0 0 2 2 2 667
3 0 0 3 5 4 4 0 5 6 4 1 6 7 9 12 1 0 2 1 0 0 0 0 3 3 0 692
3 0 3 3 3 3 5 5 1 3 8 7 1 3 9 12 1 0 2 1 0 0 0 0 1 2 2 717
0 0 1 3 0 0 2 5 1 3 5 9 2 5 9 12 1 0 3 1 0 0 0 0 1 1 2 742
3 3 4 5 0 4 5 6 1 3 6 9 3 5 9 12 1 0 1 1 0 0 0 0 0 2 2 767
0 3 0 0 4 4 6 3 2 5 8 9 4 5 9 12 1 0 1 1 0 0 0 0 1 1 2 792
1 0 0 0 2 4 4 9 3 9 12 2 3 3 9 7 1 0 1 1 0 0 0 0 1 1 2 817
2 1 4 6 0 4 6 9 1 3 8 12 3 0 10 3 1 0 3 1 0 0 0 0 1 2 1 842
5 6 8 3 4 7 11 9 4 4 0 12 0 2 1 5 1 0 2 1 0 0 0 0 3 2 1 867
3 3 12 11 0 4 6 10 0 5 6 4 0 1 0 3 1 0 2 1 0 0 0 0 2 2 2 892
3 2 12 11 3 1 9 10 0 0 5 4 0 0 3 3 1 0 3 1 0 0 0 0 2 2 2 917
2 5 12 11 3 3 9 10 4 2 7 8 0 1 3 2 1 0 2 1 0 0 0 0 3 0 3 942
3 0 3 2 0 0 5 1 3 2 5 4 0 3 1 4 1 0 1 1 0 0 0 0 3 4 2 17
0 1 0 0 0 0 2 0 1 5 7 2 3 5 6 0 1 0 3 1 0 0 0 0 3 3 3 42
2 0 4 4 2 1 3 8 2 1 2 6 3 2 0 4 1 0 3 1 0 0 0 0 4 1 3 67
1 3 5 7 0 4 4 8 0 0 4 6 3 0 0 5 1 0 3 1 0 0 0 0 3 4 1 92
3 4 6 9 0 4 3 7 3 0 0 0 0 3 0 0 1 0 2 1 0 0 0 0 4 3 2 117
3 5 8 9 3 5 4 0 0 3 3 4 0 0 1 5 1 0 1 1 0 0 0 0 2 4 4 142
5 7 8 9 4 5 6 1 3 4 4 0 3 0 2 0 1 0 3 1 0 0 0 0 4 4 2 167
2 1 6 10 3 4 4 5 3 2 1 4 1 2 3 3 1 0 3 1 0 0 0 0 3 3 3 192
3 4 7 10 0 4 5 6 0 2 3 5 2 1 3 3 1 0 1 1 0 0 0 0 2 2 4 217
5 7 8 10 3 2 1 0 3 1 4 0 0 2 0 2 1 0 1 1 0 0 0 0 2 2 3 242
5 7 8 10 1 5 6 6 2 0 0 3 0 3 0 1 1 0 1 1 0 0 0 0 1 3 2 267
6 7 9 10 3 6 5 5 0 3 1 1 0 0 0 1 1 0 3 1 0 0 0 0 1 4 1 292
7 8 9 10 5 4 3 1 0 4 0 2 3 1 0 1 1 0 3 1 0 0 0 0 1 3 1 317
5 11 5 3 4 5 0 2 4 2 1 0 0 2 0 0 1 0 3 1 0 0 0 0 3 1 2 342
7 11 5 4 6 5 4 3 0 3 0 0 0 2 0 0 1 0 3 1 0 0 0 0 2 1 3 367
8 11 6 4 7 6 1 0 4 0 0 0 0 1 1 3 1 0 2 1 0 0 0 0 1 3 3 392
9 11 6 5 6 3 3 2 3 1 0 0 2 0 0 0 1 0 3 1 0 0 0 0 3 2 2 417
9 11 6 5 8 5 3 4 4 3 0 3 3 0 3 0 1 0 3 1 0 0 0 0 3 3 1 442
9 11 6 3 8 6 5 5 6 3 4 4 4 1 2 1 1 0 2 1 0 0 0 0 2 2 2 467
10 11 7 5 7 6 4 3 5 4 4 0 3 1 0 3 1 0 1 1 0 0 0 0 1 3 2 492
10 11 3 0 8 7 3 0 7 1 4 0 4 4 2 1 1 0 3 1 0 0 0 0 1 2 2 517
10 11 6 4 9 6 5 3 7 4 3 3 7 5 1 3 3 1 5 0.37499999999999994 6 0.24999999999999994 7 0.37499999999999994 2 3 3 542
0 2 12 1 4 2 7 5 2 1 1 2 0 3 1 2 1 0 1 1 0 0 0 0 2 2 4 567
12 2 4 1 4 6 4 1 9 3 3 0 1 3 2 0 1 0 3 1 0 0 0 0 3 4 2 592
2 4 12 5 1 4 8 5 0 4 1 3 1 2 3 10 1 0 2 1 0 0 0 0 3 3 4 617
0 4 0 2 1 12 2 1 3 3 6 5 3 7 8 10 1 0 1 1 0 0 0 0 2 3 4 642
3 0 0 0 2 4 4 0 12 5 6 0 4 9 10 2 1 0 1 1 0 0 0 0 3 2 3 667
2 7 3 0 1 12 7 3 1 3 11 2 1 0 0 0 1 0 2 1 0 0 0 0 3 3 3 692
7 4 3 2 8 6 1 1 12 6 1 4 4 2 11 8 1 0 2 1 0 0 0 0 0 0 0 717
3 9 5 3 12 11 6 3 1 6 8 0 4 2 1 3 1 0 2 1 0 0 0 0 0 0 0 742
4 9 5 4 12 11 7 8 3 2 6 6 1 2 3 1 1 0 1 1 0 0 0 0 3 4 4 767
2 4 7 10 5 7 4 12 0 11 2 3 1 1 4 4 3 1 4 0.54545454545454541 5 0.27272727272727271 6 0.1818181818181818 0 0 1 792
2 0 8 10 5 3 7 12 2 11 5 5 1 3 3 1 1 0 3 1 0 0 0 0 0 0 0 817
2 0 9 10 2 0 6 12 3 4 5 4 3 11 4 1 1 0 1 1 0 0 0 0 0 0 0 842
3 9 10 2 2 5 8 12 1 11 6 3 1 4 5 1 1 0 3 1 0 0 0 0 0 1 0 867
3 1 10 2 0 9 8 12 3 7 7 4 1 11 3 2 1 0 3 1 0 0 0 0 0 0 0 892
2 1 0 0 4 4 0 0 3 5 3 0 5 3 2 3 1 0 1 1 0 0 0 0 3 3 3 17
0 3 0 2 6 4 0 0 7 4 4 0 4 4 0 0 1 0 3 1 0 0 0 0 4 3 2 42
0 3 2 0 2 0 3 0 3 3 4 4 1 6 8 5 1 0 2 1 0 0 0 0 4 2 3 67
1 0 0 0 1 0 1 2 3 5 4 3 5 6 8 7 1 0 1 1 0 0 0 0 1 4 3 92
0 0 0 1 3 3 5 2 4 5 6 6 5 6 8 7 1 0 1 1 0 0 0 0 2 3 4 117
2 0 2 0 0 2 1 3 0 1 3 5 0 5 8 9 1 0 1 1 0 0 0 0 3 3 4 142
1 2 0 4 0 4 3 4 0 4 5 7 4 5 8 9 1 0 1 1 0 0 0 0 3 4 4 167
0 1 0 0 0 3 2 1 0 5 5 3 1 2 6 10 1 0 2 1 0 0 0 0 3 3 4 192
3 0 0 3 0 0 0 5 1 1 5 6 2 4 7 10 1 0 2 1 0 0 0 0 3 3 3 217
3 2 1 3 0 3 3 4 4 4 4 6 1 5 8 10 1 0 3 1 0 0 0 0 3 4 2 242
1 2 0 1 0 3 2 1 0 4 3 4 1 5 9 10 1 0 2 1 0 0 0 0 2 3 4 267
2 2 0 0 1 1 0 3 4 3 2 3 6 7 9 10 1 0 2 1 0 0 0 0 4 2 3 292
0 3 0 0 1 3 4 5 0 4 7 3 6 8 9 10 1 0 2 1 0 0 0 0 0 0 0 317
3 6 11 2 3 3 5 1 4 3 1 0 2 0 0 0 1 0 3 1 0 0 0 0 4 4 3 342
6 7 11 5 3 5 5 2 0 2 1 1 0 0 0 3 1 0 3 1 0 0 0 0 4 4 3 367
6 8 11 6 5 3 3 1 2 3 0 0 1 0 0 0 1 0 2 1 0 0 0 0 3 3 4 392
7 8 11 6 6 5 3 3 2 4 3 0 0 1 1 0 1 0 2 1 0 0 0 0 3 3 4 417
9 11 6 3 6 4 3 3 5 0 2 2 1 0 0 1 1 0 1 1 0 0 0 0 2 3 4 442
9 11 3 0 7 7 4 2 5 4 1 0 3 2 1 0 1 0 3 1 0 0 0 0 3 3 2 467
9 11 5 1 8 6 4 4 5 4 3 3 2 1 4 3 1 0 3 1 0 0 0 0 2 3 2 492
10 11 4 1 6 5 3 3 3 5 2 0 2 0 0 0 1 0 2 1 0 0 0 0 4 2 2 517
10 11 6 0 8 7 3 0 7 4 0 0 4 0 0 1 1 0 2 1 0 0 0 0 0 0 0 542
10 11 7 4 9 7 4 4 2 1 3 5 0 3 1 0 1 0 2 1 0 0 0 0 0 0 0 567
10 11 7 5 9 8 5 1 5 4 2 0 3 3 0 1 1 0 2 1 0 0 0 0 0 0 0 592
12 4 2 0 7 4 2 1 3 0 0 3 0 1 0 0 1 0 3 1 0 0 0 0 0 0 1 617
12 6 5 1 7 5 3 3 4 4 1 2 3 2 0 1 1 0 2 1 0 0 0 0 0 0 0 642
12 8 6 4 5 6 1 2 3 3 0 0 3 0 0 0 1 0 1 1 0 0 0 0 3 4 4 667
12 8 7 5 9 7 0 1 6 5 2 0 3 0 1 0 1 0 3 1 0 0 0 0 0 1 0 692
12 9 4 2 9 6 3 0 7 5 1 1 4 3 2 0 1 0 3 1 0 0 0 0 0 0 1 717
10 12 5 5 9 5 5 2 3 3 0 3 0 0 3 0 1 0 1 1 0 0 0 0 1 1 0 742
10 12 2 0 9 7 3 0 6 4 3 2 5 4 5 1 1 0 1 1 0 0 0 0 0 0 2 767
10 12 3 2 9 7 4 1 7 6 4 1 6 1 2 3 1 0 3 1 0 0 0 0 0 1 0 792
10 12 1 2 9 7 3 3 8 6 6 3 7 1 5 1 1 0 2 1 0 0 0 0 0 1 0 817
11 12 2 0 6 6 4 0 7 5 1 0 3 0 3 2 1 0 1 1 0 0 0 0 0 0 0 842
11 12 3 3 9 6 4 1 6 4 3 3 3 1 3 0 1 0 2 1 0 0 0 0 0 1 0 867
11 12 7 5 9 7 4 3 4 3 0 0 2 0 1 2 1 0 1 1 0 0 0 0 0 0 0 892
11 12 8 5 10 7 7 5 5 1 0 1 0 0 0 1 1 0 2 1 0 0 0 0 0 2 1 917
11 12 2 4 10 9 5 2 3 7 7 0 1 5 3 2 1 0 1 1 0 0 0 0 2 1 0 942
1 2 0 0 2 5 3 0 1 4 3 0 5 4 1 2 1 0 3 1 0 0 0 0 3 3 3 17
1 5 4 1 5 4 2 0 7 4 0 0 2 4 1 0 1 0 3 1 0 0 0 0 3 4 1 42
3 6 8 5 2 0 4 3 4 1 0 1 3 2 0 0 2 1 4 0.5 5 0.5 0 0 3 3 4 67
5 6 8 7 3 5 5 0 1 4 0 0 2 2 0 3 1 0 3 1 0 0 0 0 4 3 2 92
3 5 7 9 1 4 4 1 2 2 3 0 3 0 1 0 1 0 2 1 0 0 0 0 3 3 3 117
4 6 7 9 4 5 6 0 2 5 2 4 1 0 0 0 1 0 1 1 0 0 0 0 3 3 3 142
5 7 8 9 4 4 5 4 2 2 1 2 0 0 1 1 1 0 2 1 0 0 0 0 3 2 4 167
0 4 5 10 0 0 3 6 0 3 1 4 3 0 2 0 1 0 2 1 0 0 0 0 4 3 2 192
5 6 8 10 4 4 2 5 1 3 0 0 0 1 0 0 1 0 2 1 0 0 0 0 3 3 4 217
5 7 8 10 0 4 6 5 2 0 3 4 0 0 3 3 1 0 1 1 0 0 0 0 3 3 3 242
6 7 9 10 3 6 4 3 3 1 2 3 0 0 0 1 1 0 1 1 0 0 0 0 2 4 3 267
7 8 9 10 7 5 4 0 4 1 0 0 0 3 0 2 1 0 3 1 0 0 0 0 4 4 3 292
7 11 4 0 6 5 3 2 2 0 3 1 0 0 1 0 1 0 1 1 0 0 0 0 3 4 4 317
8 11 4 3 6 4 2 0 4 3 2 1 1 0 0 3 1 0 2 1 0 0 0 0 4 3 3 342
9 11 6 5 8 8 7 5 0 5 1 1 0 0 0 2 1 0 2 1 0 0 0 0 0 0 2 367
10 11 7 4 6 7 4 1 5 4 4 1 4 2 2 0 1 0 1 1 0 0 0 0 0 1 1 392
10 11 5 4 9 1 1 0 3 2 5 0 3 2 3 3 1 0 1 1 0 0 0 0 0 1 1 417
10 11 6 1 9 5 3 3 6 4 5 3 8 3 1 2 1 0 3 1 0 0 0 0 0 1 1 442
0 0 0 2 3 12 4 1 3 7 2 0 3 1 2 3 1 0 2 1 0 0 0 0 2 0 0 467
12 6 5 2 4 7 5 4 2 3 6 3 1 0 2 1 1 0 2 1 0 0 0 0 2 0 0 492
12 9 6 3 4 3 0 0 1 1 4 1 2 0 0 0 1 0 3 1 0 0 0 0 0 2 0 517
12 9 6 4 6 5 4 3 5 3 3 3 2 2 0 0 1 0 1 1 0 0 0 0 1 0 0 542
12 9 8 4 6 5 4 3 3 5 4 2 3 0 4 1 1 0 1 1 0 0 0 0 0 1 1 567
0 2 3 10 1 5 12 8 1 3 3 5 0 1 2 3 1 0 3 1 0 0 0 0 0 1 2 592
0 2 10 3 1 1 7 12 2 3 6 8 1 3 4 1 1 0 2 1 0 0 0 0 0 1 1 617
3 0 1 4 1 3 2 12 0 0 1 9 2 4 10 7 1 0 2 1 0 0 0 0 1 1 0 642
2 4 6 10 3 1 6 12 1 1 4 9 0 0 2 10 1 0 3 1 0 0 0 0 1 2 2 667
4 4 10 12 3 0 7 8 0 3 10 9 0 2 2 3 1 0 1 1 0 0 0 0 2 1 2 692
2 4 10 12 1 5 7 8 2 6 10 9 1 0 6 2 1 0 1 1 0 0 0 0 1 1 2 717
3 0 0 1 6 10 12 1 3 5 10 3 2 6 10 3 1 0 1 1 0 0 0 0 0 2 1 742
3 1 5 4 2 5 2 3 1 1 1 1 3 2 0 0 1 0 2 1 0 0 0 0 2 3 4 17
3 2 0 0 3 2 0 3 4 3 1 1 3 7 6 3 1 0 1 1 0 0 0 0 2 3 3 42
0 1 1 0 3 0 3 4 4 5 5 4 6 7 6 5 1 0 2 1 0 0 0 0 2 3 4 67
0 3 0 1 3 1 2 4 0 3 4 5 4 7 8 6 1 0 2 1 0 0 0 0 3 3 2 92
2 0 2 3 0 0 4 3 3 4 5 6 5 7 8 7 1 0 3 1 0 0 0 0 4 2 2 117
1 0 2 2 0 5 5 4 4 6 6 1 0 6 7 9 1 0 1 1 0 0 0 0 3 4 4 142
3 0 0 0 0 2 3 2 0 2 5 5 3 1 9 9 1 0 1 1 0 0 0 0 1 0 0 167
0 3 0 0 1 1 3 3 2 4 5 6 2 4 6 10 1 0 3 1 0 0 0 0 0 0 0 192
1 4 5 3 0 0 6 5 0 2 2 8 0 0 1 10 1 0 3 1 0 0 0 0 0 0 0 217
1 0 2 5 0 3 3 7 1 2 4 8 0 5 6 10 1 0 1 1 0 0 0 0 3 4 4 242
0 0 2 3 2 4 4 6 0 0 4 9 1 4 5 10 1 0 1 1 0 0 0 0 3 3 4 267
0 3 3 6 3 3 6 7 0 0 5 9 0 0 3 10 1 0 2 1 0 0 0 0 4 3 3 292
0 1 5 7 0 0 3 8 0 2 2 9 2 4 1 10 1 0 1 1 0 0 0 0 3 3 3 317
0 0 4 1 1 2 5 9 0 2 1 9 0 0 3 10 1 0 3 1 0 0 0 0 2 3 3 342
4 7 11 5 4 5 5 1 3 0 0 0 0 0 0 1 3 1 6 0.1818181818181818 7 0.27272727272727271 8 0.54545454545454541 2 4 3 367
8 11 4 2 6 7 4 1 0 3 3 0 2 1 3 3 1 0 2 1 0 0 0 0 3 2 3 392
9 11 5 3 8 6 4 0 4 3 1 2 3 2 0 1 1 0 2 1 0 0 0 0 3 2 4 417
1 9 11 3 0 8 7 1 1 0 7 2 0 0 3 4 1 0 2 1 0 0 0 0 2 3 3 442
10 11 4 1 6 5 0 0 5 4 0 2 3 3 0 0 1 0 3 1 0 0 0 0 3 3 1 467
10 11 5 4 7 6 4 3 5 3 3 0 3 1 0 1 1 0 3 1 0 0 0 0 2 4 1 492
10 11 6 5 8 7 5 4 4 3 3 5 0 0 0 2 1 0 1 1 0 0 0 0 3 3 2 517
10 11 7 3 8 7 4 1 8 4 0 0 2 4 4 1 1 0 2 1 0 0 0 0 3 3 2 542
10 11 7 8 9 7 6 5 3 6 3 5 6 3 0 4 1 0 2 1 0 0 0 0 4 3 3 567
8 5 4 3 12 3 4 3 3 6 3 3 0 4 3 0 1 0 1 1 0 0 0 0 3 4 3 592
0 0 0 1 4 7 3 4 8 7 4 2 12 4 1 0 1 0 2 1 0 0 0 0 3 3 4 617
0 2 0 0 7 4 0 2 9 6 4 1 12 6 5 3 1 0 3 1 0 0 0 0 4 3 3 642
3 3 3 3 10 4 0 0 12 7 3 1 4 3 2 0 1 0 2 1 0 0 0 0 4 3 3 667
4 4 0 2 10 6 4 1 12 7 4 0 8 3 0 0 1 0 1 1 0 0 0 0 3 4 4 692
1 0 0 2 0 2 5 6 1 4 10 9 0 4 12 1 1 0 2 1 0 0 0 0 3 3 4 717
3 0 0 2 4 8 9 0 3 4 12 10 3 4 3 0 1 0 3 1 0 0 0 0 4 3 3 742
0 0 10 3 3 6 8 12 1 3 6 10 0 3 4 5 1 0 2 1 0 0 0 0 3 3 4 767
1 3 3 3 0 4 1 12 3 2 1 11 3 4 9 2 1 0 2 1 0 0 0 0 3 3 3 792
1 4 12 11 2 3 7 9 2 3 5 2 1 0 3 0 1 0 1 1 0 0 0 0 2 2 4 817
0 3 12 11 9 4 8 9 2 4 4 5 0 0 0 1 1 0 1 1 0 0 0 0 2 3 3 842
1 5 12 11 9 4 8 9 3 0 5 7 3 0 1 2 1 0 2 1 0 0 0 0 3 3 1 867
3 0 12 11 2 8 8 9 4 4 9 8 4 5 8 3 3 1 7 0.1818181818181818 8 0.27272727272727271 9 0.54545454545454541 4 3 2 892
1 0 0 0 3 2 5 3 3 3 4 3 1 5 3 0 1 0 2 1 0 0 0 0 3 3 3 17
3 1 4 7 1 0 5 6 0 2 3 3 0 0 1 0 1 0 3 1 0 0 0 0 2 4 3 42
2 0 0 0 0 3 3 6 2 5 4 8 3 3 3 3 1 0 1 1 0 0 0 0 3 2 4 67
0 2 3 4 2 0 4 6 0 3 5 8 0 3 4 7 1 0 1 1 0 0 0 0 3 2 3 92
0 0 2 3 2 0 1 4 0 3 4 6 1 4 5 9 1 0 3 1 0 0 0 0 2 2 3 117
2 2 1 4 2 4 6 6 0 1 5 7 3 0 0 9 1 0 1 1 0 0 0 0 3 3 3 142
0 5 3 3 0 0 4 7 0 0 6 8 3 4 3 9 1 0 3 1 0 0 0 0 4 4 3 167
1 0 3 3 1 0 2 4 2 1 5 5 2 3 6 10 1 0 3 1 0 0 0 0 4 4 3 192
0 2 1 3 0 0 4 6 1 4 4 7 3 4 6 10 1 0 2 1 0 0 0 0 0 0 0 217
1 0 0 4 1 3 3 6 3 2 6 8 3 5 6 10 1 0 2 1 0 0 0 0 0 0 0 242
3 0 4 5 1 0 5 6 3 3 7 8 4 6 6 10 1 0 2 1 0 0 0 0 0 0 0 267
0 3 5 5 3 3 6 8 0 3 4 9 0 2 1 10 1 0 3 1 0 0 0 0 0 0 0 292
1 5 7 7 2 4 4 8 0 3 1 9 0 2 0 10 1 0 3 1 0 0 0 0 0 0 0 317
3 3 4 4 0 0 6 9 0 0 3 11 3 0 0 4 1 0 3 1 0 0 0 0 1 1 0 342
5 6 7 6 2 3 4 9 1 2 11 0 1 2 4 0 1 0 3 1 0 0 0 0 2 1 0 367
4 4 8 9 3 3 6 11 2 2 7 4 0 1 3 1 3 1 5 0.37499999999999994 6 0.24999999999999994 7 0.37499999999999994 1 1 2 392
1 5 6 10 2 4 5 11 0 0 4 5 1 0 0 4 1 0 1 1 0 0 0 0 0 2 1 417
7 6 7 10 0 1 6 11 0 2 5 6 3 1 2 5 1 0 2 1 0 0 0 0 2 1 1 442
5 4 8 10 0 7 7 11 8 4 5 6 3 0 2 3 1 0 1 1 0 0 0 0 2 2 1 467
4 6 9 10 3 8 7 11 0 3 5 5 0 1 0 4 1 0 3 1 0 0 0 0 1 2 1 492
3 3 7 2 1 1 6 12 0 2 5 3 0 0 3 5 1 0 1 1 0 0 0 0 1 2 2 517
0 0 0 1 2 3 4 2 3 0 8 0 1 6 6 12 3 1 4 0.54545454545454541 5 0.27272727272727271 6 0.1818181818181818 1 1 3 542
2 0 0 0 1 0 0 4 1 2 4 10 4 3 9 12 1 0 3 1 0 0 0 0 2 2 2 567
3 0 4 4 0 3 4 5 0 4 6 10 2 5 9 12 1 0 1 1 0 0 0 0 2 2 1 592
2 0 2 1 1 0 5 7 3 3 8 10 3 3 9 12 1 0 1 1 0 0 0 0 1 2 2 617
0 0 0 1 4 0 3 3 2 1 10 0 5 10 12 3 1 0 3 1 0 0 0 0 1 2 1 642
4 7 8 0 4 6 12 11 5 1 1 0 0 2 0 3 1 0 1 1 0 0 0 0 1 3 1 667
1 3 9 11 3 5 5 12 0 3 1 6 0 0 2 3 1 0 1 1 0 0 0 0 0 2 3 692
0 1 9 11 3 5 6 12 0 4 4 7 3 2 1 5 1 0 2 1 0 0 0 0 2 2 0 717
2 4 9 11 1 3 7 12 1 3 6 7 2 3 6 9 1 0 2 1 0 0 0 0 2 1 1 742
0 2 9 11 1 3 7 12 1 5 7 8 0 0 2 9 1 0 3 1 0 0 0 0 1 1 1 767
2 6 10 11 4 5 9 12 1 2 4 5 1 3 3 2 1 0 1 1 0 0 0 0 1 1 0 792
6 7 10 11 5 6 9 12 3 3 3 1 2 0 1 1 1 0 2 1 0 0 0 0 0 1 0 817
0 0 3 12 3 4 7 12 0 3 4 2 1 3 2 4 1 0 3 1 0 0 0 0 1 0 1 842
3 5 5 3 3 1 3 1 0 0 4 2 0 0 3 3 1 0 3 1 0 0 0 0 3 4 2 17
1 3 5 3 2 0 5 7 0 0 5 4 0 0 0 2 1 0 2 1 0 0 0 0 3 1 4 42
3 0 0 5 3 0 0 8 0 3 3 5 3 4 5 1 1 0 2 1 0 0 0 0 3 3 1 67
3 3 6 6 0 1 4 8 0 2 4 6 0 1 0 5 1 0 1 1 0 0 0 0 1 3 2 92
0 3 5 8 3 3 4 8 0 3 2 6 0 1 1 5 1 0 3 1 0 0 0 0 2 3 1 117
0 3 5 9 0 0 6 8 0 0 0 6 1 0 3 5 1 0 1 1 0 0 0 0 2 4 2 142
3 4 7 9 0 3 5 8 1 0 4 7 0 0 3 6 1 0 2 1 0 0 0 0 3 3 3 167
0 4 6 10 1 2 5 7 1 0 0 5 2 0 0 3 1 0 3 1 0 0 0 0 3 3 3 192
0 3 5 10 0 2 5 8 0 1 3 6 3 1 2 3 1 0 2 1 0 0 0 0 3 2 3 217
0 3 7 10 3 4 6 8 0 4 5 6 2 0 3 5 1 0 1 1 0 0 0 0 3 3 3 242
5 7 6 10 0 4 5 9 0 3 4 7 1 3 6 5 1 0 2 1 0 0 0 0 0 0 1 267
2 11 4 3 3 7 3 0 5 2 0 3 1 0 0 0 1 0 1 1 0 0 0 0 0 0 2 292
0 3 11 6 6 5 5 7 5 4 3 4 2 2 1 3 1 0 1 1 0 0 0 0 1 1 0 317
3 11 6 8 6 7 4 2 5 2 2 0 4 3 3 1 1 0 1 1 0 0 0 0 1 0 2 342
3 11 6 8 8 6 4 4 8 5 3 3 0 4 0 2 1 0 2 1 0 0 0 0 2 0 1 367
2 4 11 10 0 3 5 7 1 0 3 4 3 0 0 3 1 0 3 1 0 0 0 0 1 1 1 392
2 0 11 10 4 6 6 7 1 4 5 8 6 4 3 3 1 0 1 1 0 0 0 0 1 2 1 417
0 3 11 10 1 5 7 9 1 0 5 6 2 3 3 3 1 0 2 1 0 0 0 0 1 1 1 442
1 7 11 10 3 0 8 9 4 1 2 1 0 2 2 0 1 0 1 1 0 0 0 0 0 1 1 467
0 2 3 1 0 4 11 10 2 2 9 9 3 4 1 3 1 0 3 1 0 0 0 0 1 0 1 492
1 4 6 12 3 4 5 6 2 3 3 2 0 0 1 0 1 0 3 1 0 0 0 0 0 0 2 517
1 3 8 12 4 3 4 5 0 0 2 4 3 0 0 3 1 0 2 1 0 0 0 0 1 0 0 542
0 8 0 8 1 6 7 12 0 4 3 4 3 2 1 3 1 0 1 1 0 0 0 0 0 2 0 567
4 5 9 12 2 4 6 8 1 0 3 1 1 0 0 3 1 0 2 1 0 0 0 0 0 1 1 592
2 0 9 12 1 0 7 8 1 4 5 6 3 4 3 3 1 0 3 1 0 0 0 0 0 1 0 617
2 2 4 12 1 4 5 10 0 4 5 2 1 5 3 0 1 0 1 1 0 0 0 0 0 0 0 642
4 8 12 10 3 5 7 6 1 4 2 5 2 3 1 1 1 0 3 1 0 0 0 0 0 1 0 667
2 6 12 10 0 3 6 9 1 0 4 6 0 0 3 3 1 0 1 1 0 0 0 0 0 1 1 692
4 12 11 3 1 5 5 4 3 4 1 0 0 0 0 2 1 0 1 1 0 0 0 0 0 2 1 717
11 3 7 2 12 7 9 2 6 4 3 1 2 4 2 0 1 0 1 1 0 0 0 0 2 0 2 742
0 0 1 0 11 5 3 3 12 8 7 4 3 5 9 5 1 0 2 1 0 0 0 0 1 1 1 767
3 1 5 4 11 10 9 4 12 4 5 0 2 1 2 2 1 0 3 1 0 0 0 0 2 1 0 792
11 3 2 4 12 10 9 7 3 4 6 5 2 2 3 3 1 0 1 1 0 0 0 0 2 0 1 817
3 5 3 3 2 10 9 4 2 11 12 8 4 4 1 6 1 0 2 1 0 0 0 0 2 0 0 842
4 1 1 7 2 10 9 8 3 11 12 6 3 6 1 5 1 0 2 1 0 0 0 0 0 1 1 867
1 5 3 2 2 3 5 0 0 3 1 0 2 4 1 3 1 0 1 1 0 0 0 0 2 3 4 17
0 4 0 4 0 5 4 7 3 1 4 5 2 0 2 4 1 0 1 1 0 0 0 0 3 3 4 42
2 3 4 8 1 4 2 6 0 0 1 5 2 3 0 3 1 0 1 1 0 0 0 0 3 3 3 67
7 8 6 4 6 4 4 3 0 3 3 3 0 0 0 3 1 0 1 1 0 0 0 0 3 4 3 92
9 7 5 3 0 5 5 2 2 1 5 0 0 0 0 1 1 0 3 1 0 0 0 0 0 0 0 117
9 8 5 3 4 6 4 3 3 3 4 2 2 0 0 0 1 0 1 1 0 0 0 0 1 0 0 142
9 8 6 4 7 5 4 2 0 5 1 3 2 3 0 0 1 0 1 1 0 0 0 0 0 0 0 167
9 8 6 5 0 8 6 4 0 6 5 4 1 1 0 3 1 0 2 1 0 0 0 0 0 1 1 192
10 8 5 1 7 5 3 4 5 4 3 0 4 3 3 1 1 0 3 1 0 0 0 0 0 2 1 217
10 9 6 5 3 4 5 5 0 0 2 1 2 0 0 0 1 0 1 1 0 0 0 0 1 1 0 242
10 9 7 6 0 4 6 4 2 2 1 4 0 0 2 3 1 0 1 1 0 0 0 0 1 0 0 267
10 9 8 6 5 6 7 2 5 0 0 0 5 2 4 7 1 0 1 1 0 0 0 0 2 1 1 292
8 11 0 0 3 2 8 5 0 3 1 5 2 1 4 2 1 0 1 1 0 0 0 0 1 1 2 317
4 6 9 11 4 5 6 0 1 4 1 1 2 4 1 2 1 0 3 1 0 0 0 0 0 2 1 342
8 9 11 4 6 4 3 1 3 2 0 0 0 2 2 0 1 0 3 1 0 0 0 0 2 0 0 367
8 9 11 4 7 6 5 4 1 2 2 0 0 2 0 0 1 0 1 1 0 0 0 0 1 0 1 392
10 11 5 3 6 4 0 0 1 3 0 0 0 3 2 3 1 0 1 1 0 0 0 0 0 1 0 417
10 11 5 4 8 5 1 0 5 3 2 0 3 0 3 0 1 0 3 1 0 0 0 0 0 0 1 442
10 11 7 3 8 6 4 3 3 5 3 3 0 0 0 1 1 0 2 1 0 0 0 0 0 0 0 467
10 11 7 5 8 8 6 3 1 4 4 0 0 2 0 3 1 0 3 1 0 0 0 0 0 0 0 492
0 7 0 0 0 12 7 5 0 4 6 4 1 2 3 2 1 0 3 1 0 0 0 0 1 0 2 517
8 7 5 3 12 6 4 1 3 2 3 3 0 0 0 3 1 0 1 1 0 0 0 0 0 1 1 542
0 9 0 2 9 6 5 0 12 5 0 0 2 4 3 1 1 0 2 1 0 0 0 0 2 0 0 567
10 8 5 3 12 7 7 3 6 3 1 2 3 1 0 2 1 0 2 1 0 0 0 0 1 0 3 592
10 9 7 3 12 7 3 0 6 5 3 1 3 3 0 2 3 1 4 0.54545454545454541 5 0.27272727272727271 6 0.1818181818181818 1 1 3 617
11 9 8 2 12 8 4 1 3 3 0 1 4 0 0 1 3 1 7 0.1818181818181818 8 0.27272727272727271 9 0.54545454545454541 2 4 3 642
11 10 7 4 12 8 7 3 2 3 4 0 2 0 1 0 1 0 1 1 0 0 0 0 3 3 3 667
11 10 7 1 12 9 6 0 6 5 6 2 5 2 0 1 1 0 2 1 0 0 0 0 4 3 4 692
11 10 8 4 12 9 7 6 3 3 4 5 0 0 0 3 1 0 3 1 0 0 0 0 4 4 2 717
0 3 1 0 2 0 4 1 3 1 3 2 4 5 5 0 1 0 3 1 0 0 0 0 3 4 2 17
0 3 0 2 3 4 0 2 3 3 5 3 7 2 5 3 1 0 1 1 0 0 0 0 3 1 4 42
4 0 3 8 0 0 2 6 3 4 1 3 0 0 5 1 1 0 3 1 0 0 0 0 3 4 1 67
0 3 7 8 2 0 5 6 0 3 4 5 0 3 3 3 1 0 3 1 0 0 0 0 4 3 2 92
1 0 3 9 3 4 3 7 0 3 3 4 0 2 4 1 1 0 3 1 0 0 0 0 3 4 3 117
1 4 8 9 0 4 5 6 2 3 3 3 0 0 0 2 1 0 2 1 0 0 0 0 4 2 4 142
3 6 8 9 1 3 6 7 2 4 1 2 0 0 3 0 1 0 2 1 0 0 0 0 4 3 3 167
4 6 8 9 1 4 6 8 1 0 2 3 0 0 1 0 1 0 3 1 0 0 0 0 2 4 3 192
1 6 8 10 2 4 4 3 0 1 2 0 1 0 3 0 1 0 1 1 0 0 0 0 2 4 4 217
4 6 8 10 0 4 5 7 1 0 4 3 0 2 1 0 3 1 5 0.25 6 0.25 7 0.5 3 4 4 242
6 7 9 10 4 5 4 3 2 1 3 0 3 0 0 1 1 0 2 1 0 0 0 0 3 3 4 267
3 8 9 10 7 7 4 0 4 2 2 1 3 1 0 0 1 0 2 1 0 0 0 0 4 3 4 292
0 3 0 1 0 11 3 0 6 6 4 5 3 3 3 2 1 0 1 1 0 0 0 0 3 4 4 317
6 6 3 3 7 11 5 4 0 7 4 2 0 1 0 2 1 0 1 1 0 0 0 0 0 0 0 342
8 11 7 5 6 5 4 3 0 5 4 3 2 1 3 4 1 0 3 1 0 0 0 0 0 0 1 367
9 11 7 4 0 8 7 2 0 5 2 3 7 0 4 0 1 0 1 1 0 0 0 0 2 1 2 392
10 11 1 2 7 6 6 3 5 3 3 1 3 2 1 3 1 0 3 1 0 0 0 0 1 2 2 417
1 10 1 3 9 11 2 1 6 6 2 1 3 2 5 4 1 0 1 1 0 0 0 0 0 2 3 442
10 4 11 5 1 9 8 4 2 5 3 0 0 1 6 3 1 0 2 1 0 0 0 0 2 2 2 467
1 3 5 3 4 3 7 8 10 9 5 11 1 4 3 7 1 0 1 1 0 0 0 0 1 4 2 492
1 3 3 2 1 1 1 6 0 2 2 4 0 0 1 3 1 0 2 1 0 0 0 0 2 3 4 17
0 0 2 3 4 3 1 0 5 4 3 2 5 7 4 0 1 0 1 1 0 0 0 0 3 3 2 42
4 4 2 1 5 6 1 0 7 7 1 3 2 2 0 0 1 0 2 1 0 0 0 0 3 2 3 67
4 3 0 0 7 4 1 3 8 4 0 0 6 5 4 3 1 0 3 1 0 0 0 0 3 4 2 92
3 0 0 0 4 1 3 1 7 2 0 0 9 5 3 0 1 0 2 1 0 0 0 0 3 3 4 117
4 0 0 1 6 2 4 2 8 5 1 0 9 5 3 1 1 0 2 1 0 0 0 0 0 0 0 142
5 3 0 3 7 5 3 2 8 6 4 1 9 4 0 0 1 0 3 1 0 0 0 0 4 4 3 167
5 3 2 0 7 4 1 0 8 7 2 3 9 6 6 1 3 1 4 0.33333333333333331 5 0.33333333333333331 6 0.33333333333333331 0 0 0 192
5 4 3 0 7 7 3 3 8 7 3 0 9 8 4 0 1 0 1 1 0 0 0 0 0 1 1 217
3 3 2 2 7 3 6 1 7 6 5 3 10 8 5 4 1 0 3 1 0 0 0 0 2 1 0 242
0 2 0 0 1 4 4 2 6 5 4 0 10 9 8 5 1 0 1 1 0 0 0 0 2 2 0 267
6 4 2 3 6 4 4 0 4 7 6 3 10 9 8 6 1 0 1 1 0 0 0 0 3 3 2 292
0 0 0 2 0 0 3 3 3 3 7 5 2 8 7 11 1 0 1 1 0 0 0 0 3 2 4 317
0 3 0 0 0 2 3 3 1 7 5 3 1 7 9 11 1 0 2 1 0 0 0 0 3 3 3 342
0 1 0 0 2 1 2 1 4 5 3 0 7 8 9 11 1 0 3 1 0 0 0 0 2 3 3 367
0 0 1 2 3 1 1 1 5 4 2 0 9 9 11 0 1 0 3 1 0 0 0 0 1 3 3 392
0 2 2 3 3 0 3 0 7 6 1 0 10 11 6 3 1 0 3 1 0 0 0 0 4 3 2 417
3 1 0 0 6 4 2 0 8 6 4 2 10 11 5 0 1 0 2 1 0 0 0 0 4 2 4 442
5 3 3 3 7 5 4 2 8 6 5 1 10 11 7 3 1 0 2 1 0 0 0 0 4 3 3 467
1 3 0 0 4 2 2 1 9 8 3 0 10 11 8 5 1 0 1 1 0 0 0 0 3 4 4 492
1 3 2 0 2 6 4 0 6 6 3 1 3 12 5 4 1 0 1 1 0 0 0 0 0 1 0 517
0 4 0 1 0 1 2 3 2 8 6 3 4 12 6 2 1 0 1 1 0 0 0 0 0 0 1 542
0 0 3 1 2 0 4 0 3 4 6 2 3 6 9 12 1 0 3 1 0 0 0 0 1 0 0 567
0 2 4 0 3 1 4 2 4 5 7 1 5 6 9 12 1 0 3 1 0 0 0 0 0 0 0 592
3 3 4 5 1 3 6 4 3 5 5 12 0 2 8 9 1 0 3 1 0 0 0 0 0 0 0 617
0 0 1 3 0 3 3 2 3 5 3 12 5 3 4 10 1 0 3 1 0 0 0 0 0 0 0 642
3 1 0 0 2 3 3 6 3 1 5 12 5 5 7 10 1 0 2 1 0 0 0 0 0 0 0 667
0 3 0 0 3 0 5 3 2 4 6 12 3 6 9 10 1 0 1 1 0 0 0 0 0 0 1 692
3 1 0 2 0 3 4 5 4 5 6 12 0 5 7 11 1 0 2 1 0 0 0 0 1 0 0 717
2 1 4 4 0 3 5 6 0 1 6 12 0 2 9 11 1 0 1 1 0 0 0 0 0 1 0 742
0 1 5 5 0 0 6 7 1 5 6 12 3 2 10 11 1 0 1 1 0 0 0 0 0 2 0 767
2 3 3 5 1 1 4 7 0 5 8 12 2 3 10 11 1 0 1 1 0 0 0 0 0 1 0 792
1 2 1 3 4 2 4 7 4 5 9 12 2 3 10 11 1 0 1 1 0 0 0 0 0 0 1 817
2 1 3 5 0 5 5 8 0 2 9 12 0 8 10 11 1 0 3 1 0 0 0 0 1 0 0 842
3 3 6 2 3 4 7 8 3 8 9 12 6 1 10 11 1 0 1 1 0 0 0 0 0 1 0 867
0 0 0 2 3 0 0 3 4 1 3 4 0 2 6 3 1 0 1 1 0 0 0 0 3 3 3 17
4 3 2 0 6 4 1 0 7 2 3 0 3 0 3 3 1 0 1 1 0 0 0 0 3 3 2 42
5 5 8 5 4 1 2 1 3 1 3 3 0 0 2 1 1 0 2 1 0 0 0 0 2 3 3 67
7 8 6 4 5 4 3 1 4 0 0 0 0 0 2 0 1 0 3 1 0 0 0 0 2 2 3 92
0 7 8 8 3 3 3 4 0 0 0 4 0 0 2 0 1 0 2 1 0 0 0 0 4 2 1 117
4 5 7 9 0 1 5 6 0 0 2 4 1 3 3 0 1 0 2 1 0 0 0 0 2 2 2 142
0 0 2 9 0 1 5 8 0 0 5 6 3 4 3 5 1 0 1 1 0 0 0 0 1 2 3 167
4 0 5 9 1 5 6 8 0 0 5 7 2 0 1 5 1 0 2 1 0 0 0 0 2 2 2 192
3 4 8 9 0 3 4 8 2 0 3 7 0 0 2 5 1 0 1 1 0 0 0 0 2 1 2 217
0 5 8 10 0 2 4 7 1 3 1 4 2 0 0 0 1 0 1 1 0 0 0 0 1 2 3 242
7 6 8 10 3 5 6 7 2 3 4 4 0 0 0 3 1 0 3 1 0 0 0 0 3 2 1 267
0 5 9 10 0 0 5 8 2 3 1 5 2 2 4 0 1 0 2 1 0 0 0 0 4 1 2 292
4 6 9 10 3 2 6 8 0 1 5 6 1 3 1 5 1 0 2 1 0 0 0 0 2 3 3 317
6 11 3 2 0 5 4 3 0 1 4 3 2 2 1 3 1 0 3 1 0 0 0 0 3 2 2 342
2 0 0 0 7 11 5 3 8 7 3 4 3 1 2 3 1 0 1 1 0 0 0 0 3 3 3 367
11 7 4 0 9 5 4 2 4 3 0 0 1 2 0 1 1 0 3 1 0 0 0 0 3 3 3 392
9 11 7 4 7 6 4 3 2 0 4 3 0 0 1 0 1 0 2 1 0 0 0 0 3 2 4 417
9 11 1 3 8 7 6 4 5 4 2 2 4 0 0 1 1 0 2 1 0 0 0 0 3 2 4 442
10 11 6 3 8 4 3 1 4 2 2 4 4 1 1 2 1 0 1 1 0 0 0 0 2 3 4 467
10 11 4 1 8 7 4 0 6 5 0 0 5 1 0 3 1 0 1 1 0 0 0 0 1 4 3 492
10 11 5 1 9 7 5 0 4 4 2 0 2 1 1 2 1 0 3 1 0 0 0 0 3 3 3 517
1 0 12 3 1 4 3 1 2 5 3 2 0 3 3 4 1 0 3 1 0 0 0 0 3 4 2 542
0 2 1 3 1 0 4 7 2 6 1 12 0 3 3 2 1 0 3 1 0 0 0 0 3 3 2 567
2 0 1 0 1 0 8 2 0 6 6 9 4 4 3 12 1 0 2 1 0 0 0 0 3 2 4 592
3 1 8 9 0 2 8 12 0 4 4 1 3 2 1 0 1 0 1 1 0 0 0 0 2 4 2 617
0 3 6 10 0 5 5 12 1 0 1 5 2 3 2 3 1 0 1 1 0 0 0 0 2 3 2 642
1 3 8 10 2 3 7 12 0 0 4 7 0 3 3 4 1 0 1 1 0 0 0 0 2 3 2 667
3 7 9 10 3 5 6 12 4 5 3 2 3 3 1 1 1 0 3 1 0 0 0 0 2 3 2 692
0 1 9 10 3 1 8 12 4 4 5 6 3 3 3 5 1 0 2 1 0 0 0 0 1 2 3 717
1 9 10 0 3 8 12 0 3 8 0 1 3 4 5 2 1 0 3 1 0 0 0 0 1 2 3 742
2 1 7 11 0 4 4 12 3 1 0 5 1 0 0 3 1 0 2 1 0 0 0 0 1 2 2 767
1 8 7 11 1 4 7 12 2 2 4 3 3 1 4 3 1 0 3 1 0 0 0 0 1 2 2 792
0 3 9 11 0 5 6 12 3 2 5 6 1 0 4 4 1 0 1 1 0 0 0 0 2 3 0 817
0 1 9 11 0 2 7 12 0 5 5 7 4 2 6 5 1 0 1 1 0 0 0 0 2 2 2 842
3 3 10 11 3 5 6 12 0 4 4 7 2 0 0 5 1 0 2 1 0 0 0 0 3 1 2 867
5 6 10 11 4 5 8 12 3 4 5 0 3 0 1 1 1 0 2 1 0 0 0 0 1 2 3 892
5 8 10 11 1 4 8 12 0 4 1 3 0 2 3 2 1 0 1 1 0 0 0 0 1 2 2 917
3 1 10 11 4 3 9 12 3 5 7 4 1 0 5 1 1 0 3 1 0 0 0 0 1 4 0 942
2 5 2 3 1 1 5 3 0 2 4 4 0 0 2 0 1 0 1 1 0 0 0 0 3 2 4 17
2 1 0 4 2 2 6 4 0 0 6 6 0 1 3 4 1 0 1 1 0 0 0 0 2 2 4 42
4 1 5 3 2 4 4 6 0 4 6 7 3 0 3 6 1 0 3 1 0 0 0 0 4 4 3 67
0 2 3 4 3 1 4 6 0 2 5 8 0 4 6 7 1 0 1 1 0 0 0 0 0 0 0 92
0 3 5 3 1 2 4 5 0 2 3 7 0 0 1 9 3 1 4 0.33333333333333331 5 0.33333333333333331 6 0.33333333333333331 0 0 1 117
0 1 3 4 1 3 2 6 0 3 6 8 0 3 5 9 1 0 3 1 0 0 0 0 0 1 1 142
0 3 4 6 3 2 7 7 2 0 2 8 1 0 0 9 1 0 3 1 0 0 0 0 2 0 0 167
0 2 0 1 1 2 4 4 0 1 5 7 2 4 7 10 1 0 3 1 0 0 0 0 0 0 2 192
1 1 0 0 3 2 1 3 4 5 3 0 5 7 8 10 1 0 2 1 0 0 0 0 0 1 0 217
0 0 0 3 3 0 3 2 0 2 4 1 1 6 9 10 1 0 3 1 0 0 0 0 0 0 0 242
0 1 0 0 3 2 2 1 4 5 5 2 5 7 9 10 1 0 1 1 0 0 0 0 0 0 0 267
3 1 2 1 3 7 7 5 5 8 5 2 2 0 9 10 1 0 1 1 0 0 0 0 0 0 1 292
0 2 0 1 1 3 2 0 2 6 3 0 5 7 11 3 3 1 6 0.1818181818181818 7 0.27272727272727271 8 0.54545454545454541 1 0 0 317
0 0 0 1 2 1 4 2 6 6 6 3 7 8 11 5 1 0 3 1 0 0 0 0 0 0 0 342
1 0 0 2 4 1 0 2 7 4 4 3 9 11 6 3 1 0 3 1 0 0 0 0 4 4 3 367
4 2 0 0 6 2 1 2 8 5 0 0 9 11 4 1 1 0 2 1 0 0 0 0 4 2 4 392
0 3 2 3 3 4 4 1 8 7 4 3 9 11 6 5 1 0 3 1 0 0 0 0 4 4 2 417
0 3 3 2 0 5 0 3 7 4 4 1 10 11 6 4 1 0 1 1 0 0 0 0 3 4 4 442
3 1 2 3 8 4 3 0 8 5 4 0 10 11 6 4 1 0 3 1 0 0 0 0 4 4 3 467
5 3 3 3 6 5 2 4 9 7 4 0 10 11 8 0 1 0 1 1 0 0 0 0 0 0 0 492
2 2 0 3 6 6 1 1 12 3 4 2 2 1 1 3 1 0 3 1 0 0 0 0 0 0 0 517
9 1 3 1 9 5 2 0 12 4 0 0 0 0 0 2 1 0 1 1 0 0 0 0 0 1 0 542
10 7 5 1 12 6 4 0 5 4 1 3 4 1 2 0 3 1 5 0.42857142857142855 6 0.2857142857142857 7 0.2857142857142857 0 2 0 567
10 8 7 4 12 6 0 0 5 1 0 0 2 2 3 1 1 0 2 1 0 0 0 0 1 0 0 592
10 9 4 2 12 6 4 0 5 5 2 0 1 0 0 1 1 0 1 1 0 0 0 0 0 1 1 617
10 9 7 0 12 7 2 2 7 4 2 0 3 1 0 3 1 0 1 1 0 0 0 0 1 0 1 642
10 9 7 4 12 8 6 4 7 6 4 3 3 3 0 1 1 0 2 1 0 0 0 0 1 1 1 667
11 3 3 0 12 6 1 2 7 5 5 1 5 3 3 2 1 0 3 1 0 0 0 0 1 1 0 692
11 8 4 1 12 7 3 1 9 5 1 0 2 3 2 0 1 0 3 1 0 0 0 0 0 1 2 717
11 9 3 1 12 5 5 3 9 2 1 4 2 5 2 1 3 1 7 0.1818181818181818 8 0.27272727272727271 9 0.54545454545454541 1 1 4 742
11 9 4 1 12 7 6 4 9 2 9 1 5 4 0 1 1 0 2 1 0 0 0 0 1 2 2 767
11 9 4 7 12 8 4 1 9 2 9 1 5 4 7 0 1 0 3 1 0 0 0 0 2 3 1 792
0 1 0 2 5 3 0 0 3 2 3 0 4 5 4 2 1 0 3 1 0 0 0 0 4 2 3 17
0 1 0 5 0 2 4 7 0 3 5 4 1 3 3 3 1 0 1 1 0 0 0 0 1 3 4 42
2 1 3 6 0 4 4 7 0 3 6 6 0 3 0 5 1 0 2 1 0 0 0 0 3 2 3 67
0 0 2 4 3 1 3 6 0 1 5 8 0 2 5 7 1 0 1 1 0 0 0 0 2 3 3 92
0 0 2 5 0 0 1 6 0 0 5 8 2 2 5 8 1 0 3 1 0 0 0 0 3 1 3 117
0 0 1 4 0 3 3 5 0 1 5 7 3 5 7 9 1 0 2 1 0 0 0 0 2 3 3 142
1 0 0 0 3 3 5 0 4 6 5 1 5 7 8 9 1 0 2 1 0 0 0 0 2 3 4 167
1 4 3 3 0 0 4 4 0 0 6 7 0 1 6 10 3 1 5 0.25 6 0.25 7 0.5 2 4 4 192
2 0 3 4 0 0 2 5 0 1 5 8 3 5 7 10 1 0 2 1 0 0 0 0 4 2 3 217
0 0 2 2 0 0 1 7 1 3 6 9 2 4 5 10 1 0 1 1 0 0 0 0 3 3 3 242
3 4 5 5 0 0 6 8 1 0 3 9 2 0 0 10 1 0 3 1 0 0 0 0 3 3 3 267
0 0 1 0 0 0 3 7 0 2 6 11 3 1 2 3 1 0 3 1 0 0 0 0 4 4 2 292
3 3 4 8 1 3 4 11 0 0 2 5 0 0 1 3 1 0 2 1 0 0 0 0 3 3 3 317
3 5 6 9 0 0 4 11 0 0 3 6 1 0 0 5 1 0 3 1 0 0 0 0 3 4 3 342
0 5 7 9 2 3 5 11 0 1 3 7 0 2 3 5 1 0 1 1 0 0 0 0 3 3 4 367
3 6 8 9 1 3 5 11 0 2 4 7 2 1 0 2 1 0 1 1 0 0 0 0 3 3 4 392
0 2 5 10 0 4 6 11 3 3 1 3 3 0 1 2 1 0 2 1 0 0 0 0 4 3 2 417
0 0 6 10 0 1 7 11 2 5 4 6 3 1 3 4 1 0 1 1 0 0 0 0 2 4 3 442
0 4 8 10 0 4 7 11 3 3 4 6 0 0 3 5 1 0 3 1 0 0 0 0 4 4 2 467
3 3 9 10 0 4 6 11 0 3 4 7 1 0 2 6 1 0 1 1 0 0 0 0 3 4 4 492
0 1 9 10 0 2 7 11 1 5 6 7 3 3 3 6 1 0 2 1 0 0 0 0 3 3 4 517
0 2 9 10 0 1 8 11 2 3 6 7 1 4 5 6 1 0 1 1 0 0 0 0 2 3 4 542
4 1 0 2 4 4 0 0 5 6 3 0 5 4 12 0 1 0 2 1 0 0 0 0 3 2 3 567
0 0 2 0 0 0 2 5 2 1 8 12 0 8 5 3 1 0 3 1 0 0 0 0 4 2 3 592
5 3 12 0 3 5 7 2 3 7 1 0 2 9 0 0 1 0 3 1 0 0 0 0 4 3 3 617
1 3 3 4 0 3 4 12 0 4 7 8 3 4 9 3 1 0 2 1 0 0 0 0 3 3 3 642
0 3 5 2 4 1 12 0 2 4 9 0 3 2 9 4 1 0 2 1 0 0 0 0 4 1 3 667
3 5 7 12 3 3 4 10 3 4 3 3 1 2 0 0 1 0 3 1 0 0 0 0 3 3 1 692
0 8 8 12 0 2 6 10 0 4 4 5 1 4 2 4 1 0 1 1 0 0 0 0 2 2 4 717
3 8 9 12 3 5 7 10 4 5 6 2 0 1 1 0 1 0 1 1 0 0 0 0 1 3 4 742
2 3 3 11 2 6 4 12 0 0 4 4 0 3 5 1 1 0 3 1 0 0 0 0 3 2 2 767
0 3 8 11 2 3 7 12 3 1 7 8 0 3 2 3 1 0 3 1 0 0 0 0 4 3 1 792
0 1 9 11 0 4 8 12 1 1 6 7 0 2 6 3 1 0 2 1 0 0 0 0 2 3 4 817
1 7 10 11 2 5 6 12 0 3 4 5 0 1 2 1 1 0 2 1 0 0 0 0 3 3 3 842
8 7 9 11 4 6 10 12 4 5 7 4 2 1 3 2 1 0 3 1 0 0 0 0 4 3 3 867
2 1 1 2 2 1 5 0 3 3 4 2 0 5 3 1 1 0 2 1 0 0 0 0 3 2 4 17
2 1 3 3 0 0 4 6 1 4 6 5 0 0 4 5 1 0 1 1 0 0 0 0 1 3 4 42
6 8 5 3 0 4 3 0 0 2 1 0 3 1 0 0 1 0 2 1 0 0 0 0 2 2 3 67
3 6 8 7 3 3 3 5 0 0 3 4 1 0 0 0 1 0 2 1 0 0 0 0 2 2 2 92
1 4 6 9 2 4 5 4 0 2 1 2 0 0 0 3 1 0 2 1 0 0 0 0 3 1 2 117
5 7 8 9 0 5 5 2 2 3 1 0 1 0 0 0 1 0 2 1 0 0 0 0 3 2 4 142
0 6 9 9 4 3 4 3 0 4 0 0 3 0 0 2 1 0 1 1 0 0 0 0 3 3 3 167
4 5 7 10 2 3 5 4 0 3 2 4 1 0 0 1 1 0 2 1 0 0 0 0 3 2 3 192
5 6 7 10 0 0 6 8 2 3 3 6 0 0 0 4 1 0 1 1 0 0 0 0 3 3 4 217
0 0 3 10 0 3 5 9 2 4 5 7 0 4 3 4 1 0 1 1 0 0 0 0 3 3 3 242
2 3 6 10 1 4 4 9 3 2 5 8 1 0 4 6 1 0 1 1 0 0 0 0 3 4 4 267
0 7 11 4 0 5 3 0 0 5 1 3 2 1 0 2 1 0 1 1 0 0 0 0 3 4 4 292
8 11 6 3 7 5 3 2 8 6 4 1 2 4 1 3 1 0 3 1 0 0 0 0 0 0 0 317
9 11 6 5 8 6 5 3 0 7 5 3 1 3 2 2 1 0 1 1 0 0 0 0 0 0 1 342
10 11 7 5 6 7 4 3 2 3 0 3 1 3 2 0 1 0 1 1 0 0 0 0 1 1 1 367
10 11 7 5 8 6 4 3 5 3 0 0 4 1 1 0 1 0 3 1 0 0 0 0 0 2 1 392
10 11 9 6 1 3 8 6 0 3 3 4 2 0 0 3 1 0 3 1 0 0 0 0 1 1 1 417
0 5 12 4 3 6 7 3 2 2 5 3 1 2 0 0 1 0 1 1 0 0 0 0 1 0 2 442
3 4 8 12 0 0 4 7 0 0 5 1 3 1 0 2 1 0 2 1 0 0 0 0 1 1 1 467
4 3 9 12 1 0 4 5 0 0 3 3 0 2 1 0 1 0 3 1 0 0 0 0 0 1 2 492
1 3 9 12 2 4 6 7 1 3 5 6 3 3 3 1 1 0 3 1 0 0 0 0 0 2 1 517
0 4 9 12 0 3 7 8 2 2 4 5 3 1 2 4 1 0 1 1 0 0 0 0 1 0 1 542
2 3 0 0 0 3 1 12 0 1 3 10 0 0 4 6 1 0 2 1 0 0 0 0 0 0 1 567
0 0 3 12 2 3 6 10 2 4 5 7 0 3 5 9 1 0 1 1 0 0 0 0 1 0 1 592
0 1 3 12 0 2 5 10 3 3 5 8 1 4 6 9 1 0 3 1 0 0 0 0 0 1 0 617
3 0 8 12 2 5 6 10 1 5 7 8 2 2 5 9 1 0 1 1 0 0 0 0 1 0 0 642
1 2 0 3 0 3 4 8 2 3 5 12 3 5 6 11 1 0 1 1 0 0 0 0 0 0 0 667
2 0 2 5 4 4 5 8 1 8 6 12 3 3 7 11 1 0 1 1 0 0 0 0 0 0 0 692
0 0 1 5 2 8 5 8 3 7 5 12 1 3 8 11 1 0 2 1 0 0 0 0 0 0 0 717
3 1 2 4 1 3 4 9 0 6 2 12 5 5 9 11 1 0 2 1 0 0 0 0 1 0 1 742
3 1 2 3 4 4 6 9 4 6 2 12 1 7 9 11 1 0 3 1 0 0 0 0 1 1 0 767
0 2 3 5 2 3 6 9 1 4 6 12 1 8 10 11 1 0 2 1 0 0 0 0 1 0 1 792
2 2 4 0 3 3 11 12 1 4 11 3 0 3 3 0 1 0 3 1 0 0 0 0 1 0 0 817
0 4 3 1 3 3 5 0 0 4 3 2 3 2 3 4 1 0 2 1 0 0 0 0 4 2 3 17
3 2 1 3 6 6 3 3 1 5 4 3 2 1 5 0 1 0 2 1 0 0 0 0 2 2 4 42
5 4 4 0 2 7 3 0 1 7 2 0 6 0 3 1 1 0 2 1 0 0 0 0 3 2 3 67
0 3 2 0 0 5 0 3 0 7 5 3 1 8 6 5 1 0 2 1 0 0 0 0 3 2 3 92
3 1 1 0 1 5 7 1 3 5 8 2 2 8 3 3 1 0 2 1 0 0 0 0 2 3 4 117
0 3 0 0 2 2 0 1 2 0 3 6 4 4 8 9 1 0 2 1 0 0 0 0 4 1 3 142
2 1 0 3 0 0 3 5 1 4 5 7 1 4 8 9 1 0 2 1 0 0 0 0 1 2 4 167
1 0 0 0 1 0 1 4 0 0 4 6 3 4 5 10 1 0 2 1 0 0 0 0 1 3 3 192
0 3 2 2 0 0 0 4 3 0 4 6 4 5 8 10 1 0 1 1 0 0 0 0 3 2 2 217
2 1 1 2 3 3 4 0 1 4 5 7 2 6 8 10 1 0 3 1 0 0 0 0 2 2 2 242
0 0 3 2 0 1 0 5 3 3 5 8 4 6 8 10 1 0 2 1 0 0 0 0 2 1 2 267
0 3 6 4 0 5 6 7 4 0 5 9 0 7 0 10 1 0 2 1 0 0 0 0 3 2 4 292
2 1 3 6 3 3 6 11 0 1 2 3 6 0 0 0 1 0 2 1 0 0 0 0 4 3 4 317
5 7 11 8 2 2 5 8 1 0 3 3 0 1 0 3 1 0 3 1 0 0 0 0 0 0 0 342
6 7 11 10 4 5 6 7 4 4 0 2 0 2 1 0 1 0 3 1 0 0 0 0 1 0 1 367
6 7 11 10 3 5 7 8 0 1 3 3 0 0 0 1 1 0 2 1 0 0 0 0 0 1 1 392
0 3 11 10 2 4 7 9 0 2 6 6 0 1 3 4 1 0 1 1 0 0 0 0 0 0 2 417
1 3 11 10 1 6 8 9 2 5 5 5 3 2 2 2 1 0 1 1 0 0 0 0 1 0 0 442
3 8 11 10 2 3 8 9 3 5 6 7 0 2 6 1 1 0 3 1 0 0 0 0 1 0 0 467
3 7 12 8 0 1 4 5 2 2 1 4 0 0 1 3 3 1 4 0.54545454545454541 5 0.27272727272727271 6 0.1818181818181818 0 1 1 492
4 7 12 8 3 5 6 7 3 1 2 1 0 1 0 0 1 0 2 1 0 0 0 0 0 1 1 517
1 7 12 3 0 3 6 9 0 0 4 5 3 2 1 1 1 0 2 1 0 0 0 0 0 1 0 542
3 4 8 12 1 4 7 9 2 6 2 0 2 4 1 3 1 0 1 1 0 0 0 0 0 0 1 567
0 2 0 12 0 0 1 10 0 1 3 6 2 0 5 5 1 0 3 1 0 0 0 0 0 0 0 592
3 5 8 12 2 0 1 10 4 1 1 2 0 2 3 0 1 0 3 1 0 0 0 0 0 0 0 617
4 3 9 12 2 5 6 10 1 3 3 6 0 1 2 3 1 0 3 1 0 0 0 0 0 0 1 642
5 7 9 12 5 4 7 10 3 0 1 2 3 0 1 0 1 0 2 1 0 0 0 0 0 0 0 667
4 7 9 12 3 4 8 10 1 5 8 2 2 4 1 2 1 0 1 1 0 0 0 0 0 0 0 692
2 11 12 0 8 6 5 2 1 3 5 3 2 3 1 0 1 0 1 1 0 0 0 0 0 0 0 717
3 11 12 5 8 7 6 8 1 4 5 0 0 2 3 2 1 0 1 1 0 0 0 0 0 0 0 742
3 11 12 6 9 8 6 4 3 3 4 0 0 2 0 0 1 0 1 1 0 0 0 0 0 0 0 767
3 11 12 3 1 10 5 9 2 3 5 3 0 1 3 1 1 0 2 1 0 0 0 0 0 1 0 792
5 11 12 3 3 10 8 9 3 5 3 2 1 3 2 0 1 0 1 1 0 0 0 0 0 0 1 817
2 0 5 0 3 4 4 0 4 3 3 0 4 2 1 3 1 0 1 1 0 0 0 0 3 3 3 17
5 5 7 4 4 4 4 0 0 0 3 1 0 0 0 1 1 0 3 1 0 0 0 0 2 4 2 42
6 7 7 4 1 5 3 4 0 3 1 0 0 0 1 0 1 0 2 1 0 0 0 0 1 3 4 67
7 8 6 5 3 4 5 3 3 0 2 3 0 0 1 1 1 0 3 1 0 0 0 0 3 4 2 92
9 6 5 0 5 4 0 0 4 2 4 2 3 1 0 0 1 0 1 1 0 0 0 0 3 3 2 117
9 6 5 3 7 5 3 0 3 5 1 0 0 0 3 2 1 0 3 1 0 0 0 0 3 3 1 142
9 8 6 5 0 3 6 4 0 1 3 0 2 1 2 3 1 0 3 1 0 0 0 0 3 3 1 167
10 6 4 3 5 4 1 2 4 2 3 0 3 0 1 0 1 0 1 1 0 0 0 0 2 3 4 192
10 8 5 1 3 0 3 0 1 3 2 0 0 2 0 0 3 1 5 0.25 6 0.25 7 0.5 3 3 4 217
10 8 5 4 7 6 4 3 5 4 2 3 3 0 0 0 1 0 1 1 0 0 0 0 3 3 3 242
10 9 6 5 3 1 6 4 0 0 2 3 2 0 0 3 1 0 1 1 0 0 0 0 3 3 2 267
10 9 7 6 5 6 4 3 3 4 1 2 2 0 0 0 1 0 3 1 0 0 0 0 3 2 3 292
10 9 8 7 4 5 6 5 4 5 3 0 3 2 2 1 1 0 3 1 0 0 0 0 3 2 3 317
2 5 1 3 11 3 3 0 7 4 1 0 3 2 0 1 1 0 3 1 0 0 0 0 2 3 2 342
1 0 0 1 5 0 2 3 11 6 4 2 8 4 3 1 1 0 3 1 0 0 0 0 2 3 2 367
4 3 0 3 0 4 4 2 11 6 3 1 8 7 5 3 1 0 1 1 0 0 0 0 2 3 2 392
2 0 0 2 6 3 1 3 11 6 5 3 9 7 5 3 1 0 2 1 0 0 0 0 4 2 3 417
1 3 2 0 3 3 3 1 11 6 5 2 9 8 6 5 1 0 1 1 0 0 0 0 2 3 3 442
0 2 0 1 3 3 4 0 11 7 6 2 9 8 7 3 1 0 3 1 0 0 0 0 3 2 2 467
0 0 0 2 3 0 1 1 11 0 5 0 9 9 7 6 1 0 1 1 0 0 0 0 0 2 4 492
3 1 2 0 6 1 0 2 11 6 3 0 10 8 4 3 1 0 2 1 0 0 0 0 2 1 3 517
4 2 1 2 7 4 3 2 11 7 1 0 10 8 3 0 3 1 4 0.54545454545454541 5 0.27272727272727271 6 0.1818181818181818 3 2 1 542
3 3 0 3 5 4 1 0 11 6 2 0 10 9 6 4 1 0 2 1 0 0 0 0 3 2 1 567
2 2 0 4 1 1 5 4 11 6 5 4 10 9 7 5 1 0 2 1 0 0 0 0 2 1 2 592
1 3 3 1 3 4 6 2 11 7 6 3 10 9 7 6 1 0 2 1 0 0 0 0 1 1 3 617
0 3 4 2 1 5 4 4 4 4 2 5 0 12 0 1 1 0 3 1 0 0 0 0 2 2 2 642
0 2 1 2 3 4 3 3 0 4 5 3 12 7 6 3 1 0 2 1 0 0 0 0 3 1 1 667
0 0 0 1 0 2 2 0 1 3 6 3 12 8 6 4 1 0 3 1 0 0 0 0 1 1 2 692
0 0 0 3 0 3 2 2 1 1 5 6 12 8 7 6 1 0 2 1 0 0 0 0 2 1 0 717
0 0 4 0 4 3 1 0 5 7 0 3 9 12 3 2 1 0 2 1 0 0 0 0 1 0 3 742
0 0 3 1 2 1 5 3 0 8 5 3 9 12 8 7 1 0 3 1 0 0 0 0 1 2 3 767
2 3 5 4 10 7 8 3 4 12 2 0 0 5 2 1 1 0 1 1 0 0 0 0 2 1 4 792
0 0 0 1 0 4 12 0 9 10 4 1 3 5 5 5 1 0 2 1 0 0 0 0 2 3 1 817
9 5 12 5 10 7 5 2 2 4 3 3 0 0 2 2 1 0 3 1 0 0 0 0 4 0 1 842
9 5 12 7 10 7 7 0 3 4 3 1 0 2 1 2 1 0 3 1 0 0 0 0 2 2 1 867
9 5 12 1 10 8 6 7 0 3 6 4 3 2 3 4 1 0 1 1 0 0 0 0 1 2 2 892
3 3 5 1 3 6 1 0 12 6 3 0 11 4 3 2 1 0 2 1 0 0 0 0 1 1 2 917
2 1 7 1 6 5 0 3 12 7 0 2 11 6 6 3 1 0 3 1 0 0 0 0 2 2 1 942
2 1 1 3 6 7 4 3 12 6 6 4 11 8 3 3 1 0 1 1 0 0 0 0 1 3 0 967
5 0 2 2 6 4 1 0 12 7 2 0 11 9 8 3 1 0 1 1 0 0 0 0 2 1 1 992
1 0 0 3 4 4 2 0 12 6 4 2 11 10 2 0 1 0 3 1 0 0 0 0 2 0 1 1017
0 0 0 3 2 1 2 0 12 7 4 3 11 10 6 5 1 0 3 1 0 0 0 0 1 0 1 1042
1 4 0 1 6 4 3 0 12 8 3 2 11 10 4 2 1 0 3 1 0 0 0 0 0 0 1 1067
5 4 0 1 8 1 2 3 12 8 3 1 11 10 6 1 1 0 2 1 0 0 0 0 0 2 0 1092
2 3 1 9 3 2 2 2 12 9 7 0 11 10 7 1 1 0 1 1 0 0 0 0 2 1 1 1117
3 6 2 3 3 1 0 1 4 3 3 0 2 2 0 0 1 0 1 1 0 0 0 0 3 3 3 17
0 0 2 2 7 5 1 3 3 5 4 3 2 1 3 3 1 0 3 1 0 0 0 0 3 2 3 42
4 4 4 0 5 6 1 3 8 0 2 0 4 0 3 3 2 1 4 0.5 5 0.5 0 0 4 4 2 67
4 3 0 1 7 4 3 2 8 6 3 0 6 5 4 1 1 0 3 1 0 0 0 0 3 4 3 92
9 6 4 2 7 5 3 0 3 3 0 1 0 0 2 0 1 0 1 1 0 0 0 0 3 3 4 117
9 8 4 2 6 7 4 0 4 3 3 0 3 3 0 1 1 0 3 1 0 0 0 0 0 0 0 142
9 9 6 5 3 4 4 5 0 3 1 0 0 0 1 2 1 0 2 1 0 0 0 0 0 0 0 167
10 8 6 4 4 3 1 2 0 3 0 0 0 2 0 0 1 0 1 1 0 0 0 0 0 0 0 192
10 8 6 5 6 6 4 4 1 3 3 0 0 0 3 0 1 0 2 1 0 0 0 0 0 0 0 217
10 8 7 5 6 7 5 1 5 4 4 2 3 1 2 0 1 0 3 1 0 0 0 0 0 0 0 242
10 9 8 5 6 3 4 5 0 0 3 0 0 0 0 1 1 0 2 1 0 0 0 0 0 0 1 267
10 9 8 7 3 5 6 5 3 3 6 1 3 0 0 0 1 0 2 1 0 0 0 0 0 0 1 292
0 8 11 1 4 7 3 3 4 3 4 0 3 2 1 3 1 0 2 1 0 0 0 0 0 0 1 317
9 11 4 3 3 5 2 1 0 1 5 0 0 2 2 0 3 1 5 0.37499999999999994 6 0.24999999999999994 7 0.37499999999999994 1 0 1 342
9 11 5 4 5 7 3 2 4 7 1 1 3 3 3 1 1 0 3 1 0 0 0 0 0 2 0 367
9 11 5 5 7 8 4 3 5 3 3 0 3 1 0 1 1 0 2 1 0 0 0 0 0 1 0 392
10 11 3 4 4 6 8 2 3 4 1 2 0 0 0 3 1 0 3 1 0 0 0 0 1 0 0 417
10 11 5 3 7 8 4 2 5 4 3 1 7 4 3 4 1 0 1 1 0 0 0 0 0 1 1 442
10 11 6 1 9 6 0 0 7 4 2 1 4 0 0 3 1 0 1 1 0 0 0 0 0 2 0 467
10 11 3 0 9 8 3 3 6 6 4 0 3 2 2 0 1 0 1 1 0 0 0 0 1 0 0 492
10 11 1 1 9 8 4 3 7 7 4 2 6 0 3 0 1 0 3 1 0 0 0 0 0 1 1 517
12 8 1 0 6 7 3 2 5 4 3 3 3 1 0 0 3 1 7 0.1818181818181818 8 0.27272727272727271 9 0.54545454545454541 1 2 1 542
8 1 12 0 2 3 8 9 1 5 5 5 0 4 3 3 1 0 3 1 0 0 0 0 2 3 0 567
0 4 6 12 3 2 5 10 3 0 4 7 0 2 0 0 3 1 7 0.1818181818181818 8 0.27272727272727271 9 0.54545454545454541 3 1 1 592
3 12 9 7 2 4 7 10 3 5 8 3 3 4 1 0 1 0 2 1 0 0 0 0 3 2 2 617
3 2 4 4 0 4 5 3 0 3 3 12 0 1 7 11 3 1 7 0.1818181818181818 8 0.27272727272727271 9 0.54545454545454541 3 3 2 642
0 2 0 0 3 1 5 5 2 5 6 12 9 6 7 11 3 1 6 0.28571428571428575 7 0.28571428571428575 8 0.4285714285714286 3 2 3 667
3 4 3 1 0 3 5 5 0 3 7 12 3 3 10 11 1 0 3 1 0 0 0 0 3 4 1 692
1 2 3 6 2 6 4 7 1 3 7 12 3 9 10 11 1 0 2 1 0 0 0 0 3 2 4 717
1 0 3 3 2 2 4 5 0 3 9 12 1 9 10 11 1 0 3 1 0 0 0 0 3 3 3 742
3 3 3 0 4 3 2 1 4 3 4 1 3 0 5 0 1 0 3 1 0 0 0 0 3 4 2 17
3 0 0 3 7 3 0 0 4 6 0 1 3 4 3 2 1 0 3 1 0 0 0 0 3 3 2 42
2 2 2 0 0 4 3 2 7 6 4 1 3 7 5 1 1 1 4 1 0 0 0 0 4 2 4 67
2 2 0 0 0 3 1 3 3 6 3 0 6 8 7 4 1 0 3 1 0 0 0 0 4 3 2 92
0 1 0 0 4 3 2 3 6 3 0 0 8 8 7 4 1 0 3 1 0 0 0 0 4 4 3 117
3 3 1 2 5 4 2 0 6 4 0 0 9 8 5 1 1 0 1 1 0 0 0 0 3 4 4 142
3 3 5 6 7 7 4 0 9 8 1 0 0 0 0 2 1 0 3 1 0 0 0 0 0 0 0 167
0 0 3 3 5 3 2 0 7 6 4 1 10 3 4 0 1 0 1 1 0 0 0 0 0 1 0 192
4 1 0 0 5 3 0 0 8 6 4 3 10 5 4 0 1 0 2 1 0 0 0 0 0 0 1 217
5 3 0 3 6 6 3 1 8 7 3 0 10 3 0 0 1 0 2 1 0 0 0 0 0 0 0 242
5 4 1 1 7 4 2 0 8 7 4 2 10 6 5 4 1 0 2 1 0 0 0 0 4 3 4 267
3 3 0 0 7 3 4 0 9 3 3 2 10 8 5 3 1 0 3 1 0 0 0 0 1 0 0 292
3 1 3 1 5 10 4 0 2 2 10 3 3 0 3 1 1 0 2 1 0 0 0 0 0 0 0 317
5 4 0 0 8 6 3 1 11 6 2 0 5 3 1 0 1 0 2 1 0 0 0 0 0 0 0 342
9 6 2 0 11 3 4 1 3 0 3 2 0 0 0 1 1 0 3 1 0 0 0 0 0 0 0 367
9 8 4 1 11 5 3 2 5 7 1 0 4 0 4 0 1 0 2 1 0 0 0 0 1 1 0 392
9 8 5 3 11 6 4 1 6 7 3 3 8 5 4 0 3 1 5 0.37499999999999994 6 0.24999999999999994 7 0.37499999999999994 0 1 2 417
4 0 1 0 8 0 1 2 2 9 8 1 3 11 9 5 1 0 2 1 0 0 0 0 1 1 1 442
1 3 3 0 1 1 6 3 4 10 4 6 3 11 9 3 1 0 2 1 0 0 0 0 0 2 0 467
2 4 8 4 0 1 6 0 3 2 12 3 3 3 1 3 1 0 2 1 0 0 0 0 3 2 0 492
2 3 5 9 5 6 8 12 5 5 6 7 3 4 3 3 1 0 2 1 0 0 0 0 4 2 2 517
4 2 2 2 3 6 12 0 1 6 10 1 3 7 3 0 1 0 1 1 0 0 0 0 2 2 4 542
3 1 2 0 12 5 2 2 4 5 7 4 1 6 8 10 1 0 2 1 0 0 0 0 3 1 4 567
2 3 4 2 0 1 6 4 0 12 6 8 0 9 10 1 1 0 3 1 0 0 0 0 3 3 3 592
1 4 4 3 3 7 1 3 12 9 2 3 3 9 10 2 1 0 3 1 0 0 0 0 4 4 2 617
7 3 3 2 8 5 3 0 12 5 1 0 2 11 1 3 1 0 2 1 0 0 0 0 4 3 4 642
3 8 7 2 8 11 5 3 12 4 3 1 1 4 3 2 1 0 1 1 0 0 0 0 3 4 4 667
0 1 0 3 4 3 2 1 4 8 9 2 11 12 4 6 1 0 2 1 0 0 0 0 4 3 4 692
1 3 1 0 9 5 4 2 6 11 6 3 4 8 12 7 1 0 2 1 0 0 0 0 0 0 0 717
3 6 4 3 9 11 3 3 6 9 4 2 4 12 3 1 1 0 1 1 0 0 0 0 3 4 4 742
3 3 11 3 2 4 10 1 6 5 7 1 4 12 2 6 1 0 3 1 0 0 0 0 4 4 2 767
3 1 0 2 2 11 5 4 10 12 7 4 8 4 0 3 1 0 1 1 0 0 0 0 3 3 3 792
0 0 0 1 5 3 4 0 3 5 3 3 1 2 4 0 1 0 2 1 0 0 0 0 3 3 3 17
1 0 0 0 2 3 0 3 2 4 4 7 3 1 6 3 1 0 3 1 0 0 0 0 3 3 2 42
0 0 2 2 0 3 3 0 1 3 5 4 4 6 8 4 1 0 3 1 0 0 0 0 4 3 3 67
3 0 1 3 5 3 2 3 0 3 4 6 4 6 8 7 1 0 3 1 0 0 0 0 4 4 3 92
2 0 4 0 0 0 4 6 3 5 6 0 3 5 7 9 1 0 1 1 0 0 0 0 0 0 1 117
3 2 2 3 0 1 1 3 0 3 5 3 5 7 8 9 1 0 3 1 0 0 0 0 0 0 0 142
0 0 0 3 0 0 1 3 0 3 5 3 3 6 9 9 1 0 2 1 0 0 0 0 0 0 0 167
1 0 3 0 0 0 1 0 6 3 3 2 5 6 8 10 1 0 2 1 0 0 0 0 0 0 1 192
2 0 0 0 1 3 5 5 4 3 5 7 5 6 8 10 1 0 1 1 0 0 0 0 0 1 0 217
0 2 0 0 0 0 2 1 3 3 4 6 3 7 9 10 1 0 1 1 0 0 0 0 0 0 1 242
0 0 3 3 0 4 2 0 5 5 7 1 5 7 9 10 1 0 2 1 0 0 0 0 1 0 0 267
2 4 2 0 4 4 1 3 5 4 3 4 7 8 9 10 1 0 1 1 0 0 0 0 0 0 0 292
3 4 3 2 5 4 3 0 2 5 1 3 1 0 11 0 1 0 2 1 0 0 0 0 4 3 4 317
0 0 3 2 0 0 1 3 2 4 4 3 6 7 11 4 1 0 3 1 0 0 0 0 4 3 3 342
2 3 0 0 3 1 4 1 0 5 5 2 3 8 11 5 1 0 2 1 0 0 0 0 3 2 4 367
2 0 0 2 0 1 5 5 4 4 5 6 4 6 11 9 1 0 2 1 0 0 0 0 4 2 3 392
2 0 0 4 0 3 4 4 1 4 5 4 4 5 11 10 1 0 3 1 0 0 0 0 4 4 3 417
0 0 1 0 2 1 4 4 3 4 5 7 4 6 11 10 1 0 2 1 0 0 0 0 3 3 4 442
1 2 0 1 0 2 3 3 1 3 6 8 3 7 11 10 1 0 1 1 0 0 0 0 2 4 4 467
0 2 1 3 3 0 0 3 0 4 6 9 5 7 11 10 1 0 3 1 0 0 0 0 4 4 3 492
2 1 3 4 0 2 5 6 0 3 7 9 3 7 11 10 1 0 1 1 0 0 0 0 3 3 4 517
3 4 4 6 0 3 5 7 1 0 8 9 3 0 11 10 1 0 3 1 0 0 0 0 3 4 2 542
3 2 2 3 1 1 4 0 1 5 7 3 3 6 12 2 1 0 3 1 0 0 0 0 4 4 2 567
0 0 0 2 0 0 1 3 1 5 4 3 4 9 12 4 1 0 2 1 0 0 0 0 0 0 0 592
3 3 0 3 5 4 0 0 7 6 4 3 9 12 9 3 1 0 1 1 0 0 0 0 0 1 0 617
0 0 0 2 3 8 4 2 11 6 4 0 12 5 3 3 1 0 3 1 0 0 0 0 2 0 0 642
11 8 6 1 12 7 5 3 2 4 4 0 3 1 0 3 1 0 2 1 0 0 0 0 0 0 1 667
11 9 3 3 12 6 7 1 5 4 3 2 3 1 3 0 1 0 2 1 0 0 0 0 0 0 1 692
11 9 6 1 12 8 5 1 4 4 3 3 2 3 3 0 1 0 2 1 0 0 0 0 0 0 0 717
11 9 7 4 12 8 4 4 6 5 4 1 1 2 2 0 1 0 2 1 0 0 0 0 4 3 4 742
11 9 4 3 12 8 5 3 1 8 5 5 0 5 3 3 1 0 2 1 0 0 0 0 3 3 4 767
11 10 7 3 12 7 2 3 6 5 4 1 0 0 3 0 1 0 1 1 0 0 0 0 3 4 4 792
3 0 1 0 0 2 6 2 3 3 1 4 0 2 1 4 1 0 2 1 0 0 0 0 4 3 2 17
0 2 0 7 0 1 5 5 2 2 4 3 3 1 3 4 1 0 1 1 0 0 0 0 2 2 4 42
3 5 6 7 0 3 5 6 2 3 5 4 2 1 0 3 1 0 3 1 0 0 0 0 3 2 3 67
3 6 8 7 2 3 4 5 1 0 4 0 0 1 0 2 1 0 1 1 0 0 0 0 1 2 4 92
4 7 8 7 2 3 5 6 1 0 5 3 2 0 0 0 1 0 1 1 0 0 0 0 2 2 2 117
4 5 7 9 3 4 6 4 0 3 1 2 0 3 0 2 1 0 1 1 0 0 0 0 2 2 1 142
3 6 8 9 0 0 4 6 0 0 0 4 1 3 0 0 1 0 3 1 0 0 0 0 1 2 1 167
5 7 8 9 3 5 6 5 0 1 1 1 0 2 0 0 1 0 2 1 0 0 0 0 0 1 2 192
2 3 3 10 2 3 6 6 0 1 4 4 0 3 2 3 1 0 1 1 0 0 0 0 1 0 2 217
0 1 7 10 3 4 4 8 2 1 1 6 0 0 1 4 1 0 3 1 0 0 0 0 0 3 2 242
3 6 7 10 1 4 6 8 0 4 6 0 0 2 5 2 1 0 1 1 0 0 0 0 1 1 2 267
5 7 9 10 3 6 5 0 0 0 6 3 0 0 1 2 1 0 3 1 0 0 0 0 2 2 0 292
7 8 9 10 6 5 4 2 1 7 3 2 2 0 1 0 1 0 1 1 0 0 0 0 1 1 3 317
5 7 11 3 4 6 1 1 0 3 3 0 3 0 1 0 1 0 1 1 0 0 0 0 0 4 0 342
6 7 11 5 6 6 5 0 2 3 2 1 0 2 0 0 1 0 1 1 0 0 0 0 1 0 2 367
6 8 11 6 5 6 4 0 3 4 2 3 3 1 0 0 1 0 3 1 0 0 0 0 1 1 0 392
6 8 11 7 7 5 6 3 0 5 3 0 3 3 1 3 1 0 2 1 0 0 0 0 1 1 1 417
6 9 11 7 4 6 5 5 1 3 3 3 0 0 1 0 1 0 2 1 0 0 0 0 0 1 1 442
6 9 11 8 5 7 3 0 4 1 2 2 1 1 0 0 1 0 3 1 0 0 0 0 0 1 1 467
3 0 1 11 0 3 9 9 2 1 3 5 0 3 6 3 1 0 2 1 0 0 0 0 0 0 1 492
1 4 4 2 3 2 6 11 0 2 6 10 2 3 8 3 1 0 1 1 0 0 0 0 2 0 1 517
5 9 11 3 3 10 3 3 1 5 4 0 0 0 3 3 1 0 2 1 0 0 0 0 1 1 2 542
6 9 11 4 10 6 4 3 5 4 3 2 3 3 4 3 1 0 1 1 0 0 0 0 1 1 1 567
6 9 11 5 10 7 6 3 0 2 6 3 2 1 0 4 1 0 3 1 0 0 0 0 1 0 1 592
6 9 11 6 10 8 6 5 0 1 1 5 1 2 2 1 1 0 2 1 0 0 0 0 0 1 0 617
2 3 4 0 2 6 3 3 0 12 5 3 0 3 3 0 1 0 1 1 0 0 0 0 1 0 0 642
0 1 1 0 4 4 2 1 4 5 6 2 3 12 7 3 1 0 3 1 0 0 0 0 0 1 0 667
0 0 0 2 1 2 3 5 0 0 5 7 0 5 12 8 1 0 3 1 0 0 0 0 1 0 0 692
1 0 0 3 2 3 2 6 1 4 7 7 2 1 12 9 1 0 1 1 0 0 0 0 0 1 0 717
0 2 3 2 3 2 1 4 0 4 4 2 6 5 12 10 1 0 1 1 0 0 0 0 2 0 0 742
1 0 2 3 0 3 6 4 1 7 7 5 4 4 12 10 1 0 2 1 0 0 0 0 1 1 1 767
1 4 4 4 3 5 6 7 2 2 8 10 1 0 12 5 1 0 3 1 0 0 0 0 1 1 1 792
1 0 0 0 4 2 1 2 4 6 6 9 4 4 12 10 1 0 1 1 0 0 0 0 0 1 1 817
3 2 0 4 0 0 3 5 0 0 7 9 4 7 12 10 1 0 3 1 0 0 0 0 1 0 0 842
2 3 3 4 3 6 7 10 0 5 8 9 2 12 1 1 1 0 1 1 0 0 0 0 0 1 0 867
3 6 7 0 9 4 3 2 2 4 12 11 2 4 1 0 1 0 1 1 0 0 0 0 1 0 1 892
3 11 0 2 3 6 5 3 9 8 5 12 3 3 5 1 1 0 2 1 0 0 0 0 1 0 1 917
3 2 1 3 3 3 1 2 3 5 3 0 0 3 5 2 1 0 1 1 0 0 0 0 3 3 3 17
1 0 3 0 6 3 4 2 7 4 0 1 1 4 0 0 1 0 2 1 0 0 0 0 2 3 3 42
0 1 0 0 1 0 3 3 2 3 4 5 4 8 6 3 1 0 2 1 0 0 0 0 3 3 3 67
2 1 0 2 2 4 1 1 6 0 0 0 6 8 7 4 1 0 2 1 0 0 0 0 3 2 4 92
2 1 1 3 3 2 4 0 6 6 1 0 7 8 7 4 1 0 1 1 0 0 0 0 2 4 2 117
4 1 0 0 4 1 2 2 4 6 2 0 9 7 6 3 1 0 1 1 0 0 0 0 2 2 4 142
0 0 0 2 0 3 0 1 2 4 3 5 9 8 7 5 1 0 1 1 0 0 0 0 2 2 4 167
2 2 0 0 0 1 3 3 2 7 5 4 9 8 7 6 1 0 3 1 0 0 0 0 4 2 2 192
3 0 0 0 0 2 1 3 5 4 4 0 9 9 7 6 1 0 3 1 0 0 0 0 3 3 1 217
0 0 0 2 3 4 0 1 0 3 5 2 10 8 6 4 1 0 2 1 0 0 0 0 3 1 2 242
0 0 4 0 0 2 3 4 2 3 6 4 10 8 7 5 1 0 1 1 0 0 0 0 2 1 3 267
0 0 2 3 0 1 3 4 2 4 5 4 10 9 6 5 1 0 1 1 0 0 0 0 2 2 2 292
2 0 1 0 2 4 3 3 1 5 4 0 10 9 8 3 1 0 1 1 0 0 0 0 1 2 3 317
3 3 2 0 6 4 3 1 7 5 4 4 10 9 8 3 1 0 1 1 0 0 0 0 2 3 2 342
3 2 0 0 2 3 1 0 4 5 7 2 11 5 0 1 1 0 2 1 0 0 0 0 3 1 3 367
0 0 3 0 0 3 2 5 1 0 1 4 4 11 9 6 1 0 3 1 0 0 0 0 3 4 2 392
1 0 0 0 2 2 1 3 3 4 5 6 4 11 9 7 1 0 2 1 0 0 0 0 3 2 3 417
3 2 0 4 0 1 3 4 0 3 5 6 5 11 9 8 1 0 1 1 0 0 0 0 2 3 3 442
3 2 4 1 1 3 8 3 6 6 7 3 1 11 9 8 3 1 6 0.1818181818181818 7 0.27272727272727271 8 0.54545454545454541 2 4 3 467
0 3 0 2 3 4 2 0 3 5 7 8 4 5 11 10 1 0 3 1 0 0 0 0 4 2 2 492
3 0 2 4 0 3 2 6 1 5 5 9 4 1 11 10 1 0 3 1 0 0 0 0 3 3 2 517
0 0 1 6 2 0 5 6 0 3 8 9 4 6 11 10 1 0 1 1 0 0 0 0 3 4 4 542
0 3 4 2 2 4 5 7 5 4 8 9 1 7 11 10 1 0 1 1 0 0 0 0 3 3 4 567
1 2 3 4 3 5 4 12 3 4 7 8 0 3 4 0 1 0 2 1 0 0 0 0 4 3 3 592
0 2 1 4 1 5 5 5 0 3 8 12 8 0 0 8 1 0 2 1 0 0 0 0 3 3 4 617
1 0 0 3 1 0 5 7 0 4 6 12 2 7 8 9 1 0 2 1 0 0 0 0 3 3 4 642
0 2 1 4 1 2 4 8 2 3 5 12 3 4 4 10 3 1 5 0.42857142857142855 6 0.2857142857142857 7 0.2857142857142857 4 3 4 667
0 3 0 4 5 0 0 8 3 4 2 12 3 1 8 10 1 0 3 1 0 0 0 0 4 4 3 692
2 0 3 6 3 4 6 9 1 3 5 12 4 3 3 10 1 0 3 1 0 0 0 0 4 4 3 717
0 0 1 3 3 5 3 2 3 5 8 9 3 6 10 12 1 0 2 1 0 0 0 0 4 3 4 742
3 3 1 0 5 5 3 2 4 6 8 9 5 7 10 12 1 0 3 1 0 0 0 0 4 4 3 767
1 0 3 3 1 2 6 11 2 3 4 12 2 5 6 7 1 0 1 1 0 0 0 0 0 0 0 792
3 2 3 4 3 1 5 11 0 3 7 12 0 1 9 8 1 0 2 1 0 0 0 0 0 0 0 817
0 2 0 0 4 3 4 2 3 5 11 3 5 8 10 12 1 0 1 1 0 0 0 0 1 0 1 842
1 8 2 5 3 6 7 4 3 5 8 12 4 6 10 11 1 0 1 1 0 0 0 0 1 2 1 867
4 1 4 3 2 5 3 0 4 4 0 0 1 2 3 2 1 0 1 1 0 0 0 0 3 3 3 17
3 1 6 4 2 6 1 0 6 4 2 0 3 3 1 2 1 0 1 1 0 0 0 0 2 3 3 42
5 3 2 1 8 4 3 2 5 1 2 0 4 3 3 0 1 0 1 1 0 0 0 0 2 2 3 67
7 4 0 2 8 5 3 2 6 4 0 0 4 2 0 0 1 0 1 1 0 0 0 0 3 1 3 92
9 5 1 0 6 6 1 2 5 2 3 0 0 0 1 0 1 0 2 1 0 0 0 0 2 2 4 117
9 6 5 1 7 5 4 3 5 2 1 3 4 3 0 2 1 0 1 1 0 0 0 0 2 3 2 142
9 8 7 4 2 7 0 3 0 1 3 0 0 3 1 0 1 0 3 1 0 0 0 0 3 4 1 167
9 8 0 5 6 7 7 4 5 5 4 3 4 3 1 1 1 0 3 1 0 0 0 0 2 4 3 192
10 0 3 0 8 3 0 1 5 5 2 0 4 1 2 0 1 0 3 1 0 0 0 0 3 3 2 217
10 7 1 0 8 6 2 0 6 6 2 1 4 3 1 0 1 0 1 1 0 0 0 0 1 3 4 242
10 4 0 1 9 5 1 0 7 4 2 1 5 3 3 0 1 0 2 1 0 0 0 0 2 3 3 267
10 1 4 0 9 7 7 3 7 4 3 2 6 4 1 0 1 0 3 1 0 0 0 0 3 4 2 292
1 3 2 0 11 4 2 0 6 3 1 3 3 3 1 2 1 0 2 1 0 0 0 0 3 2 3 317
2 3 0 0 3 0 0 3 11 0 3 0 8 7 1 3 1 0 3 1 0 0 0 0 4 4 1 342
4 4 0 0 5 4 0 1 11 5 4 2 8 7 5 3 1 0 1 1 0 0 0 0 2 3 3 367
1 0 0 1 6 0 1 0 11 5 2 2 9 7 4 1 1 0 3 1 0 0 0 0 2 4 3 392
4 3 1 0 5 4 2 0 11 6 4 0 9 8 1 2 1 0 2 1 0 0 0 0 3 2 4 417
3 3 3 0 7 4 4 3 11 6 4 0 9 8 5 3 1 0 2 1 0 0 0 0 4 3 1 442
3 3 3 1 4 1 3 0 11 4 2 0 10 7 3 0 1 0 2 1 0 0 0 0 3 3 2 467
2 2 1 3 6 5 1 0 11 5 4 3 10 7 5 3 1 0 1 1 0 0 0 0 2 3 2 492
2 3 0 3 7 5 0 2 11 6 4 1 10 8 6 4 1 0 1 1 0 0 0 0 3 3 1 517
2 8 1 1 8 4 4 0 11 7 1 0 10 9 4 4 1 0 3 1 0 0 0 0 2 4 2 542
0 3 1 2 9 2 4 3 8 1 3 0 12 1 4 2 1 0 2 1 0 0 0 0 3 2 3 567
9 3 4 1 8 7 2 0 12 4 4 1 3 2 0 2 1 0 2 1 0 0 0 0 3 1 3 592
9 3 2 0 8 4 3 0 12 8 3 3 9 7 4 3 1 0 3 1 0 0 0 0 3 2 3 617
10 8 1 1 0 12 5 2 3 9 9 3 0 3 2 2 1 0 1 1 0 0 0 0 3 3 3 642
0 2 8 5 1 2 6 4 0 5 5 3 0 11 12 3 1 0 3 1 0 0 0 0 3 2 3 667
9 1 0 3 2 5 3 0 8 8 4 3 11 12 7 5 1 0 2 1 0 0 0 0 4 3 4 692
0 9 0 3 1 2 4 3 9 8 5 1 11 12 5 3 1 0 2 1 0 0 0 0 3 3 4 717
2 1 1 3 9 5 2 2 10 8 5 3 11 12 7 4 1 0 3 1 0 0 0 0 4 3 3 742
1 4 3 1 9 6 4 0 10 9 2 0 11 12 3 0 1 0 2 1 0 0 0 0 3 3 3 767
4 4 3 5 3 1 2 4 0 0 4 3 1 0 3 0 1 0 3 1 0 0 0 0 3 4 2 17
0 1 0 2 1 5 4 2 7 5 3 1 0 5 3 3 1 0 2 1 0 0 0 0 3 3 3 42
0 2 0 3 2 0 4 5 4 0 3 3 1 8 6 2 1 0 1 1 0 0 0 0 3 2 4 67
3 1 2 0 0 1 4 2 5 5 5 3 6 8 7 4 1 0 2 1 0 0 0 0 4 3 4 92
1 2 0 0 3 3 1 0 4 5 4 3 9 7 5 3 1 0 2 1 0 0 0 0 0 0 0 117
1 0 0 2 3 2 0 0 4 5 4 3 9 8 6 0 1 0 1 1 0 0 0 0 0 0 0 142
0 0 2 0 3 1 2 0 0 3 4 6 9 8 8 5 1 0 1 1 0 0 0 0 0 0 2 167
4 0 0 3 5 0 0 1 8 4 1 0 10 7 3 3 1 0 2 1 0 0 0 0 0 1 3 192
4 0 0 1 6 3 0 3 8 6 3 4 10 7 6 5 1 0 2 1 0 0 0 0 1 1 3 217
6 6 4 2 8 1 3 0 9 2 0 0 10 0 0 2 1 0 3 1 0 0 0 0 3 1 2 242
7 7 5 4 8 6 4 4 9 3 3 2 10 0 0 4 1 0 3 1 0 0 0 0 3 2 2 267
4 11 8 6 2 3 5 5 0 3 3 3 0 0 0 3 1 0 1 1 0 0 0 0 3 3 1 292
4 11 8 7 3 5 5 6 1 1 4 3 0 2 0 0 1 0 1 1 0 0 0 0 1 3 2 317
4 5 11 9 4 6 8 6 3 4 4 3 0 0 1 2 1 0 2 1 0 0 0 0 3 2 2 342
5 11 10 3 2 5 6 5 0 0 3 3 1 1 1 2 1 0 2 1 0 0 0 0 2 2 4 367
10 7 6 4 11 6 0 3 6 3 0 0 2 0 1 0 1 0 2 1 0 0 0 0 3 2 4 392
10 8 1 0 11 7 3 0 5 5 1 0 1 4 2 3 1 0 3 1 0 0 0 0 2 4 2 417
10 8 6 1 11 8 4 3 1 1 2 3 0 0 0 3 1 0 2 1 0 0 0 0 2 3 2 442
10 9 7 3 11 5 5 0 8 4 3 2 6 3 1 0 1 0 1 1 0 0 0 0 2 3 3 467
11 4 0 0 11 5 3 0 9 5 0 0 6 3 4 3 1 0 2 1 0 0 0 0 4 3 3 492
12 8 5 1 9 6 0 0 6 3 0 0 4 0 0 2 1 0 3 1 0 0 0 0 4 4 3 517
12 8 4 0 10 7 4 1 6 6 0 0 5 4 0 2 1 0 1 1 0 0 0 0 0 1 0 542
10 12 4 3 9 7 4 0 4 4 1 2 3 1 0 0 1 0 2 1 0 0 0 0 0 0 0 567
10 12 6 4 9 7 5 4 8 6 5 2 3 3 2 0 1 0 1 1 0 0 0 0 1 0 0 592
1 11 12 3 2 4 7 5 3 5 2 1 1 3 0 0 1 0 2 1 0 0 0 0 0 0 0 617
4 2 1 0 11 12 5 1 8 5 3 2 3 3 0 3 1 0 2 1 0 0 0 0 4 3 4 642
11 12 7 3 9 6 4 3 4 0 1 0 0 0 3 2 1 0 1 1 0 0 0 0 3 4 4 667
11 12 7 5 9 7 4 3 3 4 5 3 0 5 2 1 1 0 3 1 0 0 0 0 4 4 3 692
11 12 2 3 10 5 4 1 4 3 4 0 3 2 0 3 1 0 1 1 0 0 0 0 0 0 0 717
11 12 1 2 10 6 4 3 6 5 3 3 5 3 3 0 1 0 3 1 0 0 0 0 4 4 3 742
11 12 0 2 10 7 7 5 5 4 4 2 3 3 3 1 1 0 2 1 0 0 0 0 4 2 4 767
11 12 4 0 10 9 1 0 7 5 2 0 6 1 2 2 1 0 1 1 0 0 0 0 3 3 4 792
11 12 6 2 10 9 3 4 8 4 3 1 3 1 3 0 1 0 2 1 0 0 0 0 3 3 3 817
2 11 12 1 10 9 7 4 8 6 4 3 3 4 3 0 1 0 2 1 0 0 0 0 3 2 3 842
0 3 5 0 1 5 3 3 3 4 4 0 1 0 2 0 1 0 2 1 0 0 0 0 3 3 3 17
2 3 4 6 1 1 6 5 2 3 5 0 3 3 3 1 1 0 1 1 0 0 0 0 1 3 4 42
0 0 3 3 1 3 4 8 0 4 5 6 0 3 5 3 1 0 2 1 0 0 0 0 0 0 0 67
3 4 5 6 0 3 5 8 0 3 1 7 3 2 1 5 1 0 2 1 0 0 0 0 0 0 0 92
0 3 4 8 0 1 3 8 2 3 3 7 0 3 0 5 2 1 4 0.5 5 0.5 0 0 0 0 0 117
2 0 1 9 0 0 4 8 0 0 3 6 4 3 2 1 1 0 1 1 0 0 0 0 3 4 4 142
0 2 4 9 3 3 5 8 0 2 4 7 0 1 3 5 1 0 2 1 0 0 0 0 4 2 4 167
2 3 6 9 0 3 6 8 1 3 5 7 0 0 3 6 1 0 3 1 0 0 0 0 3 3 3 192
1 4 7 10 0 4 7 0 2 3 3 0 1 2 2 3 1 0 3 1 0 0 0 0 4 3 2 217
3 6 8 10 2 3 4 8 0 1 0 3 0 0 1 3 1 0 2 1 0 0 0 0 0 0 0 242
0 3 4 10 2 2 5 9 0 3 5 8 1 2 5 3 1 0 1 1 0 0 0 0 1 0 0 267
0 0 3 10 0 1 7 9 2 2 6 8 3 0 5 5 1 0 1 1 0 0 0 0 0 0 0 292
2 0 0 7 4 3 3 0 2 1 11 0 3 5 6 6 1 0 1 1 0 0 0 0 0 0 1 317
3 0 0 5 1 0 3 7 1 3 4 11 2 3 7 7 1 0 2 1 0 0 0 0 0 0 0 342
3 0 0 5 1 0 3 7 2 3 5 11 3 4 7 8 1 0 3 1 0 0 0 0 0 0 0 367
1 2 3 3 1 2 5 7 0 3 4 11 1 0 6 9 1 0 2 1 0 0 0 0 0 0 0 392
0 0 4 5 1 3 4 7 0 4 6 11 0 2 7 9 1 0 1 1 0 0 0 0 3 4 4 417
0 2 1 5 0 4 4 7 0 4 6 11 3 5 8 9 1 0 1 1 0 0 0 0 3 4 4 442
1 2 3 5 4 6 6 7 1 2 7 11 0 3 8 9 1 0 2 1 0 0 0 0 4 3 4 467
3 1 2 5 0 1 5 7 3 2 5 11 3 4 6 10 1 0 2 1 0 0 0 0 4 3 3 492
2 0 4 5 0 3 6 7 0 4 6 11 1 3 7 10 1 0 3 1 0 0 0 0 3 3 3 517
0 0 3 2 4 1 2 1 2 3 9 11 3 7 8 10 1 0 1 1 0 0 0 0 0 0 0 542
1 0 3 3 2 3 2 2 4 8 9 11 1 5 8 10 1 0 1 1 0 0 0 0 0 0 0 567
4 3 7 12 4 4 4 5 3 3 1 0 0 0 0 2 1 0 3 1 0 0 0 0 0 0 1 592
3 4 4 8 0 3 5 12 0 2 3 5 1 0 2 1 1 0 3 1 0 0 0 0 0 0 0 617
9 12 2 0 8 3 1 0 6 4 2 3 4 0 2 3 1 0 1 1 0 0 0 0 1 0 0 642
9 12 4 3 8 6 4 0 7 6 3 2 2 1 0 1 1 0 3 1 0 0 0 0 0 0 1 667
10 12 5 3 6 5 3 2 5 3 2 0 3 0 1 0 1 0 1 1 0 0 0 0 0 0 0 692
10 12 3 0 7 6 3 0 5 5 3 2 4 4 4 1 1 0 1 1 0 0 0 0 3 4 4 717
10 12 3 0 8 6 5 3 6 4 0 0 3 3 0 2 1 0 1 1 0 0 0 0 3 3 4 742
10 12 4 1 9 4 2 3 7 5 1 0 2 3 0 0 1 0 1 1 0 0 0 0 3 4 4 767
10 12 4 1 9 7 4 2 6 7 5 2 3 0 3 1 1 0 3 1 0 0 0 0 4 4 3 792
10 12 0 2 9 8 0 3 7 6 3 3 1 5 5 2 1 0 1 1 0 0 0 0 3 3 4 817
1 11 12 7 3 5 6 1 2 2 4 2 1 3 3 1 1 0 1 1 0 0 0 0 2 4 4 842
2 11 12 5 1 6 8 5 0 3 1 3 1 2 3 0 1 0 3 1 0 0 0 0 3 4 2 867
3 4 11 12 0 3 6 10 3 5 3 3 3 0 0 8 1 0 2 1 0 0 0 0 4 3 4 892
5 10 11 4 4 6 12 3 0 7 2 3 1 8 3 8 1 0 3 1 0 0 0 0 4 4 3 917
0 1 2 3 0 3 3 5 1 5 4 4 0 0 0 3 1 0 2 1 0 0 0 0 3 3 3 17
4 7 6 3 5 0 1 0 2 3 0 0 2 3 0 0 1 0 2 1 0 0 0 0 4 2 2 42
1 8 5 1 5 5 0 3 4 4 0 1 2 2 2 0 1 0 1 1 0 0 0 0 2 3 3 67
0 5 8 7 4 3 6 5 3 2 4 1 2 0 3 0 1 0 3 1 0 0 0 0 4 3 3 92
0 2 7 9 3 1 4 5 1 3 2 3 3 0 1 2 1 0 2 1 0 0 0 0 4 3 3 117
3 6 7 9 3 5 6 3 2 4 4 1 0 3 1 0 1 0 3 1 0 0 0 0 3 4 2 142
5 6 8 9 0 4 7 5 2 3 1 2 0 0 0 2 1 0 1 1 0 0 0 0 3 2 4 167
2 5 7 10 3 3 4 7 0 0 0 4 1 0 0 3 1 0 2 1 0 0 0 0 4 3 4 192
6 5 9 10 3 3 4 5 1 2 2 3 1 0 2 2 1 0 3 1 0 0 0 0 2 0 0 217
6 7 9 10 1 4 6 6 0 0 2 2 0 0 0 3 1 0 1 1 0 0 0 0 1 1 0 242
7 8 9 10 5 6 4 4 1 4 1 0 0 1 0 2 1 0 2 1 0 0 0 0 0 1 1 267
7 9 9 10 0 4 3 3 1 3 2 0 3 0 0 0 1 0 1 1 0 0 0 0 0 1 2 292
7 11 5 3 6 5 4 0 4 3 3 3 1 0 0 3 1 0 2 1 0 0 0 0 1 1 1 317
9 11 6 3 6 5 3 1 3 0 0 0 3 1 0 0 1 0 3 1 0 0 0 0 1 3 0 342
9 11 2 0 7 5 6 1 5 5 2 0 4 3 0 3 1 0 1 1 0 0 0 0 1 1 1 367
9 11 5 3 8 5 1 2 6 5 1 2 4 0 0 1 1 0 3 1 0 0 0 0 0 1 1 392
10 11 5 3 7 6 5 3 3 1 0 0 0 1 0 3 1 0 3 1 0 0 0 0 1 3 0 417
10 11 3 1 9 6 3 2 4 5 0 0 3 3 3 1 1 0 2 1 0 0 0 0 1 1 2 442
10 11 6 3 9 7 4 3 7 4 1 1 2 3 3 0 1 0 2 1 0 0 0 0 2 2 2 467
10 11 7 5 9 8 6 4 2 1 2 3 0 0 1 4 1 0 3 1 0 0 0 0 2 2 2 492
0 1 3 3 11 11 6 3 5 4 4 0 1 5 2 1 1 0 1 1 0 0 0 0 1 4 2 517
8 4 3 3 12 7 2 1 1 4 2 2 0 3 4 1 1 0 1 1 0 0 0 0 2 3 3 542
6 2 0 0 9 6 0 1 12 6 0 0 1 3 2 3 1 0 2 1 0 0 0 0 3 2 3 567
9 8 2 3 12 5 4 1 3 1 0 0 3 2 1 2 1 0 3 1 0 0 0 0 2 2 3 592
10 9 1 1 12 6 5 3 6 3 4 2 2 3 1 0 1 0 3 1 0 0 0 0 2 3 3 617
10 9 2 0 12 7 3 1 7 5 3 2 5 1 0 0 1 0 2 1 0 0 0 0 2 1 4 642
10 9 1 0 12 8 4 0 7 5 1 1 6 2 0 0 1 0 3 1 0 0 0 0 1 3 3 667
11 9 0 0 12 5 3 2 4 4 5 3 1 1 1 2 1 0 3 1 0 0 0 0 2 3 2 692
11 9 3 0 12 7 3 0 6 4 0 0 5 2 1 1 1 0 3 1 0 0 0 0 2 3 1 717
11 9 0 1 12 7 3 0 7 6 1 0 5 4 4 1 1 0 1 1 0 0 0 0 0 4 1 742
11 9 2 0 12 7 3 2 8 6 4 0 5 4 0 1 1 0 3 1 0 0 0 0 2 1 1 767
11 9 7 0 12 8 7 1 8 5 4 2 6 3 3 3 1 0 3 1 0 0 0 0 2 2 1 792
11 10 8 5 12 7 5 3 2 4 5 3 0 1 1 3 1 0 3 1 0 0 0 0 1 2 1 817
11 10 9 3 12 8 3 1 7 6 4 3 4 3 3 3 1 0 1 1 0 0 0 0 1 3 1 842
11 10 2 4 12 9 9 2 7 5 6 2 3 8 0 3 1 0 3 1 0 0 0 0 4 1 1 867
2 0 1 2 0 1 6 3 2 3 4 1 0 1 3 2 1 0 1 1 0 0 0 0 2 3 4 17
4 5 6 0 1 5 6 3 4 4 3 0 0 0 3 3 1 0 1 1 0 0 0 0 2 4 2 42
0 3 3 5 2 1 6 6 0 4 4 7 0 1 2 6 1 0 2 1 0 0 0 0 3 2 3 67
3 1 3 4 3 4 3 6 0 0 4 8 0 0 5 7 1 0 2 1 0 0 0 0 3 3 2 92
1 3 2 1 0 0 4 4 3 4 6 6 0 0 6 9 1 0 2 1 0 0 0 0 3 3 3 117
2 0 3 5 0 0 5 6 0 3 6 7 0 2 6 9 1 0 3 1 0 0 0 0 4 2 3 142
0 3 4 8 0 3 3 8 1 0 3 9 0 2 0 0 1 0 2 1 0 0 0 0 3 2 4 167
3 4 6 10 2 4 5 6 0 0 2 5 0 0 0 1 1 0 3 1 0 0 0 0 4 3 3 192
4 5 8 10 2 4 5 3 3 2 3 0 3 1 1 3 1 0 2 1 0 0 0 0 4 3 3 217
4 6 8 10 3 4 6 7 0 0 4 4 0 1 2 1 1 0 1 1 0 0 0 0 2 4 4 242
1 4 3 10 0 3 5 9 0 3 5 7 2 0 0 0 1 0 1 1 0 0 0 0 3 4 4 267
2 3 0 10 1 2 1 9 2 2 5 8 1 3 3 5 1 0 3 1 0 0 0 0 4 3 3 292
1 4 5 10 0 2 6 9 0 3 7 8 0 1 4 5 1 0 1 1 0 0 0 0 2 4 4 317
2 2 2 3 1 3 2 11 0 0 1 6 0 0 4 6 1 0 1 1 0 0 0 0 3 2 4 342
0 1 2 5 3 3 4 11 2 0 6 8 0 3 3 5 1 0 1 1 0 0 0 0 3 3 3 367
0 2 0 4 0 3 1 5 1 5 4 11 2 3 8 9 1 0 2 1 0 0 0 0 4 3 4 392
1 2 0 1 0 0 4 4 3 5 7 11 4 5 8 9 1 0 1 1 0 0 0 0 2 4 4 417
3 0 2 1 0 0 1 5 0 3 2 11 3 5 6 10 1 0 2 1 0 0 0 0 4 3 3 442
0 0 1 4 3 0 4 5 3 4 6 11 2 5 7 10 1 0 1 1 0 0 0 0 3 4 3 467
0 3 0 3 0 0 3 7 1 1 4 11 2 4 9 10 1 0 3 1 0 0 0 0 3 4 3 492
3 2 1 6 3 3 5 7 4 4 6 11 2 5 9 10 1 0 1 1 0 0 0 0 3 3 4 517
0 1 2 1 1 2 5 7 4 5 8 11 5 8 9 10 1 0 2 1 0 0 0 0 3 3 4 542
0 0 3 3 0 4 6 7 0 3 3 8 1 3 3 12 1 0 3 1 0 0 0 0 3 4 3 567
1 3 4 6 2 4 7 7 3 3 4 8 0 1 0 12 1 0 2 1 0 0 0 0 3 3 4 592
2 3 3 4 1 4 4 7 3 3 6 9 3 0 0 12 1 0 2 1 0 0 0 0 4 3 2 617
0 0 3 4 1 0 3 5 0 4 6 9 3 7 8 12 1 0 3 1 0 0 0 0 3 4 2 642
0 1 3 1 0 3 4 0 3 4 6 2 3 5 10 12 1 0 1 1 0 0 0 0 2 4 3 667
3 3 3 4 2 4 5 6 2 1 7 12 0 1 10 3 1 0 3 1 0 0 0 0 3 3 2 692
4 4 5 3 3 4 5 7 3 5 7 12 1 6 10 3 1 0 2 1 0 0 0 0 3 3 2 717
2 1 0 3 0 5 4 2 4 5 8 12 4 8 10 3 1 0 1 1 0 0 0 0 2 2 4 742
5 1 0 0 6 0 3 0 7 4 12 2 3 9 10 3 1 0 1 1 0 0 0 0 1 2 4 767
0 2 1 5 3 3 5 6 0 4 8 12 0 2 11 4 1 0 1 1 0 0 0 0 3 3 3 792
1 6 3 3 0 2 6 8 4 5 8 12 1 2 11 4 1 0 2 1 0 0 0 0 4 3 4 817
1 4 0 2 2 3 8 9 4 3 11 12 2 5 1 0 1 0 2 1 0 0 0 0 4 2 4 842
6 10 2 3 2 1 11 12 0 0 1 3 0 0 2 0 1 0 3 1 0 0 0 0 4 3 3 867
1 3 12 9 4 7 11 10 5 4 3 1 4 4 0 2 1 0 2 1 0 0 0 0 0 0 0 892
0 7 5 9 2 3 12 10 3 5 8 11 0 1 1 5 1 0 2 1 0 0 0 0 0 0 0 917
3 6 9 7 3 4 12 10 2 2 9 11 3 2 5 1 1 0 1 1 0 0 0 0 1 0 0 942
0 1 5 3 2 4 4 2 4 1 4 1 0 3 2 0 1 0 1 1 0 0 0 0 2 3 4 17
0 0 2 3 0 3 3 0 1 1 7 6 0 4 4 4 1 0 2 1 0 0 0 0 3 3 2 42
4 3 3 6 3 4 4 3 3 7 7 0 3 0 1 0 1 1 4 1 0 0 0 0 3 4 2 67
0 2 3 0 3 1 6 2 3 0 5 3 3 8 7 5 1 0 1 1 0 0 0 0 3 3 2 92
2 1 0 1 5 3 0 2 6 6 2 2 9 1 3 0 1 0 3 1 0 0 0 0 3 2 3 117
2 1 0 2 5 3 2 0 8 4 0 3 9 0 3 0 1 0 2 1 0 0 0 0 4 1 2 142
5 6 1 0 7 3 2 0 8 4 3 0 9 1 0 3 1 0 3 1 0 0 0 0 2 3 2 167
0 2 0 0 4 5 4 1 6 4 0 0 10 6 0 0 1 0 2 1 0 0 0 0 3 2 2 192
0 0 0 2 2 0 0 4 0 3 3 4 10 8 5 2 1 0 3 1 0 0 0 0 4 1 1 217
3 3 2 0 0 1 4 1 0 7 6 4 10 8 6 5 1 0 2 1 0 0 0 0 2 2 2 242
3 0 0 3 6 1 2 2 8 3 3 2 10 8 7 3 3 1 4 0.5 5 0.25 6 0.25 3 1 3 267
1 3 0 2 7 1 0 2 8 6 6 4 10 8 7 4 1 0 3 1 0 0 0 0 2 2 2 292
0 0 0 1 2 3 2 0 8 6 6 4 10 9 7 5 1 0 2 1 0 0 0 0 3 1 1 317
0 11 6 3 0 6 4 3 1 2 1 4 0 3 1 0 1 0 2 1 0 0 0 0 1 2 1 342
3 11 8 8 1 3 3 3 4 1 0 2 0 0 0 3 1 0 3 1 0 0 0 0 1 2 1 367
4 5 11 9 3 3 5 6 0 3 3 4 2 0 0 3 1 0 1 1 0 0 0 0 1 1 1 392
5 6 11 9 2 3 6 7 0 3 3 4 0 3 0 0 1 0 2 1 0 0 0 0 2 0 0 417
5 6 11 9 2 4 6 8 0 0 3 3 1 3 0 3 1 0 2 1 0 0 0 0 1 0 0 442
2 0 11 9 3 7 7 8 0 3 4 5 1 1 3 3 1 0 2 1 0 0 0 0 0 0 0 467
4 5 11 10 2 4 5 6 1 2 1 5 3 3 0 0 1 0 3 1 0 0 0 0 4 4 3 492
4 6 11 10 0 4 6 8 3 3 4 4 2 0 1 3 1 0 3 1 0 0 0 0 4 4 3 517
0 3 11 10 3 5 8 8 2 3 5 5 0 2 3 1 3 1 4 0.54545454545454541 5 0.27272727272727271 6 0.1818181818181818 1 0 0 542
0 3 11 10 2 8 8 9 3 8 6 6 1 0 2 5 1 0 1 1 0 0 0 0 2 2 0 567
0 3 5 12 2 4 8 7 3 4 5 6 0 3 0 3 1 0 3 1 0 0 0 0 2 1 1 592
0 0 4 12 2 4 6 9 0 3 4 6 3 0 1 2 1 0 1 1 0 0 0 0 1 1 1 617
3 6 12 10 2 6 7 4 3 1 3 4 1 0 0 3 1 0 2 1 0 0 0 0 1 1 1 642
1 9 12 10 4 5 8 7 3 3 3 5 0 0 3 4 1 0 1 1 0 0 0 0 0 2 2 667
0 1 0 0 3 12 11 0 3 6 9 0 4 3 5 2 1 0 1 1 0 0 0 0 1 2 2 692
3 5 3 1 4 5 12 11 5 6 7 9 3 0 2 0 1 0 3 1 0 0 0 0 2 2 1 717
2 8 12 5 3 6 11 9 2 6 3 0 1 4 3 1 1 0 1 1 0 0 0 0 1 2 1 742
2 9 12 5 3 7 11 9 0 7 3 1 1 1 3 3 1 0 2 1 0 0 0 0 0 1 3 767
0 4 10 12 1 1 11 5 0 0 7 9 2 3 3 5 1 0 2 1 0 0 0 0 1 1 3 792
3 9 6 10 3 11 9 12 3 8 4 1 2 0 0 0 3 1 4 0.54545454545454541 5 0.27272727272727271 6 0.1818181818181818 2 2 2 817
0 4 5 3 0 4 5 4 1 0 2 1 0 0 0 1 1 0 3 1 0 0 0 0 2 4 3 17
1 2 0 2 3 7 1 3 5 5 5 0 1 3 2 0 1 0 1 1 0 0 0 0 2 3 3 42
8 6 4 2 3 6 0 0 4 3 0 0 3 0 0 0 1 0 1 1 0 0 0 0 3 3 3 67
8 7 6 5 4 5 4 2 4 2 0 0 1 1 0 0 1 0 3 1 0 0 0 0 3 3 2 92
9 7 4 3 0 4 4 0 2 2 1 2 0 2 0 0 1 0 3 1 0 0 0 0 4 1 3 117
9 7 6 2 7 5 1 0 3 3 0 1 3 2 0 0 1 0 3 1 0 0 0 0 3 3 3 142
9 8 7 6 4 5 3 0 3 2 1 0 3 1 0 2 1 0 3 1 0 0 0 0 3 3 3 167
10 6 5 3 2 3 4 0 0 3 3 0 0 1 2 3 1 0 2 1 0 0 0 0 4 2 2 192
10 7 5 4 7 4 0 0 4 3 0 3 3 0 2 0 1 0 2 1 0 0 0 0 4 2 3 217
10 8 7 5 7 6 7 3 5 1 0 2 0 0 3 2 1 0 1 1 0 0 0 0 0 0 0 242
10 9 6 5 5 8 5 3 3 1 2 0 0 0 1 0 1 0 2 1 0 0 0 0 0 0 0 267
10 9 7 5 6 8 6 3 1 2 2 0 3 0 0 1 1 0 2 1 0 0 0 0 4 3 4 292
3 6 11 5 1 5 3 4 0 2 1 5 0 2 0 4 1 0 3 1 0 0 0 0 4 4 3 317
9 7 11 3 1 5 6 3 7 1 3 6 1 2 3 3 1 0 2 1 0 0 0 0 0 1 0 342
9 8 11 4 8 4 0 3 5 3 3 0 0 0 1 0 1 0 2 1 0 0 0 0 0 0 0 367
10 11 5 4 6 5 4 3 5 0 2 3 3 0 0 1 1 0 1 1 0 0 0 0 3 4 4 392
10 11 6 3 7 6 5 1 1 2 5 3 0 0 2 2 1 0 1 1 0 0 0 0 3 3 4 417
10 11 3 4 8 7 1 0 5 4 0 3 4 2 3 0 1 0 1 1 0 0 0 0 3 4 2 442
10 11 5 0 9 5 4 4 4 3 1 3 2 2 0 0 1 0 3 1 0 0 0 0 4 3 2 467
10 11 6 1 9 6 4 2 6 5 4 0 5 0 0 2 1 0 2 1 0 0 0 0 4 2 3 492
1 4 3 1 0 12 6 2 0 2 4 3 2 0 5 3 1 0 3 1 0 0 0 0 4 3 2 517
5 4 3 0 6 7 2 0 12 5 1 0 1 2 0 2 1 0 3 1 0 0 0 0 3 2 3 542
2 1 0 3 12 3 2 2 9 6 5 3 4 4 3 0 1 0 1 1 0 0 0 0 3 2 3 567
2 1 0 0 4 2 1 3 12 6 3 0 9 7 6 1 1 0 2 1 0 0 0 0 2 2 3 592
3 0 0 2 4 3 4 1 12 6 4 3 9 8 6 1 1 0 1 1 0 0 0 0 1 3 3 617
3 4 3 3 12 3 4 3 10 3 4 0 0 9 0 0 1 0 3 1 0 0 0 0 3 3 2 642
1 2 3 3 3 5 4 3 12 6 4 3 10 9 5 4 1 0 2 1 0 0 0 0 2 1 4 667
0 0 1 0 3 4 3 0 12 8 5 2 10 9 5 3 1 0 1 1 0 0 0 0 2 3 1 692
3 2 0 4 0 2 2 3 12 8 5 3 10 9 7 5 1 0 1 1 0 0 0 0 3 1 1 717
2 1 0 1 5 3 0 0 12 4 3 2 11 5 0 1 1 0 3 1 0 0 0 0 1 2 1 742
4 1 2 0 5 3 0 0 12 4 3 3 11 8 2 4 1 0 2 1 0 0 0 0 3 1 3 767
1 2 0 1 6 3 0 2 12 7 3 2 11 8 7 4 1 0 3 1 0 0 0 0 3 2 2 792
2 1 2 2 7 5 4 0 12 6 3 3 11 9 0 3 1 0 2 1 0 0 0 0 4 1 2 817
5 4 4 2 7 6 3 0 12 7 3 2 11 9 1 0 1 0 1 1 0 0 0 0 2 2 2 842
5 4 4 3 8 6 1 0 12 7 2 2 11 10 2 0 1 0 1 1 0 0 0 0 2 1 3 867
3 0 0 0 0 3 3 1 2 1 5 5 3 4 3 3 1 0 2 1 0 0 0 0 3 3 3 17
3 1 3 2 0 7 2 4 0 6 4 4 0 1 1 0 1 0 2 1 0 0 0 0 3 3 2 42
0 0 3 3 3 0 3 0 3 4 5 4 5 8 5 3 1 0 3 1 0 0 0 0 4 4 1 67
1 3 0 0 4 3 3 1 4 5 4 3 7 8 6 4 1 0 3 1 0 0 0 0 2 4 3 92
1 0 2 1 3 0 2 0 3 4 5 2 9 7 6 3 1 0 1 1 0 0 0 0 0 0 0 117
3 0 0 0 2 3 0 0 6 4 1 4 9 8 7 5 1 0 1 1 0 0 0 0 0 1 0 142
3 1 2 0 6 1 3 2 7 5 4 1 9 8 7 6 1 0 3 1 0 0 0 0 0 1 0 167
0 0 0 2 3 3 2 1 5 6 4 3 10 7 6 4 1 0 1 1 0 0 0 0 0 0 1 192
0 0 2 0 0 0 2 3 7 4 3 5 10 9 6 4 1 0 1 1 0 0 0 0 2 1 1 217
0 0 0 1 0 0 1 2 2 3 3 5 10 9 8 7 1 0 1 1 0 0 0 0 1 2 2 242
0 0 1 0 2 0 3 1 6 5 4 0 10 9 9 0 1 0 1 1 0 0 0 0 0 2 4 267
6 5 0 0 8 3 0 0 11 3 1 0 5 3 1 1 1 0 1 1 0 0 0 0 0 4 3 292
7 6 4 2 8 5 3 1 11 5 1 0 5 0 0 2 1 0 2 1 0 0 0 0 3 2 2 317
9 8 5 0 11 4 2 1 5 3 0 0 4 0 0 1 1 0 1 1 0 0 0 0 2 4 4 342
9 8 6 0 11 6 5 3 5 4 4 3 1 2 0 1 1 0 1 1 0 0 0 0 2 4 3 367
9 9 0 1 11 4 3 1 6 3 2 0 4 1 0 0 1 0 3 1 0 0 0 0 2 4 2 392
10 7 3 1 11 4 3 2 6 0 0 1 4 2 0 0 1 0 3 1 0 0 0 0 2 2 3 417
10 6 4 3 11 7 3 3 7 6 6 3 5 3 0 3 1 0 1 1 0 0 0 0 3 4 2 442
10 9 5 0 11 6 4 0 7 4 0 0 3 3 4 2 1 0 3 1 0 0 0 0 4 3 3 467
3 0 1 1 12 5 0 0 7 4 7 0 3 7 3 2 1 0 3 1 0 0 0 0 0 1 0 492
4 3 0 2 12 6 2 0 8 7 1 0 6 5 4 3 1 0 1 1 0 0 0 0 0 0 0 517
4 3 4 3 12 5 3 0 9 7 0 0 0 0 6 0 1 0 3 1 0 0 0 0 0 0 0 542
12 6 5 3 2 7 4 3 9 7 1 0 3 3 3 0 1 0 2 1 0 0 0 0 4 3 4 567
2 12 6 4 9 7 5 4 3 8 3 0 1 3 0 2 1 0 2 1 0 0 0 0 4 2 4 592
1 3 12 10 1 3 4 9 2 4 6 1 9 4 4 2 1 0 2 1 0 0 0 0 0 0 1 617
4 6 12 10 1 9 7 9 2 3 5 8 1 0 4 4 1 0 2 1 0 0 0 0 0 0 1 642
7 6 12 10 4 9 8 9 1 2 5 8 0 3 5 1 1 0 3 1 0 0 0 0 0 1 0 667
0 3 9 12 4 3 8 11 3 4 4 6 1 3 3 4 1 0 2 1 0 0 0 0 0 0 0 692
3 9 10 12 2 5 8 11 3 5 7 0 2 6 1 1 1 0 3 1 0 0 0 0 0 0 1 717
3 2 1 3 0 5 1 2 0 2 5 4 0 2 3 3 1 0 3 1 0 0 0 0 4 2 3 17
0 6 6 3 3 6 5 3 0 3 3 0 2 3 0 0 1 0 1 1 0 0 0 0 3 3 2 42
6 8 5 2 4 2 0 0 4 1 3 0 0 2 0 2 1 0 3 1 0 0 0 0 4 1 3 67
7 8 6 4 5 4 4 0 4 2 4 0 0 1 3 2 1 0 2 1 0 0 0 0 4 2 4 92
9 6 5 0 5 4 1 0 5 3 2 1 0 0 3 0 1 0 2 1 0 0 0 0 3 3 3 117
9 8 5 3 0 2 1 3 3 3 0 2 0 0 0 2 1 0 2 1 0 0 0 0 4 1 3 142
9 8 5 4 7 4 4 0 2 3 0 0 3 3 0 3 1 0 2 1 0 0 0 0 4 2 2 167
10 3 0 0 6 3 0 0 5 4 3 1 2 0 1 2 1 0 1 1 0 0 0 0 2 3 4 192
10 6 5 0 7 5 4 0 5 4 3 0 6 4 2 1 1 0 1 1 0 0 0 0 3 4 4 217
10 7 4 1 8 6 2 2 6 4 3 0 1 1 2 0 1 0 2 1 0 0 0 0 4 3 4 242
10 9 6 5 7 5 4 3 4 2 0 3 3 0 0 1 1 0 2 1 0 0 0 0 4 3 4 267
10 9 7 5 8 6 3 0 4 0 5 2 2 0 1 0 1 0 3 1 0 0 0 0 1 0 0 292
3 11 7 5 0 0 3 4 0 0 1 3 3 1 2 3 1 0 2 1 0 0 0 0 0 0 1 317
3 8 11 6 8 5 7 3 3 3 2 0 2 0 3 1 1 0 1 1 0 0 0 0 0 0 3 342
1 9 11 6 3 3 4 2 8 4 3 2 4 1 2 3 1 0 2 1 0 0 0 0 2 0 0 367
3 9 11 1 3 8 7 7 0 3 4 1 3 2 0 0 1 0 3 1 0 0 0 0 0 1 1 392
3 4 6 10 1 2 3 11 0 0 3 6 0 0 2 4 1 0 3 1 0 0 0 0 1 0 0 417
4 4 7 10 1 0 6 11 2 0 3 6 0 3 2 4 1 0 1 1 0 0 0 0 0 0 0 442
3 4 8 10 3 1 5 11 0 2 4 7 2 3 0 5 1 0 1 1 0 0 0 0 0 0 1 467
4 7 9 10 0 2 7 11 0 3 4 7 1 2 1 3 1 0 2 1 0 0 0 0 1 0 1 492
1 8 9 10 2 1 9 11 0 3 4 2 0 3 2 3 1 0 3 1 0 0 0 0 1 0 1 517
3 8 12 9 2 6 6 4 0 6 4 3 0 1 3 0 1 0 1 1 0 0 0 0 1 2 0 542
0 3 8 12 0 2 8 9 3 4 4 6 0 2 1 2 1 0 1 1 0 0 0 0 1 0 1 567
3 10 12 1 8 7 4 2 5 5 3 3 0 3 2 3 1 0 2 1 0 0 0 0 2 0 0 592
5 10 12 5 2 9 5 1 0 1 2 3 3 1 0 0 1 0 2 1 0 0 0 0 0 0 1 617
6 10 12 8 4 9 7 0 4 3 2 3 3 0 2 3 1 0 1 1 0 0 0 0 1 0 0 642
11 12 4 3 6 2 1 1 5 0 0 0 2 4 0 0 1 0 2 1 0 0 0 0 1 0 0 667
11 12 5 4 7 6 3 0 5 0 2 0 1 0 2 0 1 0 3 1 0 0 0 0 1 0 0 692
11 12 8 6 8 7 5 3 1 5 0 0 1 3 0 2 1 0 2 1 0 0 0 0 1 1 1 717
11 12 6 3 9 8 3 3 5 4 2 0 4 3 3 0 1 0 2 1 0 0 0 0 2 0 1 742
11 12 6 3 9 8 5 5 7 4 3 3 3 2 1 2 1 0 1 1 0 0 0 0 1 1 1 767
11 12 8 2 9 9 7 4 3 2 3 3 0 0 1 0 1 0 3 1 0 0 0 0 1 0 2 792
11 12 8 5 10 7 6 4 1 4 5 3 2 0 2 3 1 0 3 1 0 0 0 0 1 0 1 817
11 12 8 6 10 8 6 4 9 6 3 3 0 0 3 4 1 0 3 1 0 0 0 0 1 1 1 842
3 5 4 3 3 3 3 0 2 0 5 0 2 0 3 0 1 0 1 1 0 0 0 0 3 2 4 17
3 6 7 4 3 3 3 0 2 3 1 3 0 3 3 0 1 0 2 1 0 0 0 0 4 3 1 42
0 0 1 4 0 0 3 8 0 0 3 6 1 4 4 5 1 0 1 1 0 0 0 0 1 4 4 67
2 2 4 5 1 1 4 8 2 3 4 7 0 3 6 5 1 0 1 1 0 0 0 0 3 3 4 92
2 2 6 7 0 3 6 8 1 3 4 7 0 2 3 5 1 0 3 1 0 0 0 0 4 2 3 117
3 4 7 9 2 3 4 7 1 3 2 6 1 2 1 3 1 0 3 1 0 0 0 0 3 3 3 142
0 3 4 9 1 3 6 8 0 2 3 7 3 1 2 5 1 0 3 1 0 0 0 0 3 3 2 167
2 3 5 10 0 1 4 6 0 0 4 1 2 1 2 2 1 0 2 1 0 0 0 0 3 1 3 192
0 3 7 10 0 3 6 6 0 4 4 5 2 3 0 3 1 0 2 1 0 0 0 0 4 2 2 217
3 5 7 10 3 4 6 8 0 4 5 6 2 0 3 5 3 1 4 0.5 5 0.25 6 0.25 4 3 3 242
1 1 0 10 0 3 4 9 0 4 5 7 0 3 4 6 1 0 1 1 0 0 0 0 1 4 4 267
0 0 3 10 0 0 3 9 1 3 4 8 0 0 0 7 1 0 1 1 0 0 0 0 1 3 4 292
0 0 2 0 1 0 3 3 2 4 4 0 3 7 11 3 1 0 2 1 0 0 0 0 4 2 3 317
3 2 0 2 1 2 1 0 7 5 5 0 8 11 1 2 1 0 2 1 0 0 0 0 4 2 4 342
4 0 3 2 5 5 3 0 7 6 6 0 8 11 2 0 3 1 6 0.1818181818181818 7 0.27272727272727271 8 0.54545454545454541 4 2 4 367
3 1 3 0 5 4 4 6 8 7 3 0 9 11 3 2 1 0 3 1 0 0 0 0 0 0 0 392
1 2 0 0 4 4 0 2 6 5 4 0 10 11 6 3 1 0 2 1 0 0 0 0 2 0 0 417
5 3 3 0 6 6 0 2 7 6 2 3 10 11 5 0 1 0 1 1 0 0 0 0 2 1 0 442
3 1 1 3 7 3 3 0 9 7 3 1 10 11 5 2 1 0 2 1 0 0 0 0 1 2 1 467
3 2 0 1 5 4 3 3 9 8 5 3 10 11 6 5 1 0 1 1 0 0 0 0 0 1 2 492
0 0 1 3 2 3 5 3 3 11 6 4 0 8 11 0 1 0 2 1 0 0 0 0 2 1 1 517
1 0 0 0 4 3 3 3 7 6 3 2 8 12 5 3 1 0 1 1 0 0 0 0 1 2 0 542
1 0 1 0 3 1 2 0 6 5 4 0 9 12 5 2 1 0 2 1 0 0 0 0 1 1 1 567
3 1 1 1 5 4 0 0 7 6 5 3 9 12 0 3 1 0 2 1 0 0 0 0 0 2 0 592
4 1 3 2 6 4 3 0 8 5 4 1 9 12 3 0 1 0 3 1 0 0 0 0 0 1 0 617
0 1 2 0 3 4 2 1 8 7 2 1 9 12 7 3 1 0 3 1 0 0 0 0 0 0 0 642
1 2 3 2 3 4 12 0 6 6 7 8 3 10 0 0 1 0 3 1 0 0 0 0 1 0 0 667
2 1 1 0 2 5 4 3 1 7 9 12 5 8 10 7 1 0 2 1 0 0 0 0 1 1 1 692
0 4 2 3 1 6 4 5 5 7 9 12 6 8 10 7 1 0 1 1 0 0 0 0 0 1 1 717
1 2 3 4 0 0 2 3 1 3 4 5 0 0 4 4 1 0 1 1 0 0 0 0 2 3 4 17
1 3 4 4 0 4 5 4 0 4 6 4 0 0 2 6 1 0 1 1 0 0 0 0 2 3 3 42
1 6 4 1 5 6 7 4 1 2 0 6 0 3 0 2 1 0 2 1 0 0 0 0 2 2 4 67
3 8 6 4 3 7 5 3 0 3 3 3 2 2 0 0 1 0 2 1 0 0 0 0 4 1 2 92
0 4 4 4 1 5 6 9 1 4 2 4 0 1 0 0 1 0 3 1 0 0 0 0 2 4 2 117
0 1 6 5 1 4 4 7 0 3 5 9 3 0 3 6 3 1 4 0.33333333333333331 5 0.33333333333333331 6 0.33333333333333331 2 4 3 142
0 2 3 3 0 3 4 4 3 0 6 8 4 6 7 9 1 0 3 1 0 0 0 0 4 3 3 167
4 2 1 0 4 2 6 3 6 5 8 0 1 6 8 9 1 0 1 1 0 0 0 0 3 4 3 192
2 1 3 3 3 4 3 4 3 4 6 5 6 5 7 10 1 0 1 1 0 0 0 0 3 4 2 217
0 0 1 3 0 2 4 3 2 3 6 7 4 6 8 10 1 0 1 1 0 0 0 0 3 3 4 242
2 0 3 6 0 3 5 6 0 3 5 8 3 5 8 10 1 0 3 1 0 0 0 0 4 3 3 267
0 3 0 2 2 1 4 3 3 6 8 3 3 7 9 10 1 0 1 1 0 0 0 0 3 3 4 292
0 0 0 3 2 0 2 1 0 1 6 0 3 6 11 4 1 0 3 1 0 0 0 0 4 4 3 317
0 0 2 0 3 1 3 0 4 6 4 3 5 7 11 5 1 0 1 1 0 0 0 0 3 4 4 342
2 0 0 1 0 0 1 4 0 3 4 3 8 9 11 6 1 0 3 1 0 0 0 0 0 1 1 367
1 0 2 0 5 2 3 0 7 5 3 3 8 9 11 6 1 0 3 1 0 0 0 0 2 1 1 392
5 1 1 1 0 4 3 0 8 5 3 4 10 11 6 1 1 0 2 1 0 0 0 0 0 3 2 417
5 3 0 2 6 4 4 1 9 5 1 0 10 11 4 0 1 0 3 1 0 0 0 0 1 2 3 442
2 3 1 0 7 6 3 2 9 6 6 0 10 11 8 3 1 0 2 1 0 0 0 0 3 1 3 467
3 1 0 0 7 2 4 6 12 5 4 2 2 3 1 0 1 0 2 1 0 0 0 0 3 1 3 492
3 3 0 0 9 0 0 0 12 4 4 1 1 6 6 3 1 0 1 1 0 0 0 0 1 4 3 517
1 3 2 4 9 6 5 3 12 7 5 3 3 1 3 3 1 0 2 1 0 0 0 0 3 3 1 542
4 1 0 3 10 12 2 3 8 7 3 1 3 1 5 2 1 0 3 1 0 0 0 0 3 4 1 567
0 3 1 4 10 12 4 3 9 4 1 3 1 0 2 4 1 0 2 1 0 0 0 0 2 3 2 592
4 12 4 2 10 6 7 0 9 5 3 3 3 2 1 0 1 0 1 1 0 0 0 0 2 2 3 617
4 12 1 1 11 8 2 3 6 4 4 3 3 3 3 0 1 0 2 1 0 0 0 0 2 2 3 642
2 1 0 2 11 12 3 0 9 1 3 0 5 5 6 0 3 1 5 0.42857142857142855 6 0.2857142857142857 7 0.2857142857142857 2 2 4 667
1 0 3 0 5 0 4 1 11 12 3 0 9 8 5 3 1 0 3 1 0 0 0 0 2 4 2 692
3 0 0 1 6 3 3 3 12 7 4 0 11 9 8 4 3 1 6 0.28571428571428575 7 0.28571428571428575 8 0.4285714285714286 3 4 2 717
1 0 5 3 0 1 7 5 12 8 7 4 11 10 4 2 1 0 2 1 0 0 0 0 3 3 4 742
1 4 4 2 4 2 9 1 12 9 5 4 11 10 7 5 1 0 3 1 0 0 0 0 4 4 3 767
3 5 5 3 3 3 3 3 0 4 0 0 0 2 1 0 1 0 3 1 0 0 0 0 3 3 3 17
0 2 1 6 4 3 6 5 3 1 4 4 3 4 2 3 1 0 3 1 0 0 0 0 3 3 2 42
1 0 0 0 3 0 3 0 4 4 4 0 4 6 8 2 1 0 1 1 0 0 0 0 2 3 2 67
0 0 0 1 4 0 1 0 4 6 4 3 4 7 8 5 1 0 3 1 0 0 0 0 2 4 2 92
0 1 0 1 0 3 3 0 3 4 7 5 6 7 8 6 1 0 3 1 0 0 0 0 2 4 2 117
0 4 4 2 0 1 5 3 3 3 8 0 0 0 9 3 1 0 3 1 0 0 0 0 4 4 0 142
0 2 0 0 0 2 0 5 3 3 6 5 4 6 8 9 3 1 4 0.33333333333333331 5 0.33333333333333331 6 0.33333333333333331 4 2 2 167
0 2 0 2 0 0 1 3 2 0 2 5 0 4 6 10 1 0 2 1 0 0 0 0 4 0 4 192
2 0 2 4 0 2 3 5 1 5 5 7 0 3 7 10 1 0 1 1 0 0 0 0 3 2 3 217
0 0 3 3 1 0 4 6 1 3 4 8 3 4 7 10 1 0 2 1 0 0 0 0 2 3 2 242
3 4 4 5 2 5 5 6 1 1 6 8 2 0 7 10 1 0 1 1 0 0 0 0 1 2 3 267
0 2 1 3 0 0 4 7 3 4 5 9 0 2 6 10 1 0 3 1 0 0 0 0 2 1 2 292
2 4 4 4 0 3 7 8 0 1 2 9 0 2 0 10 1 0 3 1 0 0 0 0 3 1 2 317
3 1 7 6 0 2 6 8 0 0 5 9 3 3 4 10 1 0 1 1 0 0 0 0 1 2 2 342
0 0 3 4 1 2 3 7 0 3 5 11 0 3 3 4 1 0 1 1 0 0 0 0 1 2 2 367
0 4 5 9 0 1 5 11 1 3 2 3 0 0 0 3 1 0 3 1 0 0 0 0 2 3 0 392
2 5 6 9 3 4 5 11 0 4 4 5 0 3 2 4 1 0 1 1 0 0 0 0 2 1 1 417
0 4 8 9 0 2 5 11 1 3 5 6 3 3 7 5 1 0 1 1 0 0 0 0 2 3 1 442
1 4 1 9 2 4 8 11 4 7 7 9 3 0 6 2 1 0 2 1 0 0 0 0 4 3 3 467
3 5 10 4 3 4 7 11 3 4 5 9 3 3 0 3 1 0 2 1 0 0 0 0 4 3 4 492
2 3 3 1 5 4 10 11 3 3 8 9 4 7 4 2 1 0 1 1 0 0 0 0 0 0 0 517
5 5 4 0 0 0 1 2 0 3 5 0 0 0 2 3 1 0 3 1 0 0 0 0 4 3 2 17
0 6 5 1 0 3 5 5 3 0 4 6 0 0 0 4 1 0 1 1 0 0 0 0 2 4 2 42
0 3 1 1 0 0 2 3 0 0 4 3 3 6 8 6 1 0 3 1 0 0 0 0 3 4 2 67
0 0 0 3 0 0 3 4 3 3 5 6 4 6 8 7 1 0 2 1 0 0 0 0 4 3 4 92
0 2 0 0 2 3 0 1 4 6 5 3 4 5 7 9 3 1 4 0.33333333333333331 5 0.33333333333333331 6 0.33333333333333331 1 0 0 117
1 0 0 2 0 0 3 3 0 6 7 4 4 6 8 9 1 0 1 1 0 0 0 0 0 1 0 142
0 3 1 0 0 3 6 2 0 4 5 4 3 4 7 10 1 0 1 1 0 0 0 0 0 1 1 167
3 0 0 0 0 3 1 4 0 3 6 7 3 6 8 10 3 1 4 0.5 5 0.25 6 0.25 1 2 0 192
1 3 1 0 3 5 7 1 3 6 7 6 5 7 8 10 1 0 3 1 0 0 0 0 0 3 1 217
0 0 3 3 3 5 3 2 2 5 6 7 6 7 9 10 1 0 3 1 0 0 0 0 2 0 1 242
4 1 0 2 7 5 0 0 11 5 4 0 0 0 1 0 1 0 3 1 0 0 0 0 1 2 0 267
6 3 3 0 8 4 2 0 11 3 0 3 3 2 3 0 1 0 3 1 0 0 0 0 2 0 1 292
9 6 4 1 11 5 2 0 7 1 0 0 1 3 0 0 1 0 2 1 0 0 0 0 1 2 1 317
9 7 5 3 11 5 0 2 7 4 3 3 4 3 1 0 1 0 1 1 0 0 0 0 0 1 2 342
9 8 3 1 11 8 4 3 2 4 2 3 1 0 0 0 1 0 2 1 0 0 0 0 1 0 2 367
10 6 5 3 11 5 3 1 5 3 3 2 4 2 0 0 1 0 1 1 0 0 0 0 1 1 1 392
10 7 5 4 11 7 4 1 2 4 0 2 0 0 0 2 1 0 3 1 0 0 0 0 2 0 0 417
10 8 6 5 11 5 4 4 8 4 4 1 3 3 3 0 1 0 3 1 0 0 0 0 0 1 1 442
10 9 3 3 11 6 4 6 8 5 4 3 2 2 1 0 1 0 3 1 0 0 0 0 2 1 1 467
3 0 2 3 11 11 2 0 2 5 4 7 1 0 4 0 1 0 1 1 0 0 0 0 1 0 3 492
0 0 1 3 1 3 0 2 1 4 5 10 2 3 8 12 1 0 3 1 0 0 0 0 1 2 2 517
2 0 0 0 0 1 3 1 1 2 6 10 5 7 8 12 1 0 3 1 0 0 0 0 1 2 2 542
0 0 0 1 3 3 5 9 4 5 7 10 5 7 8 12 1 0 3 1 0 0 0 0 2 3 0 567
3 0 2 2 0 3 3 3 4 8 5 7 1 5 12 11 1 0 2 1 0 0 0 0 3 1 2 592
0 0 3 2 0 1 7 3 3 8 6 8 2 6 12 11 1 0 1 1 0 0 0 0 3 3 2 617
0 3 3 1 0 3 5 8 1 4 8 9 4 6 12 11 1 0 3 1 0 0 0 0 2 4 2 642
0 0 3 3 3 2 4 5 3 4 7 10 5 6 12 11 1 0 3 1 0 0 0 0 4 3 1 667
0 3 3 1 3 0 4 3 1 8 7 10 3 8 12 11 1 0 2 1 0 0 0 0 2 3 3 692
1 0 1 2 0 2 5 10 3 9 9 11 0 3 12 0 1 0 1 1 0 0 0 0 2 3 3 717
