4 3 1 1 3 5 2 0 4 3 5 0 0 2 0 0 1 0 2 1 0 0 0 0 3 2 4 17
6 7 8 7 3 4 5 4 3 1 3 0 2 2 0 3 1 0 1 1 0 0 0 0 2 2 2 117
3 4 5 10 3 5 6 7 1 5 2 2 2 1 3 0 1 0 3 1 0 0 0 0 3 2 3 217
7 8 9 10 0 5 5 4 0 5 3 4 4 3 0 0 1 0 1 1 0 0 0 0 3 4 2 317
3 4 5 10 1 3 4 11 0 1 3 7 0 2 0 4 1 0 2 1 0 0 0 0 3 3 4 417
1 0 2 0 4 0 1 0 12 3 0 0 9 6 3 2 1 0 2 1 0 0 0 0 4 3 4 517
0 3 2 1 1 2 2 1 12 7 5 3 10 9 7 3 1 0 2 1 0 0 0 0 4 3 4 617
1 0 2 0 3 9 3 7 0 2 8 8 4 6 12 11 1 0 3 1 0 0 0 0 1 0 1 717
2 5 3 2 4 6 9 2 1 7 7 10 3 3 12 11 1 0 1 1 0 0 0 0 1 0 0 817
5 5 1 0 7 4 0 0 8 5 0 0 6 3 0 2 1 0 1 1 0 0 0 0 2 3 3 92
5 4 0 2 7 5 0 5 8 7 5 3 9 6 5 3 1 0 3 1 0 0 0 0 4 3 3 192
5 1 3 0 7 5 0 0 9 6 4 0 10 5 4 2 1 0 3 1 0 0 0 0 4 4 3 292
11 8 3 0 9 7 2 0 5 4 4 3 3 3 2 1 1 0 1 1 0 0 0 0 0 0 0 392
3 11 10 1 3 9 8 7 1 0 5 6 0 2 2 1 1 0 2 1 0 0 0 0 0 0 1 492
1 3 7 1 2 4 5 12 3 2 3 10 1 3 3 0 1 0 3 1 0 0 0 0 2 3 1 592
3 1 2 1 5 4 3 0 6 12 2 1 4 9 11 3 1 0 3 1 0 0 0 0 2 3 3 692
4 4 5 2 3 7 9 4 1 6 8 12 3 7 10 11 1 0 2 1 0 0 0 0 4 3 3 792
6 1 2 0 7 4 3 3 8 5 2 0 6 4 1 0 1 0 2 1 0 0 0 0 4 3 4 92
10 8 5 3 5 4 4 0 4 3 2 3 3 0 3 1 1 0 2 1 0 0 0 0 1 0 1 192
4 1 2 0 8 7 3 1 11 5 2 1 2 4 0 0 3 1 4 0.54545454545454541 5 0.27272727272727271 6 0.1818181818181818 2 2 0 292
3 3 3 2 10 4 2 3 4 5 4 6 5 11 7 0 1 0 3 1 0 0 0 0 2 0 1 392
4 2 3 2 4 6 5 3 0 8 9 3 1 10 11 0 1 0 2 1 0 0 0 0 2 0 0 492
0 1 12 10 2 5 6 5 0 1 3 2 0 0 5 3 1 0 3 1 0 0 0 0 1 1 2 592
1 5 12 11 3 2 1 5 0 0 0 3 0 0 0 2 1 0 1 1 0 0 0 0 1 2 2 692
1 1 12 11 3 2 8 10 1 4 4 3 0 5 3 4 1 0 3 1 0 0 0 0 2 4 3 792
0 4 2 3 2 3 4 5 3 4 6 7 3 5 6 1 1 0 2 1 0 0 0 0 3 1 4 67
0 2 2 0 4 3 3 2 3 5 4 1 9 8 7 5 1 0 1 1 0 0 0 0 3 2 4 167
4 3 3 0 6 5 3 1 8 6 5 2 10 7 5 3 1 0 3 1 0 0 0 0 2 2 2 267
2 3 3 3 9 4 3 2 11 6 3 0 0 1 0 2 1 0 3 1 0 0 0 0 4 2 3 367
1 4 6 3 10 8 6 3 11 7 2 3 0 6 1 0 1 0 2 1 0 0 0 0 3 3 4 467
3 0 0 2 1 6 2 0 3 7 4 1 1 9 12 3 1 0 2 1 0 0 0 0 0 0 0 567
1 0 0 0 4 4 4 2 4 5 7 8 4 6 12 10 1 0 1 1 0 0 0 0 0 1 0 667
1 2 2 3 5 4 3 1 5 1 7 10 0 2 12 11 1 0 1 1 0 0 0 0 0 1 0 767
3 0 0 1 1 4 2 2 2 4 5 0 4 7 5 0 1 0 3 1 0 0 0 0 3 2 3 42
0 5 0 1 0 0 0 4 0 4 5 4 3 4 8 9 1 0 1 1 0 0 0 0 2 4 3 142
1 0 0 0 5 2 3 1 0 4 5 7 4 6 9 10 1 0 3 1 0 0 0 0 0 1 0 242
0 0 0 3 0 2 2 1 3 4 5 0 8 11 6 4 1 0 1 1 0 0 0 0 0 0 0 342
5 4 3 3 7 4 3 0 7 8 2 0 9 11 1 0 1 0 2 1 0 0 0 0 4 3 4 442
0 12 0 3 3 4 4 2 1 5 7 1 4 4 5 6 1 0 3 1 0 0 0 0 1 2 0 542
10 7 7 8 12 2 4 3 1 6 4 0 3 2 5 3 1 0 1 1 0 0 0 0 2 2 1 642
11 0 7 0 12 7 3 0 9 5 3 0 5 3 3 3 1 0 3 1 0 0 0 0 1 1 3 742
4 1 11 2 0 12 10 5 9 8 6 5 2 6 3 0 1 0 2 1 0 0 0 0 3 1 1 842
6 6 4 3 8 5 3 2 6 3 1 0 4 1 0 0 1 0 3 1 0 0 0 0 2 3 2 92
9 7 6 4 8 5 4 5 6 5 4 2 1 1 0 0 1 0 3 1 0 0 0 0 2 3 3 192
10 3 3 0 9 5 4 2 7 4 3 2 5 5 0 3 1 0 3 1 0 0 0 0 4 2 1 292
4 3 1 0 11 4 0 0 8 5 4 0 7 6 4 2 1 0 1 1 0 0 0 0 1 2 4 392
3 9 4 8 6 6 1 3 11 2 5 3 10 3 0 1 1 0 2 1 0 0 0 0 3 3 3 492
4 4 1 4 7 2 3 0 5 5 1 2 0 0 2 0 1 0 1 1 0 0 0 0 2 2 4 42
4 6 7 9 1 5 6 4 2 5 3 3 3 2 0 0 1 0 2 1 0 0 0 0 4 2 2 142
4 5 7 10 1 4 5 7 0 1 4 5 0 0 2 4 1 0 1 1 0 0 0 0 0 2 3 242
0 0 3 1 0 1 5 11 0 0 3 7 2 1 3 4 1 0 3 1 0 0 0 0 1 3 2 342
2 0 3 4 0 2 4 6 0 4 5 11 0 5 7 9 1 0 2 1 0 0 0 0 4 1 1 442
3 2 0 2 0 0 5 3 3 6 5 11 3 6 9 10 1 0 3 1 0 0 0 0 4 2 1 542
0 0 0 2 2 1 3 1 0 4 7 3 5 7 8 12 1 0 3 1 0 0 0 0 2 2 3 642
0 0 1 3 0 0 2 5 1 3 5 9 2 5 9 12 1 0 3 1 0 0 0 0 1 1 2 742
2 1 4 6 0 4 6 9 1 3 8 12 3 0 10 3 1 0 3 1 0 0 0 0 1 2 1 842
2 5 12 11 3 3 9 10 4 2 7 8 0 1 3 2 1 0 2 1 0 0 0 0 3 0 3 942
1 3 5 7 0 4 4 8 0 0 4 6 3 0 0 5 1 0 3 1 0 0 0 0 3 4 1 92
2 1 6 10 3 4 4 5 3 2 1 4 1 2 3 3 1 0 3 1 0 0 0 0 3 3 3 192
6 7 9 10 3 6 5 5 0 3 1 1 0 0 0 1 1 0 3 1 0 0 0 0 1 4 1 292
8 11 6 4 7 6 1 0 4 0 0 0 0 1 1 3 1 0 2 1 0 0 0 0 1 3 3 392
10 11 7 5 7 6 4 3 5 4 4 0 3 1 0 3 1 0 1 1 0 0 0 0 1 3 2 492
12 2 4 1 4 6 4 1 9 3 3 0 1 3 2 0 1 0 3 1 0 0 0 0 3 4 2 592
2 7 3 0 1 12 7 3 1 3 11 2 1 0 0 0 1 0 2 1 0 0 0 0 3 3 3 692
2 4 7 10 5 7 4 12 0 11 2 3 1 1 4 4 3 1 4 0.54545454545454541 5 0.27272727272727271 6 0.1818181818181818 0 0 1 792
3 1 10 2 0 9 8 12 3 7 7 4 1 11 3 2 1 0 3 1 0 0 0 0 0 0 0 892
1 0 0 0 1 0 1 2 3 5 4 3 5 6 8 7 1 0 1 1 0 0 0 0 1 4 3 92
0 1 0 0 0 3 2 1 0 5 5 3 1 2 6 10 1 0 2 1 0 0 0 0 3 3 4 192
2 2 0 0 1 1 0 3 4 3 2 3 6 7 9 10 1 0 2 1 0 0 0 0 4 2 3 292
6 8 11 6 5 3 3 1 2 3 0 0 1 0 0 0 1 0 2 1 0 0 0 0 3 3 4 392
9 11 5 1 8 6 4 4 5 4 3 3 2 1 4 3 1 0 3 1 0 0 0 0 2 3 2 492
10 11 7 5 9 8 5 1 5 4 2 0 3 3 0 1 1 0 2 1 0 0 0 0 0 0 0 592
12 8 7 5 9 7 0 1 6 5 2 0 3 0 1 0 1 0 3 1 0 0 0 0 0 1 0 692
10 12 3 2 9 7 4 1 7 6 4 1 6 1 2 3 1 0 3 1 0 0 0 0 0 1 0 792
11 12 7 5 9 7 4 3 4 3 0 0 2 0 1 2 1 0 1 1 0 0 0 0 0 0 0 892
1 5 4 1 5 4 2 0 7 4 0 0 2 4 1 0 1 0 3 1 0 0 0 0 3 4 1 42
4 6 7 9 4 5 6 0 2 5 2 4 1 0 0 0 1 0 1 1 0 0 0 0 3 3 3 142
5 7 8 10 0 4 6 5 2 0 3 4 0 0 3 3 1 0 1 1 0 0 0 0 3 3 3 242
8 11 4 3 6 4 2 0 4 3 2 1 1 0 0 3 1 0 2 1 0 0 0 0 4 3 3 342
10 11 6 1 9 5 3 3 6 4 5 3 8 3 1 2 1 0 3 1 0 0 0 0 0 1 1 442
12 9 6 4 6 5 4 3 5 3 3 3 2 2 0 0 1 0 1 1 0 0 0 0 1 0 0 542
3 0 1 4 1 3 2 12 0 0 1 9 2 4 10 7 1 0 2 1 0 0 0 0 1 1 0 642
3 0 0 1 6 10 12 1 3 5 10 3 2 6 10 3 1 0 1 1 0 0 0 0 0 2 1 742
0 3 0 1 3 1 2 4 0 3 4 5 4 7 8 6 1 0 2 1 0 0 0 0 3 3 2 92
0 3 0 0 1 1 3 3 2 4 5 6 2 4 6 10 1 0 3 1 0 0 0 0 0 0 0 192
0 3 3 6 3 3 6 7 0 0 5 9 0 0 3 10 1 0 2 1 0 0 0 0 4 3 3 292
8 11 4 2 6 7 4 1 0 3 3 0 2 1 3 3 1 0 2 1 0 0 0 0 3 2 3 392
10 11 5 4 7 6 4 3 5 3 3 0 3 1 0 1 1 0 3 1 0 0 0 0 2 4 1 492
8 5 4 3 12 3 4 3 3 6 3 3 0 4 3 0 1 0 1 1 0 0 0 0 3 4 3 592
4 4 0 2 10 6 4 1 12 7 4 0 8 3 0 0 1 0 1 1 0 0 0 0 3 4 4 692
1 3 3 3 0 4 1 12 3 2 1 11 3 4 9 2 1 0 2 1 0 0 0 0 3 3 3 792
3 0 12 11 2 8 8 9 4 4 9 8 4 5 8 3 3 1 7 0.1818181818181818 8 0.27272727272727271 9 0.54545454545454541 4 3 2 892
0 2 3 4 2 0 4 6 0 3 5 8 0 3 4 7 1 0 1 1 0 0 0 0 3 2 3 92
1 0 3 3 1 0 2 4 2 1 5 5 2 3 6 10 1 0 3 1 0 0 0 0 4 4 3 192
0 3 5 5 3 3 6 8 0 3 4 9 0 2 1 10 1 0 3 1 0 0 0 0 0 0 0 292
4 4 8 9 3 3 6 11 2 2 7 4 0 1 3 1 3 1 5 0.37499999999999994 6 0.24999999999999994 7 0.37499999999999994 1 1 2 392
4 6 9 10 3 8 7 11 0 3 5 5 0 1 0 4 1 0 3 1 0 0 0 0 1 2 1 492
3 0 4 4 0 3 4 5 0 4 6 10 2 5 9 12 1 0 1 1 0 0 0 0 2 2 1 592
1 3 9 11 3 5 5 12 0 3 1 6 0 0 2 3 1 0 1 1 0 0 0 0 0 2 3 692
2 6 10 11 4 5 9 12 1 2 4 5 1 3 3 2 1 0 1 1 0 0 0 0 1 1 0 792
1 3 5 3 2 0 5 7 0 0 5 4 0 0 0 2 1 0 2 1 0 0 0 0 3 1 4 42
0 3 5 9 0 0 6 8 0 0 0 6 1 0 3 5 1 0 1 1 0 0 0 0 2 4 2 142
0 3 7 10 3 4 6 8 0 4 5 6 2 0 3 5 1 0 1 1 0 0 0 0 3 3 3 242
3 11 6 8 6 7 4 2 5 2 2 0 4 3 3 1 1 0 1 1 0 0 0 0 1 0 2 342
0 3 11 10 1 5 7 9 1 0 5 6 2 3 3 3 1 0 2 1 0 0 0 0 1 1 1 442
1 3 8 12 4 3 4 5 0 0 2 4 3 0 0 3 1 0 2 1 0 0 0 0 1 0 0 542
2 2 4 12 1 4 5 10 0 4 5 2 1 5 3 0 1 0 1 1 0 0 0 0 0 0 0 642
11 3 7 2 12 7 9 2 6 4 3 1 2 4 2 0 1 0 1 1 0 0 0 0 2 0 2 742
3 5 3 3 2 10 9 4 2 11 12 8 4 4 1 6 1 0 2 1 0 0 0 0 2 0 0 842
2 3 4 8 1 4 2 6 0 0 1 5 2 3 0 3 1 0 1 1 0 0 0 0 3 3 3 67
9 8 6 4 7 5 4 2 0 5 1 3 2 3 0 0 1 0 1 1 0 0 0 0 0 0 0 167
10 9 7 6 0 4 6 4 2 2 1 4 0 0 2 3 1 0 1 1 0 0 0 0 1 0 0 267
8 9 11 4 6 4 3 1 3 2 0 0 0 2 2 0 1 0 3 1 0 0 0 0 2 0 0 367
10 11 7 3 8 6 4 3 3 5 3 3 0 0 0 1 1 0 2 1 0 0 0 0 0 0 0 467
0 9 0 2 9 6 5 0 12 5 0 0 2 4 3 1 1 0 2 1 0 0 0 0 2 0 0 567
11 10 7 4 12 8 7 3 2 3 4 0 2 0 1 0 1 0 1 1 0 0 0 0 3 3 3 667
0 3 0 2 3 4 0 2 3 3 5 3 7 2 5 3 1 0 1 1 0 0 0 0 3 1 4 42
1 4 8 9 0 4 5 6 2 3 3 3 0 0 0 2 1 0 2 1 0 0 0 0 4 2 4 142
4 6 8 10 0 4 5 7 1 0 4 3 0 2 1 0 3 1 5 0.25 6 0.25 7 0.5 3 4 4 242
6 6 3 3 7 11 5 4 0 7 4 2 0 1 0 2 1 0 1 1 0 0 0 0 0 0 0 342
1 10 1 3 9 11 2 1 6 6 2 1 3 2 5 4 1 0 1 1 0 0 0 0 0 2 3 442
0 0 2 3 4 3 1 0 5 4 3 2 5 7 4 0 1 0 1 1 0 0 0 0 3 3 2 42
4 0 0 1 6 2 4 2 8 5 1 0 9 5 3 1 1 0 2 1 0 0 0 0 0 0 0 142
3 3 2 2 7 3 6 1 7 6 5 3 10 8 5 4 1 0 3 1 0 0 0 0 2 1 0 242
0 3 0 0 0 2 3 3 1 7 5 3 1 7 9 11 1 0 2 1 0 0 0 0 3 3 3 342
3 1 0 0 6 4 2 0 8 6 4 2 10 11 5 0 1 0 2 1 0 0 0 0 4 2 4 442
0 4 0 1 0 1 2 3 2 8 6 3 4 12 6 2 1 0 1 1 0 0 0 0 0 0 1 542
0 0 1 3 0 3 3 2 3 5 3 12 5 3 4 10 1 0 3 1 0 0 0 0 0 0 0 642
2 1 4 4 0 3 5 6 0 1 6 12 0 2 9 11 1 0 1 1 0 0 0 0 0 1 0 742
2 1 3 5 0 5 5 8 0 2 9 12 0 8 10 11 1 0 3 1 0 0 0 0 1 0 0 842
5 5 8 5 4 1 2 1 3 1 3 3 0 0 2 1 1 0 2 1 0 0 0 0 2 3 3 67
0 0 2 9 0 1 5 8 0 0 5 6 3 4 3 5 1 0 1 1 0 0 0 0 1 2 3 167
7 6 8 10 3 5 6 7 2 3 4 4 0 0 0 3 1 0 3 1 0 0 0 0 3 2 1 267
2 0 0 0 7 11 5 3 8 7 3 4 3 1 2 3 1 0 1 1 0 0 0 0 3 3 3 367
10 11 6 3 8 4 3 1 4 2 2 4 4 1 1 2 1 0 1 1 0 0 0 0 2 3 4 467
0 2 1 3 1 0 4 7 2 6 1 12 0 3 3 2 1 0 3 1 0 0 0 0 3 3 2 567
1 3 8 10 2 3 7 12 0 0 4 7 0 3 3 4 1 0 1 1 0 0 0 0 2 3 2 667
2 1 7 11 0 4 4 12 3 1 0 5 1 0 0 3 1 0 2 1 0 0 0 0 1 2 2 767
3 3 10 11 3 5 6 12 0 4 4 7 2 0 0 5 1 0 2 1 0 0 0 0 3 1 2 867
2 5 2 3 1 1 5 3 0 2 4 4 0 0 2 0 1 0 1 1 0 0 0 0 3 2 4 17
0 3 5 3 1 2 4 5 0 2 3 7 0 0 1 9 3 1 4 0.33333333333333331 5 0.33333333333333331 6 0.33333333333333331 0 0 1 117
1 1 0 0 3 2 1 3 4 5 3 0 5 7 8 10 1 0 2 1 0 0 0 0 0 1 0 217
0 2 0 1 1 3 2 0 2 6 3 0 5 7 11 3 3 1 6 0.1818181818181818 7 0.27272727272727271 8 0.54545454545454541 1 0 0 317
0 3 2 3 3 4 4 1 8 7 4 3 9 11 6 5 1 0 3 1 0 0 0 0 4 4 2 417
2 2 0 3 6 6 1 1 12 3 4 2 2 1 1 3 1 0 3 1 0 0 0 0 0 0 0 517
10 9 4 2 12 6 4 0 5 5 2 0 1 0 0 1 1 0 1 1 0 0 0 0 0 1 1 617
11 8 4 1 12 7 3 1 9 5 1 0 2 3 2 0 1 0 3 1 0 0 0 0 0 1 2 717
0 1 0 2 5 3 0 0 3 2 3 0 4 5 4 2 1 0 3 1 0 0 0 0 4 2 3 17
0 0 2 5 0 0 1 6 0 0 5 8 2 2 5 8 1 0 3 1 0 0 0 0 3 1 3 117
2 0 3 4 0 0 2 5 0 1 5 8 3 5 7 10 1 0 2 1 0 0 0 0 4 2 3 217
3 3 4 8 1 3 4 11 0 0 2 5 0 0 1 3 1 0 2 1 0 0 0 0 3 3 3 317
0 2 5 10 0 4 6 11 3 3 1 3 3 0 1 2 1 0 2 1 0 0 0 0 4 3 2 417
0 1 9 10 0 2 7 11 1 5 6 7 3 3 3 6 1 0 2 1 0 0 0 0 3 3 4 517
5 3 12 0 3 5 7 2 3 7 1 0 2 9 0 0 1 0 3 1 0 0 0 0 4 3 3 617
0 8 8 12 0 2 6 10 0 4 4 5 1 4 2 4 1 0 1 1 0 0 0 0 2 2 4 717
0 1 9 11 0 4 8 12 1 1 6 7 0 2 6 3 1 0 2 1 0 0 0 0 2 3 4 817
2 1 3 3 0 0 4 6 1 4 6 5 0 0 4 5 1 0 1 1 0 0 0 0 1 3 4 42
5 7 8 9 0 5 5 2 2 3 1 0 1 0 0 0 1 0 2 1 0 0 0 0 3 2 4 142
0 0 3 10 0 3 5 9 2 4 5 7 0 4 3 4 1 0 1 1 0 0 0 0 3 3 3 242
9 11 6 5 8 6 5 3 0 7 5 3 1 3 2 2 1 0 1 1 0 0 0 0 0 0 1 342
0 5 12 4 3 6 7 3 2 2 5 3 1 2 0 0 1 0 1 1 0 0 0 0 1 0 2 442
0 4 9 12 0 3 7 8 2 2 4 5 3 1 2 4 1 0 1 1 0 0 0 0 1 0 1 542
3 0 8 12 2 5 6 10 1 5 7 8 2 2 5 9 1 0 1 1 0 0 0 0 1 0 0 642
3 1 2 4 1 3 4 9 0 6 2 12 5 5 9 11 1 0 2 1 0 0 0 0 1 0 1 742
0 4 3 1 3 3 5 0 0 4 3 2 3 2 3 4 1 0 2 1 0 0 0 0 4 2 3 17
3 1 1 0 1 5 7 1 3 5 8 2 2 8 3 3 1 0 2 1 0 0 0 0 2 3 4 117
0 3 2 2 0 0 0 4 3 0 4 6 4 5 8 10 1 0 1 1 0 0 0 0 3 2 2 217
2 1 3 6 3 3 6 11 0 1 2 3 6 0 0 0 1 0 2 1 0 0 0 0 4 3 4 317
0 3 11 10 2 4 7 9 0 2 6 6 0 1 3 4 1 0 1 1 0 0 0 0 0 0 2 417
4 7 12 8 3 5 6 7 3 1 2 1 0 1 0 0 1 0 2 1 0 0 0 0 0 1 1 517
3 5 8 12 2 0 1 10 4 1 1 2 0 2 3 0 1 0 3 1 0 0 0 0 0 0 0 617
2 11 12 0 8 6 5 2 1 3 5 3 2 3 1 0 1 0 1 1 0 0 0 0 0 0 0 717
5 11 12 3 3 10 8 9 3 5 3 2 1 3 2 0 1 0 1 1 0 0 0 0 0 0 1 817
7 8 6 5 3 4 5 3 3 0 2 3 0 0 1 1 1 0 3 1 0 0 0 0 3 4 2 92
10 6 4 3 5 4 1 2 4 2 3 0 3 0 1 0 1 0 1 1 0 0 0 0 2 3 4 192
10 9 7 6 5 6 4 3 3 4 1 2 2 0 0 0 1 0 3 1 0 0 0 0 3 2 3 292
4 3 0 3 0 4 4 2 11 6 3 1 8 7 5 3 1 0 1 1 0 0 0 0 2 3 2 392
0 0 0 2 3 0 1 1 11 0 5 0 9 9 7 6 1 0 1 1 0 0 0 0 0 2 4 492
2 2 0 4 1 1 5 4 11 6 5 4 10 9 7 5 1 0 2 1 0 0 0 0 2 1 2 592
0 0 0 1 0 2 2 0 1 3 6 3 12 8 6 4 1 0 3 1 0 0 0 0 1 1 2 692
2 3 5 4 10 7 8 3 4 12 2 0 0 5 2 1 1 0 1 1 0 0 0 0 2 1 4 792
9 5 12 1 10 8 6 7 0 3 6 4 3 2 3 4 1 0 1 1 0 0 0 0 1 2 2 892
5 0 2 2 6 4 1 0 12 7 2 0 11 9 8 3 1 0 1 1 0 0 0 0 2 1 1 992
5 4 0 1 8 1 2 3 12 8 3 1 11 10 6 1 1 0 2 1 0 0 0 0 0 2 0 1092
4 4 4 0 5 6 1 3 8 0 2 0 4 0 3 3 2 1 4 0.5 5 0.5 0 0 4 4 2 67
9 9 6 5 3 4 4 5 0 3 1 0 0 0 1 2 1 0 2 1 0 0 0 0 0 0 0 167
10 9 8 5 6 3 4 5 0 0 3 0 0 0 0 1 1 0 2 1 0 0 0 0 0 0 1 267
9 11 5 4 5 7 3 2 4 7 1 1 3 3 3 1 1 0 3 1 0 0 0 0 0 2 0 367
10 11 6 1 9 6 0 0 7 4 2 1 4 0 0 3 1 0 1 1 0 0 0 0 0 2 0 467
8 1 12 0 2 3 8 9 1 5 5 5 0 4 3 3 1 0 3 1 0 0 0 0 2 3 0 567
0 2 0 0 3 1 5 5 2 5 6 12 9 6 7 11 3 1 6 0.28571428571428575 7 0.28571428571428575 8 0.4285714285714286 3 2 3 667
3 3 3 0 4 3 2 1 4 3 4 1 3 0 5 0 1 0 3 1 0 0 0 0 3 4 2 17
0 1 0 0 4 3 2 3 6 3 0 0 8 8 7 4 1 0 3 1 0 0 0 0 4 4 3 117
4 1 0 0 5 3 0 0 8 6 4 3 10 5 4 0 1 0 2 1 0 0 0 0 0 0 1 217
3 1 3 1 5 10 4 0 2 2 10 3 3 0 3 1 1 0 2 1 0 0 0 0 0 0 0 317
9 8 5 3 11 6 4 1 6 7 3 3 8 5 4 0 3 1 5 0.37499999999999994 6 0.24999999999999994 7 0.37499999999999994 0 1 2 417
2 3 5 9 5 6 8 12 5 5 6 7 3 4 3 3 1 0 2 1 0 0 0 0 4 2 2 517
1 4 4 3 3 7 1 3 12 9 2 3 3 9 10 2 1 0 3 1 0 0 0 0 4 4 2 617
1 3 1 0 9 5 4 2 6 11 6 3 4 8 12 7 1 0 2 1 0 0 0 0 0 0 0 717
0 0 0 1 5 3 4 0 3 5 3 3 1 2 4 0 1 0 2 1 0 0 0 0 3 3 3 17
2 0 4 0 0 0 4 6 3 5 6 0 3 5 7 9 1 0 1 1 0 0 0 0 0 0 1 117
2 0 0 0 1 3 5 5 4 3 5 7 5 6 8 10 1 0 1 1 0 0 0 0 0 1 0 217
3 4 3 2 5 4 3 0 2 5 1 3 1 0 11 0 1 0 2 1 0 0 0 0 4 3 4 317
2 0 0 4 0 3 4 4 1 4 5 4 4 5 11 10 1 0 3 1 0 0 0 0 4 4 3 417
2 1 3 4 0 2 5 6 0 3 7 9 3 7 11 10 1 0 1 1 0 0 0 0 3 3 4 517
3 3 0 3 5 4 0 0 7 6 4 3 9 12 9 3 1 0 1 1 0 0 0 0 0 1 0 617
11 9 6 1 12 8 5 1 4 4 3 3 2 3 3 0 1 0 2 1 0 0 0 0 0 0 0 717
3 0 1 0 0 2 6 2 3 3 1 4 0 2 1 4 1 0 2 1 0 0 0 0 4 3 2 17
4 7 8 7 2 3 5 6 1 0 5 3 2 0 0 0 1 0 1 1 0 0 0 0 2 2 2 117
2 3 3 10 2 3 6 6 0 1 4 4 0 3 2 3 1 0 1 1 0 0 0 0 1 0 2 217
7 8 9 10 6 5 4 2 1 7 3 2 2 0 1 0 1 0 1 1 0 0 0 0 1 1 3 317
6 8 11 7 7 5 6 3 0 5 3 0 3 3 1 3 1 0 2 1 0 0 0 0 1 1 1 417
1 4 4 2 3 2 6 11 0 2 6 10 2 3 8 3 1 0 1 1 0 0 0 0 2 0 1 517
6 9 11 6 10 8 6 5 0 1 1 5 1 2 2 1 1 0 2 1 0 0 0 0 0 1 0 617
1 0 0 3 2 3 2 6 1 4 7 7 2 1 12 9 1 0 1 1 0 0 0 0 0 1 0 717
1 0 0 0 4 2 1 2 4 6 6 9 4 4 12 10 1 0 1 1 0 0 0 0 0 1 1 817
3 11 0 2 3 6 5 3 9 8 5 12 3 3 5 1 1 0 2 1 0 0 0 0 1 0 1 917
2 1 0 2 2 4 1 1 6 0 0 0 6 8 7 4 1 0 2 1 0 0 0 0 3 2 4 92
2 2 0 0 0 1 3 3 2 7 5 4 9 8 7 6 1 0 3 1 0 0 0 0 4 2 2 192
0 0 2 3 0 1 3 4 2 4 5 4 10 9 6 5 1 0 1 1 0 0 0 0 2 2 2 292
0 0 3 0 0 3 2 5 1 0 1 4 4 11 9 6 1 0 3 1 0 0 0 0 3 4 2 392
0 3 0 2 3 4 2 0 3 5 7 8 4 5 11 10 1 0 3 1 0 0 0 0 4 2 2 492
1 2 3 4 3 5 4 12 3 4 7 8 0 3 4 0 1 0 2 1 0 0 0 0 4 3 3 592
0 3 0 4 5 0 0 8 3 4 2 12 3 1 8 10 1 0 3 1 0 0 0 0 4 4 3 692
1 0 3 3 1 2 6 11 2 3 4 12 2 5 6 7 1 0 1 1 0 0 0 0 0 0 0 792
4 1 4 3 2 5 3 0 4 4 0 0 1 2 3 2 1 0 1 1 0 0 0 0 3 3 3 17
9 5 1 0 6 6 1 2 5 2 3 0 0 0 1 0 1 0 2 1 0 0 0 0 2 2 4 117
10 0 3 0 8 3 0 1 5 5 2 0 4 1 2 0 1 0 3 1 0 0 0 0 3 3 2 217
1 3 2 0 11 4 2 0 6 3 1 3 3 3 1 2 1 0 2 1 0 0 0 0 3 2 3 317
4 3 1 0 5 4 2 0 11 6 4 0 9 8 1 2 1 0 2 1 0 0 0 0 3 2 4 417
2 3 0 3 7 5 0 2 11 6 4 1 10 8 6 4 1 0 1 1 0 0 0 0 3 3 1 517
9 3 2 0 8 4 3 0 12 8 3 3 9 7 4 3 1 0 3 1 0 0 0 0 3 2 3 617
0 9 0 3 1 2 4 3 9 8 5 1 11 12 5 3 1 0 2 1 0 0 0 0 3 3 4 717
0 1 0 2 1 5 4 2 7 5 3 1 0 5 3 3 1 0 2 1 0 0 0 0 3 3 3 42
1 0 0 2 3 2 0 0 4 5 4 3 9 8 6 0 1 0 1 1 0 0 0 0 0 0 0 142
6 6 4 2 8 1 3 0 9 2 0 0 10 0 0 2 1 0 3 1 0 0 0 0 3 1 2 242
4 5 11 9 4 6 8 6 3 4 4 3 0 0 1 2 1 0 2 1 0 0 0 0 3 2 2 342
10 8 6 1 11 8 4 3 1 1 2 3 0 0 0 3 1 0 2 1 0 0 0 0 2 3 2 442
12 8 4 0 10 7 4 1 6 6 0 0 5 4 0 2 1 0 1 1 0 0 0 0 0 1 0 542
4 2 1 0 11 12 5 1 8 5 3 2 3 3 0 3 1 0 2 1 0 0 0 0 4 3 4 642
11 12 1 2 10 6 4 3 6 5 3 3 5 3 3 0 1 0 3 1 0 0 0 0 4 4 3 742
2 11 12 1 10 9 7 4 8 6 4 3 3 4 3 0 1 0 2 1 0 0 0 0 3 2 3 842
3 4 5 6 0 3 5 8 0 3 1 7 3 2 1 5 1 0 2 1 0 0 0 0 0 0 0 92
2 3 6 9 0 3 6 8 1 3 5 7 0 0 3 6 1 0 3 1 0 0 0 0 3 3 3 192
0 0 3 10 0 1 7 9 2 2 6 8 3 0 5 5 1 0 1 1 0 0 0 0 0 0 0 292
1 2 3 3 1 2 5 7 0 3 4 11 1 0 6 9 1 0 2 1 0 0 0 0 0 0 0 392
3 1 2 5 0 1 5 7 3 2 5 11 3 4 6 10 1 0 2 1 0 0 0 0 4 3 3 492
4 3 7 12 4 4 4 5 3 3 1 0 0 0 0 2 1 0 3 1 0 0 0 0 0 0 1 592
10 12 5 3 6 5 3 2 5 3 2 0 3 0 1 0 1 0 1 1 0 0 0 0 0 0 0 692
10 12 4 1 9 7 4 2 6 7 5 2 3 0 3 1 1 0 3 1 0 0 0 0 4 4 3 792
3 4 11 12 0 3 6 10 3 5 3 3 3 0 0 8 1 0 2 1 0 0 0 0 4 3 4 892
1 8 5 1 5 5 0 3 4 4 0 1 2 2 2 0 1 0 1 1 0 0 0 0 2 3 3 67
5 6 8 9 0 4 7 5 2 3 1 2 0 0 0 2 1 0 1 1 0 0 0 0 3 2 4 167
7 8 9 10 5 6 4 4 1 4 1 0 0 1 0 2 1 0 2 1 0 0 0 0 0 1 1 267
9 11 2 0 7 5 6 1 5 5 2 0 4 3 0 3 1 0 1 1 0 0 0 0 1 1 1 367
10 11 6 3 9 7 4 3 7 4 1 1 2 3 3 0 1 0 2 1 0 0 0 0 2 2 2 467
6 2 0 0 9 6 0 1 12 6 0 0 1 3 2 3 1 0 2 1 0 0 0 0 3 2 3 567
10 9 1 0 12 8 4 0 7 5 1 1 6 2 0 0 1 0 3 1 0 0 0 0 1 3 3 667
11 9 2 0 12 7 3 2 8 6 4 0 5 4 0 1 1 0 3 1 0 0 0 0 2 1 1 767
11 10 2 4 12 9 9 2 7 5 6 2 3 8 0 3 1 0 3 1 0 0 0 0 4 1 1 867
3 1 3 4 3 4 3 6 0 0 4 8 0 0 5 7 1 0 2 1 0 0 0 0 3 3 2 92
3 4 6 10 2 4 5 6 0 0 2 5 0 0 0 1 1 0 3 1 0 0 0 0 4 3 3 192
2 3 0 10 1 2 1 9 2 2 5 8 1 3 3 5 1 0 3 1 0 0 0 0 4 3 3 292
0 2 0 4 0 3 1 5 1 5 4 11 2 3 8 9 1 0 2 1 0 0 0 0 4 3 4 392
0 3 0 3 0 0 3 7 1 1 4 11 2 4 9 10 1 0 3 1 0 0 0 0 3 4 3 492
1 3 4 6 2 4 7 7 3 3 4 8 0 1 0 12 1 0 2 1 0 0 0 0 3 3 4 592
3 3 3 4 2 4 5 6 2 1 7 12 0 1 10 3 1 0 3 1 0 0 0 0 3 3 2 692
0 2 1 5 3 3 5 6 0 4 8 12 0 2 11 4 1 0 1 1 0 0 0 0 3 3 3 792
1 3 12 9 4 7 11 10 5 4 3 1 4 4 0 2 1 0 2 1 0 0 0 0 0 0 0 892
0 0 2 3 0 3 3 0 1 1 7 6 0 4 4 4 1 0 2 1 0 0 0 0 3 3 2 42
2 1 0 2 5 3 2 0 8 4 0 3 9 0 3 0 1 0 2 1 0 0 0 0 4 1 2 142
3 3 2 0 0 1 4 1 0 7 6 4 10 8 6 5 1 0 2 1 0 0 0 0 2 2 2 242
0 11 6 3 0 6 4 3 1 2 1 4 0 3 1 0 1 0 2 1 0 0 0 0 1 2 1 342
5 6 11 9 2 4 6 8 0 0 3 3 1 3 0 3 1 0 2 1 0 0 0 0 1 0 0 442
0 3 11 10 3 5 8 8 2 3 5 5 0 2 3 1 3 1 4 0.54545454545454541 5 0.27272727272727271 6 0.1818181818181818 1 0 0 542
3 6 12 10 2 6 7 4 3 1 3 4 1 0 0 3 1 0 2 1 0 0 0 0 1 1 1 642
2 8 12 5 3 6 11 9 2 6 3 0 1 4 3 1 1 0 1 1 0 0 0 0 1 2 1 742
0 4 5 3 0 4 5 4 1 0 2 1 0 0 0 1 1 0 3 1 0 0 0 0 2 4 3 17
9 7 4 3 0 4 4 0 2 2 1 2 0 2 0 0 1 0 3 1 0 0 0 0 4 1 3 117
10 7 5 4 7 4 0 0 4 3 0 3 3 0 2 0 1 0 2 1 0 0 0 0 4 2 3 217
3 6 11 5 1 5 3 4 0 2 1 5 0 2 0 4 1 0 3 1 0 0 0 0 4 4 3 317
10 11 6 3 7 6 5 1 1 2 5 3 0 0 2 2 1 0 1 1 0 0 0 0 3 3 4 417
1 4 3 1 0 12 6 2 0 2 4 3 2 0 5 3 1 0 3 1 0 0 0 0 4 3 2 517
3 0 0 2 4 3 4 1 12 6 4 3 9 8 6 1 1 0 1 1 0 0 0 0 1 3 3 617
3 2 0 4 0 2 2 3 12 8 5 3 10 9 7 5 1 0 1 1 0 0 0 0 3 1 1 717
2 1 2 2 7 5 4 0 12 6 3 3 11 9 0 3 1 0 2 1 0 0 0 0 4 1 2 817
3 1 3 2 0 7 2 4 0 6 4 4 0 1 1 0 1 0 2 1 0 0 0 0 3 3 2 42
3 0 0 0 2 3 0 0 6 4 1 4 9 8 7 5 1 0 1 1 0 0 0 0 0 1 0 142
0 0 0 1 0 0 1 2 2 3 3 5 10 9 8 7 1 0 1 1 0 0 0 0 1 2 2 242
9 8 5 0 11 4 2 1 5 3 0 0 4 0 0 1 1 0 1 1 0 0 0 0 2 4 4 342
10 6 4 3 11 7 3 3 7 6 6 3 5 3 0 3 1 0 1 1 0 0 0 0 3 4 2 442
4 3 4 3 12 5 3 0 9 7 0 0 0 0 6 0 1 0 3 1 0 0 0 0 0 0 0 542
4 6 12 10 1 9 7 9 2 3 5 8 1 0 4 4 1 0 2 1 0 0 0 0 0 0 1 642
3 2 1 3 0 5 1 2 0 2 5 4 0 2 3 3 1 0 3 1 0 0 0 0 4 2 3 17
9 6 5 0 5 4 1 0 5 3 2 1 0 0 3 0 1 0 2 1 0 0 0 0 3 3 3 117
10 6 5 0 7 5 4 0 5 4 3 0 6 4 2 1 1 0 1 1 0 0 0 0 3 4 4 217
3 11 7 5 0 0 3 4 0 0 1 3 3 1 2 3 1 0 2 1 0 0 0 0 0 0 1 317
3 4 6 10 1 2 3 11 0 0 3 6 0 0 2 4 1 0 3 1 0 0 0 0 1 0 0 417
1 8 9 10 2 1 9 11 0 3 4 2 0 3 2 3 1 0 3 1 0 0 0 0 1 0 1 517
5 10 12 5 2 9 5 1 0 1 2 3 3 1 0 0 1 0 2 1 0 0 0 0 0 0 1 617
11 12 8 6 8 7 5 3 1 5 0 0 1 3 0 2 1 0 2 1 0 0 0 0 1 1 1 717
11 12 8 5 10 7 6 4 1 4 5 3 2 0 2 3 1 0 3 1 0 0 0 0 1 0 1 817
0 0 1 4 0 0 3 8 0 0 3 6 1 4 4 5 1 0 1 1 0 0 0 0 1 4 4 67
0 3 4 9 1 3 6 8 0 2 3 7 3 1 2 5 1 0 3 1 0 0 0 0 3 3 2 167
1 1 0 10 0 3 4 9 0 4 5 7 0 3 4 6 1 0 1 1 0 0 0 0 1 4 4 267
4 0 3 2 5 5 3 0 7 6 6 0 8 11 2 0 3 1 6 0.1818181818181818 7 0.27272727272727271 8 0.54545454545454541 4 2 4 367
3 1 1 3 7 3 3 0 9 7 3 1 10 11 5 2 1 0 2 1 0 0 0 0 1 2 1 467
1 0 1 0 3 1 2 0 6 5 4 0 9 12 5 2 1 0 2 1 0 0 0 0 1 1 1 567
1 2 3 2 3 4 12 0 6 6 7 8 3 10 0 0 1 0 3 1 0 0 0 0 1 0 0 667
1 3 4 4 0 4 5 4 0 4 6 4 0 0 2 6 1 0 1 1 0 0 0 0 2 3 3 42
0 1 6 5 1 4 4 7 0 3 5 9 3 0 3 6 3 1 4 0.33333333333333331 5 0.33333333333333331 6 0.33333333333333331 2 4 3 142
0 0 1 3 0 2 4 3 2 3 6 7 4 6 8 10 1 0 1 1 0 0 0 0 3 3 4 242
0 0 2 0 3 1 3 0 4 6 4 3 5 7 11 5 1 0 1 1 0 0 0 0 3 4 4 342
5 3 0 2 6 4 4 1 9 5 1 0 10 11 4 0 1 0 3 1 0 0 0 0 1 2 3 442
1 3 2 4 9 6 5 3 12 7 5 3 3 1 3 3 1 0 2 1 0 0 0 0 3 3 1 542
4 12 1 1 11 8 2 3 6 4 4 3 3 3 3 0 1 0 2 1 0 0 0 0 2 2 3 642
1 0 5 3 0 1 7 5 12 8 7 4 11 10 4 2 1 0 2 1 0 0 0 0 3 3 4 742
1 0 0 0 3 0 3 0 4 4 4 0 4 6 8 2 1 0 1 1 0 0 0 0 2 3 2 67
0 2 0 0 0 2 0 5 3 3 6 5 4 6 8 9 3 1 4 0.33333333333333331 5 0.33333333333333331 6 0.33333333333333331 4 2 2 167
3 4 4 5 2 5 5 6 1 1 6 8 2 0 7 10 1 0 1 1 0 0 0 0 1 2 3 267
0 0 3 4 1 2 3 7 0 3 5 11 0 3 3 4 1 0 1 1 0 0 0 0 1 2 2 367
1 4 1 9 2 4 8 11 4 7 7 9 3 0 6 2 1 0 2 1 0 0 0 0 4 3 3 467
0 6 5 1 0 3 5 5 3 0 4 6 0 0 0 4 1 0 1 1 0 0 0 0 2 4 2 42
1 0 0 2 0 0 3 3 0 6 7 4 4 6 8 9 1 0 1 1 0 0 0 0 0 1 0 142
0 0 3 3 3 5 3 2 2 5 6 7 6 7 9 10 1 0 3 1 0 0 0 0 2 0 1 242
9 7 5 3 11 5 0 2 7 4 3 3 4 3 1 0 1 0 1 1 0 0 0 0 0 1 2 342
10 8 6 5 11 5 4 4 8 4 4 1 3 3 3 0 1 0 3 1 0 0 0 0 0 1 1 442
2 0 0 0 0 1 3 1 1 2 6 10 5 7 8 12 1 0 3 1 0 0 0 0 1 2 2 542
0 3 3 1 0 3 5 8 1 4 8 9 4 6 12 11 1 0 3 1 0 0 0 0 2 4 2 642
