21510001 635 1 3 1 0 1 1 0 0 0 0 0 0 1 0 0 2 3 0 3 5 1 0 6 5 3 2 12 7 5
21510002 499 10 2 1 1 1 3 2 2 3 1 3 1 0 3 1 0 0 0 0 4 3 3 0 2 0 0 1 12 3 4 0 4 5 3 0 2 0 3
21510003 545 7 3 3 2 1 1 2 3 1 0 2 1 0 0 0 0 2 2 3 12 4 3 2 4 5 1 0 2 4 3 1 1 0 0 0
21510004 589 1 3 3 1 4 0.33333333333333331 5 0.33333333333333331 6 0.33333333333333331 0 0 1 12 1 3 2 4 7 5 0 2 4 3 1 0 2 0 1
21510005 557 8 2 1 3 2 3 2 3 3 1 0 1 1 0 0 0 0 1 3 4 2 1 0 0 3 4 2 1 3 7 4 0 12 8 3 1
21510006 622 0 1 0 1 1 0 0 0 0 0 0 0 12 2 3 0 3 4 2 1 3 8 3 5 3 1 6 2
21510007 547 7 2 2 1 3 2 3 1 1 0 2 1 0 0 0 0 2 3 2 1 7 12 0 4 4 4 3 0 5 2 0 1 1 0 0
21510008 541 1 3 1 0 1 1 0 0 0 0 0 0 1 0 4 12 3 6 3 4 7 3 0 2 2 1 0 0 0
21510009 610 5 3 2 1 2 1 1 0 3 1 0 0 0 0 2 2 1 2 1 0 0 3 5 3 0 3 7 6 3 3 4 12 6
21510010 638 8 1 3 2 1 3 2 1 2 3 1 6 0.33333333333333331 7 0.33333333333333331 8 0.33333333333333331 3 3 2 0 3 1 12 1 4 4 3 2 5 6 2 0 0 0 3
21510011 484 10 2 3 1 2 2 1 1 1 3 2 1 0 3 1 0 0 0 0 4 4 2 0 2 1 0 4 5 3 0 4 6 5 3 5 7 12 0
21510012 584 0 1 0 3 1 0 0 0 0 0 0 0 0 3 3 2 2 4 6 12 0 1 4 7 0 1 3 5
21510013 556 8 2 1 2 3 1 1 2 3 1 0 1 1 0 0 0 0 3 3 2 0 0 0 3 3 0 7 0 2 6 6 2 12 1 3 0
21510014 622 1 3 1 0 2 1 0 0 0 0 0 0 1 3 0 3 0 12 4 1 2 6 3 4 1 3 2 1 0
21510015 580 6 3 1 2 2 3 1 1 0 2 1 0 0 0 0 2 2 2 0 1 3 1 2 3 0 0 3 6 5 0 4 12 3 0
21510016 590 9 1 1 2 2 1 3 3 3 2 1 0 3 1 0 0 0 0 3 3 3 12 3 1 1 4 5 2 0 3 6 2 0 5 3 0 0
21510018 492 11 3 3 2 1 3 3 1 2 1 2 1 1 0 2 1 0 0 0 0 4 3 4 0 0 0 1 2 0 0 3 3 3 12 4 6 5 4 4
21510019 533 5 1 2 3 1 2 1 0 2 1 0 0 0 0 2 2 1 0 0 0 2 3 5 1 3 5 5 4 3 0 12 4 1
21510020 537 10 2 1 3 1 2 3 2 1 3 1 1 0 3 1 0 0 0 0 4 3 3 0 0 0 3 3 4 3 2 2 3 1 7 0 3 0 12
21510021 573 3 1 2 3 1 0 2 1 0 0 0 0 1 1 1 0 1 1 0 6 2 4 3 0 4 6 1 0 12 6 2
21510022 545 10 1 3 3 1 2 1 3 2 2 2 1 0 1 1 0 0 0 0 3 4 3 4 12 0 0 4 7 5 0 2 5 1 1 0 2 0 3
21510023 639 3 1 2 3 1 0 3 1 0 0 0 0 1 1 1 0 3 1 3 2 0 4 12 0 2 4 5 0 1 3 4
21510024 594 9 2 3 2 1 2 1 1 3 1 3 1 5 0.33333333333333331 6 0.33333333333333331 7 0.33333333333333331 4 3 2 3 3 2 5 3 4 1 3 0 0 4 12 7 5 3 2
21510026 588 0 1 0 1 1 0 0 0 0 0 0 0 0 3 2 12 0 6 4 5 3 3 0 3 0 3 0 0
21510027 601 1 3 1 0 2 1 0 0 0 0 0 0 1 1 4 1 3 0 12 3 3 0 2 3 5 0 0 3 0
21510028 478 5 1 1 1 3 2 1 0 2 1 0 0 0 0 3 1 1 4 2 3 3 0 1 4 5 3 3 2 12 3 0 0 0
21510029 531 11 1 3 2 1 3 2 1 3 2 1 3 1 0 2 1 0 0 0 0 4 3 4 0 4 6 2 6 6 3 3 0 12 4 1 1 0 2 0
21510030 568 8 1 2 1 2 1 2 3 3 1 0 2 1 0 0 0 0 3 3 2 5 4 12 3 3 4 3 0 3 5 1 0 3 3 0 0
21510031 588 11 2 3 1 3 3 1 2 2 1 3 2 1 0 1 1 0 0 0 0 3 4 4 0 12 3 4 0 3 3 5 1 2 6 1 0 0 3 2
21510032 497 9 2 1 2 3 1 2 3 1 3 1 0 3 1 0 0 0 0 3 3 3 4 7 12 0 3 3 3 1 1 5 4 2 2 0 0 0
21510033 518 0 1 0 3 1 0 0 0 0 0 0 0 12 4 4 1 6 5 0 0 3 4 4 2 0 6 3 0
21510034 551 11 1 2 3 1 3 1 2 2 3 1 3 1 0 2 1 0 0 0 0 4 3 4 1 6 2 3 4 4 4 1 12 2 4 0 0 0 3 0
21510035 590 8 3 3 1 1 2 2 2 1 1 0 3 1 0 0 0 0 3 3 2 0 12 6 4 0 3 4 5 3 5 3 4 0 0 0 3
21510036 593 4 3 2 3 2 1 0 2 1 0 0 0 0 0 2 2 0 3 1 0 3 6 0 0 12 5 3 1 1 3 2 1
21510037 522 6 1 2 2 1 2 2 1 0 3 1 0 0 0 0 2 4 0 3 3 6 6 3 12 1 1 0 3 3 0 0 0 0 4
21510038 494 9 2 3 1 2 3 2 1 1 1 1 0 3 1 0 0 0 0 4 3 2 3 1 12 3 3 6 2 0 2 6 1 0 0 0 2 0
21510039 601 10 3 2 2 1 1 2 3 1 2 3 1 0 1 1 0 0 0 0 3 4 3 0 0 2 3 3 3 1 0 3 3 3 0 4 6 12 0
21510040 529 11 3 1 1 2 2 2 1 1 3 3 3 1 0 2 1 0 0 0 0 4 3 4 5 7 4 1 1 12 5 4 3 3 6 0 0 2 2 0
21510041 530 3 2 1 3 1 0 1 1 0 0 0 0 1 1 1 3 0 0 0 3 2 4 3 3 5 3 0 12 7 5 0
21510042 564 7 1 2 2 3 2 2 1 1 0 3 1 0 0 0 0 2 4 1 4 1 0 0 4 4 0 0 8 6 7 1 5 12 3 3
21510043 573 5 2 3 2 3 1 1 0 1 1 0 0 0 0 1 2 2 0 8 4 12 0 1 3 8 6 0 3 6 0 0 3 2
21510044 545 11 2 1 2 3 3 2 3 2 3 1 1 1 0 1 1 0 0 0 0 3 4 4 0 0 1 0 12 4 2 1 6 5 4 2 8 3 3 0
21510045 525 3 1 1 3 3 1 6 0.33333333333333331 7 0.33333333333333331 8 0.33333333333333331 2 0 1 0 2 0 1 0 3 4 2 2 3 6 5 0 12 8 5
21510046 557 9 2 3 1 1 2 3 2 3 1 1 0 3 1 0 0 0 0 3 3 3 4 2 12 0 2 3 1 2 1 5 6 0 0 3 1 0
21510047 549 11 1 2 3 3 1 2 1 1 3 2 3 1 0 2 1 0 0 0 0 4 3 4 0 4 4 2 1 12 5 1 0 2 6 7 0 0 3 3
21510048 526 10 3 3 3 2 2 3 2 1 1 2 1 0 1 1 0 0 0 0 2 4 4 0 1 3 12 0 2 4 5 0 3 2 4 1 1 0 0
21510049 590 11 3 3 2 1 1 2 3 2 1 1 3 1 0 2 1 0 0 0 0 4 3 4 4 7 3 0 3 4 5 0 2 6 12 0 1 0 0 3
21510050 516 5 2 2 3 3 1 1 0 2 1 0 0 0 0 1 2 2 0 2 1 2 4 1 5 4 1 4 12 1 0 3 0 0
21510051 543 10 2 1 2 2 3 3 2 1 3 3 1 0 1 1 0 0 0 0 2 4 4 8 4 1 4 1 3 12 5 0 2 5 1 0 0 3 2
21510052 556 4 3 1 2 1 3 1 7 0.33333333333333331 8 0.33333333333333331 9 0.33333333333333331 2 1 1 0 1 0 2 1 4 4 12 0 2 5 7 0 3 4 2
21510054 593 3 1 1 2 1 0 3 1 0 0 0 0 2 1 0 0 1 0 2 5 4 3 2 5 6 0 0 12 3 7 0
21510055 584 4 2 1 1 1 1 0 3 1 0 0 0 0 3 1 0 3 3 3 12 2 6 4 5 0 2 3 3 1 0 2 0
21510056 594 2 2 1 1 0 2 1 0 0 0 0 1 1 0 12 3 4 3 7 4 0 0 1 3 1 0 0 0 2 0
21510057 584 5 2 2 1 3 1 1 0 3 1 0 0 0 0 2 2 1 1 3 0 3 0 0 4 3 2 3 7 8 0 3 4 12
21510058 599 2 3 1 1 0 1 1 0 0 0 0 1 0 1 3 5 3 4 3 2 4 3 1 0 0 12 3 2 2 3
21510059 557 0 3 1 4 0.33333333333333331 5 0.33333333333333331 6 0.33333333333333331 0 0 0 1 0 2 8 1 4 3 3 2 4 5 12 3 0 3 0
21510061 506 0 1 0 3 1 0 0 0 0 0 0 0 12 4 3 0 3 6 1 2 3 2 0 0 0 0 0 1
21510062 564 9 3 1 2 1 2 1 2 2 3 1 0 3 1 0 0 0 0 3 4 2 0 12 4 3 0 6 4 3 1 6 4 0 0 3 0 0
21510063 509 9 2 1 1 1 1 3 3 3 2 1 0 2 1 0 0 0 0 4 2 3 0 3 3 3 3 2 5 4 0 1 3 12 0 2 0 3
21510064 563 11 3 1 2 3 3 2 1 1 1 3 2 1 0 2 1 0 0 0 0 4 3 4 0 7 7 12 0 1 3 3 1 1 2 3 0 0 2 2
21510065 592 8 3 2 1 3 1 2 2 1 1 0 2 1 0 0 0 0 3 3 2 3 1 4 3 12 5 4 1 3 6 3 2 0 2 1 0
21510066 521 10 3 1 3 3 2 2 1 2 1 1 1 0 3 1 0 0 0 0 4 3 3 0 6 3 2 1 3 7 4 2 4 3 0 12 3 3 0
21510067 490 0 1 0 3 1 0 0 0 0 0 0 0 0 0 1 3 0 3 6 4 0 8 4 3 2 3 6 12
21510068 599 10 3 3 1 1 2 2 1 3 3 2 1 0 1 1 0 0 0 0 3 3 4 5 12 4 0 3 7 4 1 1 3 2 0 2 4 0 2
21510069 560 9 3 3 1 2 3 2 3 1 2 1 0 2 1 0 0 0 0 2 3 4 2 3 12 0 5 3 1 3 0 5 5 0 1 1 0 6
21510070 541 0 1 0 3 1 0 0 0 0 0 0 0 3 0 2 0 1 2 0 0 1 7 5 2 12 3 4 1
21510071 502 3 3 2 1 1 0 1 1 0 0 0 0 1 1 1 0 12 6 2 2 6 5 2 0 0 1 4 3 1 0 4
21510072 632 5 3 2 1 3 3 1 0 3 1 0 0 0 0 1 1 3 0 12 5 3 2 9 4 6 2 3 3 1 0 1 0 0
21510073 533 0 1 0 1 1 0 0 0 0 0 0 0 4 3 4 2 6 5 4 2 12 2 5 0 0 1 0 1
21510074 571 5 1 3 3 1 3 1 0 1 1 0 0 0 0 2 0 3 3 0 2 0 3 4 1 0 4 5 2 2 12 2 0 3
21510075 536 3 1 2 2 1 0 2 1 0 0 0 0 1 2 0 3 0 0 0 12 2 5 0 6 3 1 0 4 1 4 1
21510076 593 11 2 2 3 2 3 3 1 1 1 1 3 1 0 2 1 0 0 0 0 4 3 4 2 4 8 12 0 1 7 6 0 3 4 4 2 1 3 0
21510077 497 11 1 2 2 1 3 1 2 2 3 3 3 1 0 1 1 0 0 0 0 3 4 4 0 2 2 1 1 5 2 1 0 6 4 3 0 3 12 3
21510078 598 6 3 1 2 2 3 3 1 0 1 1 0 0 0 0 1 2 3 3 6 5 3 8 7 4 2 1 12 5 3 0 0 1 2
21510079 555 2 2 3 1 0 2 1 0 0 0 0 0 1 1 1 3 3 0 1 4 4 1 12 4 3 2 0 0 1 2
21510082 657 9 1 3 1 2 1 1 2 3 3 1 0 2 1 0 0 0 0 4 2 3 5 3 0 0 3 6 3 2 2 3 12 0 3 1 3 0
21510083 499 8 3 1 1 2 2 3 2 1 1 0 1 1 0 0 0 0 3 3 2 0 2 4 7 0 3 5 1 2 4 3 12 0 0 3 0
21510084 508 11 1 2 2 3 1 1 3 2 3 1 3 1 0 2 1 0 0 0 0 4 3 4 2 0 2 0 4 4 4 0 1 5 12 1 3 0 3 0
21510085 622 1 2 1 0 3 1 0 0 0 0 0 1 0 0 3 1 0 4 1 2 0 3 5 4 2 12 8 6 1
21510086 532 6 3 2 1 1 2 3 1 0 1 1 0 0 0 0 2 2 2 3 2 3 0 6 6 4 0 12 4 2 1 3 3 0 0
21510087 555 8 1 3 3 2 3 2 2 1 1 0 1 1 0 0 0 0 2 3 3 0 3 3 3 1 5 3 5 0 0 12 4 0 2 3 0
21510088 622 0 1 0 2 1 0 0 0 0 0 0 0 1 0 0 0 0 2 3 2 0 3 3 4 1 1 5 12
21510089 590 8 1 3 2 2 1 1 2 3 1 0 3 1 0 0 0 0 3 3 2 2 4 1 3 4 5 6 1 12 1 2 0 0 0 2 0
21510090 600 10 1 3 2 1 2 1 1 2 3 3 1 0 2 1 0 0 0 0 4 3 3 0 0 1 3 3 2 3 0 5 4 3 0 12 5 4 0
21510091 553 7 3 3 1 2 2 2 3 1 0 2 1 0 0 0 0 1 3 3 0 0 1 1 3 5 3 0 8 4 3 1 12 4 4 0
21510093 508 11 1 2 1 3 1 3 2 2 3 2 1 1 0 3 1 0 0 0 0 4 4 3 3 0 4 0 2 3 6 0 1 12 1 0 3 3 5 2
21510094 586 2 2 3 1 0 1 1 0 0 0 0 0 1 1 5 6 5 3 4 4 12 1 2 4 5 2 0 0 1 3
21510095 510 0 1 0 3 1 0 0 0 0 0 0 0 3 0 2 1 0 3 2 4 0 1 1 4 0 2 4 12
21510096 586 11 1 1 2 3 3 3 1 3 2 2 2 1 0 1 1 0 0 0 0 3 4 4 12 4 3 3 7 6 2 0 6 4 0 0 3 0 1 0
21510097 529 8 1 2 1 1 3 3 2 3 1 0 1 1 0 0 0 0 3 2 3 2 2 0 0 4 3 0 0 4 4 0 3 1 5 12 2
21510098 590 7 2 2 1 3 2 2 1 1 0 1 1 0 0 0 0 2 4 1 1 4 3 0 3 7 6 2 12 3 3 1 3 3 0 0
21510099 549 3 1 1 3 1 0 2 1 0 0 0 0 2 0 1 4 8 4 3 12 6 2 0 0 3 4 0 0 0 1 2
21510100 621 6 1 3 2 3 2 1 1 0 3 1 0 0 0 0 2 2 2 12 2 4 0 1 4 3 1 3 6 7 1 2 0 6 2
21510101 533 6 1 2 3 1 3 1 1 0 3 1 0 0 0 0 3 1 2 3 2 0 0 12 0 0 0 7 5 4 1 2 6 4 2
21510102 550 1 3 1 0 1 1 0 0 0 0 0 0 1 3 1 0 2 0 0 0 3 2 3 4 8 0 3 12 3
21510103 526 3 2 2 1 1 0 1 1 0 0 0 0 1 2 0 0 0 0 3 0 1 4 4 2 3 3 4 0 12 4 5
21510104 585 1 2 1 0 2 1 0 0 0 0 0 1 0 1 1 2 0 0 4 2 0 0 1 4 1 0 12 5 4
21510105 585 2 2 1 1 0 3 1 0 0 0 0 1 1 0 4 8 0 0 9 6 2 2 12 3 1 3 1 0 0 0
21510106 590 7 2 3 1 1 2 2 3 1 0 1 1 0 0 0 0 2 3 2 0 0 3 0 0 12 4 3 3 5 1 2 0 3 3 3
21510107 495 2 1 3 1 0 1 1 0 0 0 0 1 0 1 0 0 0 3 0 0 3 4 0 2 5 5 2 3 8 12
21510108 523 4 1 1 2 3 1 0 3 1 0 0 0 0 2 1 1 3 3 8 12 5 6 3 3 2 5 2 3 0 0 0 1
21510109 507 0 1 0 3 1 0 0 0 0 0 0 0 2 3 3 4 0 1 6 7 0 3 1 12 0 0 0 2
21510110 560 1 2 1 0 3 1 0 0 0 0 0 1 0 1 1 0 0 2 3 3 0 3 4 12 1 5 3 2 0
21510111 501 9 3 2 2 3 1 3 1 1 2 1 0 3 1 0 0 0 0 3 3 3 0 0 2 1 1 3 5 0 4 4 3 0 12 3 2 0
21510112 612 1 2 1 0 1 1 0 0 0 0 0 1 0 3 0 0 1 0 0 2 4 3 1 3 6 0 0 2 12
21510113 567 6 1 1 1 3 2 1 1 0 2 1 0 0 0 0 4 1 1 3 2 4 0 4 5 2 6 4 6 12 0 0 0 6 0
21510114 534 8 3 3 2 3 2 3 2 1 1 0 1 1 0 0 0 0 1 3 4 0 0 0 2 0 1 5 12 1 4 4 7 3 3 5 6
21510115 499 5 2 2 1 1 2 1 0 1 1 0 0 0 0 2 3 0 0 5 5 12 3 3 3 4 0 1 2 0 0 3 0 0
21510116 573 9 1 3 1 3 2 1 2 2 2 1 0 3 1 0 0 0 0 3 4 2 3 12 7 1 3 3 6 1 0 0 2 4 0 0 2 1
21510117 530 11 1 2 3 2 1 3 3 1 2 2 3 1 0 1 1 0 0 0 0 3 4 4 0 1 3 0 2 5 7 1 3 5 3 3 12 4 2 0
21510118 516 9 2 2 3 3 2 2 3 1 1 1 0 1 1 0 0 0 0 2 4 3 12 8 2 0 5 5 6 0 1 4 4 1 0 4 0 0
21510119 585 9 3 3 2 3 1 3 1 1 2 1 0 2 1 0 0 0 0 3 2 4 3 4 0 0 5 4 6 0 12 1 2 1 0 0 2 0
21510120 575 10 3 2 2 2 1 1 1 1 3 2 1 0 3 1 0 0 0 0 4 4 2 0 0 0 1 0 3 6 5 3 3 5 2 0 3 4 12
21510121 633 5 3 3 1 2 2 1 0 2 1 0 0 0 0 1 2 2 12 2 4 0 7 3 1 1 4 3 4 1 0 3 3 0
21510122 519 11 2 3 3 2 1 3 3 2 1 1 1 1 0 2 1 0 0 0 0 4 3 4 4 0 3 0 5 3 2 0 1 6 4 3 12 3 2 1
21510123 615 8 2 1 1 1 3 1 3 3 1 0 3 1 0 0 0 0 4 1 3 4 1 2 0 2 5 3 2 12 5 1 0 4 2 3 2
21510124 462 10 1 2 1 2 3 3 3 1 3 1 1 0 2 1 0 0 0 0 4 2 4 0 2 7 0 2 6 6 1 1 5 4 4 3 12 3 2
21510125 472 8 3 2 1 2 3 1 1 1 1 0 3 1 0 0 0 0 4 2 2 0 0 0 2 3 6 3 2 3 3 4 3 0 4 5 12
21510126 584 9 3 3 3 2 2 3 1 2 2 1 0 1 1 0 0 0 0 1 4 4 1 2 5 12 0 3 6 7 1 3 4 3 0 1 0 0
21510127 498 1 1 1 0 3 1 0 0 0 0 1 0 0 1 0 5 3 2 5 8 2 0 3 6 12 0 0 3 0
21510128 581 10 3 1 2 1 3 2 3 2 1 3 1 0 2 1 0 0 0 0 3 3 4 0 0 0 1 1 4 2 4 0 0 2 6 0 0 1 12
21510129 569 1 3 1 0 3 1 0 0 0 0 0 0 1 3 1 3 2 0 3 4 3 0 3 1 12 2 3 0 0
21510130 581 7 2 2 2 3 2 3 1 1 0 3 1 0 0 0 0 1 4 2 0 0 3 1 0 0 1 4 0 4 3 3 1 7 8 12
21510131 537 7 1 2 1 1 2 3 1 3 1 4 0.33333333333333331 5 0.33333333333333331 6 0.33333333333333331 4 2 1 2 4 4 12 0 3 5 3 2 3 4 3 3 0 0 0
21510132 561 7 1 1 3 2 1 1 3 1 0 3 1 0 0 0 0 4 1 2 12 7 3 2 5 4 5 3 4 3 2 0 2 0 0 0
21510133 447 2 3 1 1 0 1 1 0 0 0 0 1 0 1 0 0 4 4 2 2 3 3 3 5 1 2 2 0 1 12
21510134 597 3 1 1 2 1 0 2 1 0 0 0 0 2 1 0 6 0 8 0 3 12 5 1 3 4 2 0 0 5 3 0
21510135 510 6 1 2 1 2 3 1 1 0 2 1 0 0 0 0 3 2 1 0 0 3 0 1 3 4 3 3 12 2 3 2 1 3 0
21510136 550 8 1 1 2 2 3 2 3 3 1 0 1 1 0 0 0 0 2 3 3 3 7 7 1 2 5 0 12 0 1 2 2 0 0 0 1
21510137 492 11 3 3 2 2 1 1 3 1 2 2 3 1 0 1 1 0 0 0 0 3 4 4 0 1 0 0 0 5 2 0 0 3 7 4 2 1 3 12
21510138 522 9 3 1 3 1 1 1 2 2 2 1 0 3 1 0 0 0 0 4 3 2 3 3 4 4 0 12 5 4 0 4 2 1 0 0 2 0
21510139 511 5 2 3 3 1 3 1 0 2 1 0 0 0 0 1 1 3 1 0 2 1 0 4 5 3 0 2 4 12 0 4 4 1
21510140 499 7 1 2 1 2 3 3 1 1 0 2 1 0 0 0 0 3 2 2 3 0 0 0 1 1 12 0 2 5 2 5 3 3 4 0
21510142 564 9 3 3 1 1 2 3 2 3 2 1 0 1 1 0 0 0 0 2 3 4 12 8 7 3 4 5 0 5 7 3 0 1 0 2 0 0
21510143 516 8 3 3 2 3 3 2 2 1 1 0 2 1 0 0 0 0 1 3 4 0 0 1 1 2 3 1 1 3 7 0 0 12 4 3 0
21510144 456 2 3 3 1 0 2 1 0 0 0 0 0 0 2 3 4 0 1 12 5 6 3 4 3 1 3 2 0 0 0
21510145 586 10 1 2 1 2 3 3 2 1 1 2 1 0 3 1 0 0 0 0 4 4 2 2 6 9 12 5 0 4 4 0 0 3 1 0 0 0 3
21510146 587 1 2 1 0 1 1 0 0 0 0 0 1 0 0 1 0 0 3 1 0 0 6 5 2 0 12 3 2 3
21510147 552 9 3 2 2 2 1 1 1 3 3 1 0 3 1 0 0 0 0 3 3 3 12 7 4 0 5 5 1 0 3 4 2 2 0 0 0 1
21510148 555 8 3 3 1 3 1 2 3 1 1 0 2 1 0 0 0 0 3 1 4 2 0 0 2 5 2 1 0 3 5 0 0 4 12 1 0
21510149 579 8 3 1 2 1 1 2 2 3 1 0 1 1 0 0 0 0 3 3 2 2 3 1 12 0 0 4 5 3 4 4 2 3 0 0 0
21510150 582 1 1 1 0 2 1 0 0 0 0 1 0 0 0 2 0 0 3 0 1 7 5 4 6 0 3 6 12 0
21510151 540 0 1 0 3 1 0 0 0 0 0 0 0 0 0 0 1 3 4 0 0 0 2 4 5 1 2 4 12
21510152 567 6 2 1 2 3 1 3 1 0 3 1 0 0 0 0 2 2 2 0 12 4 2 1 7 4 1 2 3 5 0 0 0 0 5
21510153 552 11 3 2 3 1 3 1 2 2 1 2 1 1 0 3 1 0 0 0 0 4 4 3 4 6 3 4 3 0 5 12 0 0 1 3 2 0 0 0
21510154 551 3 1 3 1 1 0 1 1 0 0 0 0 2 0 1 3 0 6 1 4 5 2 0 4 2 2 0 12 2 4 0
21510155 567 10 3 2 3 1 1 3 2 1 2 2 1 0 3 1 0 0 0 0 3 4 3 3 2 1 3 5 3 12 0 2 5 0 1 2 1 0 1
21510156 578 9 3 1 2 3 1 2 3 2 2 1 0 1 1 0 0 0 0 2 4 3 0 3 0 0 0 4 2 6 0 3 1 3 1 3 4 12
21510157 514 8 2 1 3 3 1 1 1 2 1 0 3 1 0 0 0 0 4 2 2 5 2 6 2 12 5 1 3 0 7 4 2 0 1 0 2
21510158 556 10 1 2 3 1 2 1 3 2 3 3 1 0 1 1 0 0 0 0 3 3 4 12 7 6 1 4 4 1 4 2 3 2 2 0 1 2 0
21510159 556 6 2 1 2 2 3 1 1 0 3 1 0 0 0 0 2 3 1 12 2 2 0 3 1 3 3 3 5 1 1 1 2 0 0
21510160 498 3 1 3 3 1 0 3 1 0 0 0 0 1 0 2 1 0 2 0 2 1 2 6 2 7 5 3 1 8 12 0
21510161 550 3 2 3 3 1 0 3 1 0 0 0 0 0 1 2 0 2 1 0 0 0 6 0 0 12 4 1 1 4 2 4
21510162 462 3 1 3 1 1 0 2 1 0 0 0 0 2 0 1 1 3 4 2 2 4 12 3 7 6 1 3 0 4 0 2
21510163 608 3 1 3 1 1 0 1 1 0 0 0 0 2 0 1 2 3 0 0 3 2 4 1 2 4 6 0 3 6 12 2
21510164 584 7 2 1 3 1 1 3 2 1 0 1 1 0 0 0 0 3 2 2 3 1 2 2 6 4 3 5 2 12 3 0 2 3 1 0
21510165 538 4 2 3 1 3 1 0 3 1 0 0 0 0 1 1 2 1 2 0 0 1 4 2 2 2 7 3 0 12 3 1 1
21510166 507 11 1 3 3 2 1 2 2 3 2 1 1 1 0 3 1 0 0 0 0 4 4 3 3 1 0 0 0 2 6 0 1 4 5 1 0 12 2 2
21510167 552 0 1 0 3 1 0 0 0 0 0 0 0 0 3 3 0 0 5 4 3 0 3 6 3 3 6 12 3
21510168 603 9 2 1 1 2 2 3 3 2 3 1 0 1 1 0 0 0 0 2 4 3 0 1 0 0 12 5 0 0 4 3 5 3 1 2 3 3
21510169 564 1 2 1 0 2 1 0 0 0 0 0 1 0 0 0 3 2 4 1 3 1 1 5 3 0 12 7 4 0
21510170 495 1 1 1 0 1 1 0 0 0 0 1 0 0 3 12 4 0 2 6 0 0 2 3 3 2 4 0 0 1
21510171 527 2 2 2 1 0 1 1 0 0 0 0 0 2 0 0 1 3 0 0 4 3 6 0 1 4 12 3 8 4 2
21510172 537 5 1 1 3 3 2 3 1 7 0.33333333333333331 8 0.33333333333333331 9 0.33333333333333331 2 1 2 12 3 2 2 1 2 6 3 3 4 1 0 0 1 2 0
21510173 607 7 3 1 2 1 3 1 2 1 0 2 1 0 0 0 0 3 2 2 12 5 3 1 6 4 0 0 3 3 0 3 0 0 2 0
21510174 615 7 2 1 3 2 2 2 3 1 0 3 1 0 0 0 0 1 4 2 0 2 1 0 3 5 12 0 3 3 4 0 1 1 3 1
21510175 564 11 3 1 3 3 1 2 1 2 1 2 2 1 0 3 1 0 0 0 0 4 4 3 12 3 4 1 4 6 2 3 1 3 4 0 2 3 0 0
21510176 538 10 2 3 2 1 1 3 3 3 1 2 1 0 2 1 0 0 0 0 3 3 4 0 0 1 0 2 3 4 4 0 3 4 6 1 3 9 12
21510177 484 10 2 1 3 3 2 1 2 2 3 1 1 0 3 1 0 0 0 0 3 4 3 1 7 0 0 12 6 6 0 2 1 5 2 3 3 0 1
21510178 584 4 3 3 1 2 1 0 1 1 0 0 0 0 1 1 2 2 3 6 0 0 5 4 3 0 12 6 3 0 2 1 0
21510179 502 8 2 2 3 3 1 2 2 1 1 0 1 1 0 0 0 0 2 4 2 0 1 3 1 3 0 4 6 3 0 5 1 2 12 2 3
21510180 569 10 2 1 3 1 1 2 3 3 2 2 1 0 3 1 0 0 0 0 3 4 3 12 5 3 0 2 5 4 3 1 2 0 1 1 0 0 0
21510181 550 0 1 0 3 1 0 0 0 0 0 0 0 12 7 4 1 3 6 6 2 4 4 2 1 0 3 0 3
21510182 587 11 2 3 1 1 3 2 2 3 3 1 2 1 0 1 1 0 0 0 0 3 4 4 4 1 4 1 2 4 4 0 12 5 0 2 0 3 3 0
21510183 552 0 1 0 2 1 0 0 0 0 0 0 0 0 3 0 3 1 1 5 6 0 3 7 7 1 2 2 12
21510184 556 11 1 1 3 2 2 1 3 2 3 1 3 1 0 2 1 0 0 0 0 4 3 4 4 8 4 0 12 7 1 1 2 4 5 0 0 0 2 0
21510185 559 10 2 2 2 3 3 2 1 1 1 3 1 0 3 1 0 0 0 0 3 4 3 7 0 0 3 0 6 4 5 2 4 1 12 0 0 0 1
21510186 566 8 3 2 1 2 2 2 1 3 1 0 3 1 0 0 0 0 2 4 2 0 1 7 0 0 6 8 12 3 1 3 4 3 1 2 3
21510187 566 5 3 2 1 3 1 1 0 3 1 0 0 0 0 2 1 2 0 3 0 0 5 3 0 0 8 6 3 0 12 5 4 2
21510188 529 4 3 3 1 2 1 0 1 1 0 0 0 0 1 1 2 3 12 2 0 1 6 2 0 3 2 3 1 0 3 0 0
21510190 481 4 2 1 1 3 1 0 2 1 0 0 0 0 2 1 1 0 1 0 2 1 6 12 6 3 5 6 0 3 3 2 0
21510191 535 5 1 3 2 3 3 1 0 2 1 0 0 0 0 1 1 3 5 8 12 0 4 4 4 0 1 5 4 0 0 0 2 1
21510192 545 8 2 2 2 3 3 2 3 1 1 0 1 1 0 0 0 0 1 4 3 3 1 2 1 1 4 6 3 0 0 6 7 0 3 12 3
21510194 509 0 1 0 2 1 0 0 0 0 0 0 0 0 2 0 3 0 0 4 3 3 4 5 1 0 3 1 12
21510195 485 11 3 1 1 1 2 2 2 2 3 3 3 1 0 1 1 0 0 0 0 3 4 4 0 6 6 12 1 2 3 8 0 0 3 0 0 0 3 0
21510196 618 7 2 3 1 3 1 3 2 1 0 1 1 0 0 0 0 2 2 3 4 3 4 2 4 12 0 0 0 6 3 0 6 0 0 0
21510197 522 0 1 0 1 1 0 0 0 0 0 0 0 0 0 1 2 0 12 4 3 0 5 3 2 2 3 1 0
21510199 538 4 1 3 2 1 1 0 2 1 0 0 0 0 2 1 1 3 3 12 4 0 5 5 3 0 1 0 3 0 0 2 0
21510200 544 0 1 0 1 1 0 0 0 0 0 0 0 0 2 0 3 3 3 5 3 2 4 4 3 12 8 3 1
21510201 556 4 3 1 1 2 1 0 2 1 0 0 0 0 2 1 1 3 3 3 12 0 0 6 5 0 2 3 7 0 0 4 1
21510202 520 6 1 2 3 3 2 1 1 0 2 1 0 0 0 0 2 2 2 3 2 3 0 12 7 1 0 5 5 3 0 2 1 4 1
21510203 565 7 3 1 2 1 2 1 2 1 0 2 1 0 0 0 0 3 3 1 1 3 3 4 4 7 4 2 0 6 12 3 0 1 0 3
21510204 577 11 2 1 3 2 3 3 1 2 2 1 3 1 0 1 1 0 0 0 0 3 4 4 2 4 5 6 2 3 7 12 0 1 3 0 0 0 0 1
21510205 599 7 3 3 2 1 2 3 3 1 0 1 1 0 0 0 0 1 2 4 0 2 2 0 3 4 3 3 1 5 6 7 1 4 3 12
21510206 589 8 3 1 2 3 3 1 2 2 1 0 1 1 0 0 0 0 2 3 3 12 3 2 0 7 3 3 1 3 1 4 0 2 0 0 0
21510207 542 6 3 1 1 1 2 2 1 0 3 1 0 0 0 0 3 2 1 3 4 6 12 2 4 5 4 0 3 0 4 0 3 0 0
21510208 549 1 2 1 0 2 1 0 0 0 0 0 1 0 0 12 7 2 0 4 1 1 0 2 5 1 3 0 1 3
21510209 473 10 1 3 1 2 3 2 3 2 3 1 1 0 2 1 0 0 0 0 3 3 4 0 5 0 4 0 3 3 3 1 12 5 3 3 5 4 3
21510210 540 5 3 1 1 2 3 1 0 3 1 0 0 0 0 2 1 2 4 6 12 0 3 5 7 2 1 4 4 1 2 2 0 0
21510211 526 5 3 2 2 1 1 1 0 2 1 0 0 0 0 2 2 1 0 0 0 3 2 1 0 0 7 4 0 1 12 6 5 0
21510212 556 10 3 2 2 3 1 1 3 2 2 1 1 0 1 1 0 0 0 0 3 4 3 3 5 12 3 0 5 3 2 3 4 1 3 0 0 3 0
21510213 566 11 2 2 1 2 2 1 1 3 1 3 3 1 0 3 1 0 0 0 0 4 4 3 0 0 3 12 2 2 4 9 0 3 1 1 3 0 3 0
21510214 593 5 3 2 2 3 1 1 0 1 1 0 0 0 0 1 2 2 0 4 0 1 2 2 1 3 3 6 5 3 0 3 4 12
21510215 595 0 1 0 2 1 0 0 0 0 0 0 0 4 12 4 0 7 4 2 0 1 4 1 0 2 0 3 1
21510216 535 6 2 3 1 2 1 3 1 0 2 1 0 0 0 0 2 2 2 0 1 0 0 2 3 7 1 3 2 2 12 6 1 1 4
21510217 675 10 3 3 2 2 1 3 2 3 1 1 1 0 2 1 0 0 0 0 3 3 4 1 0 0 3 0 6 12 3 2 3 4 3 5 1 3 4
21510218 594 8 2 1 2 1 2 1 3 3 1 0 1 1 0 0 0 0 3 3 2 0 0 0 2 3 2 1 3 3 5 6 0 12 8 4 7
21510219 627 6 3 3 1 2 1 1 1 0 1 1 0 0 0 0 3 1 2 0 3 6 12 2 5 5 4 0 3 4 2 0 0 2 0
21510220 536 10 1 3 3 2 3 2 3 2 1 2 1 0 1 1 0 0 0 0 2 4 4 12 3 2 0 1 5 2 4 4 5 1 1 3 0 0 0
21510221 606 10 3 2 1 2 2 3 1 1 2 3 1 0 3 1 0 0 0 0 3 4 3 1 0 3 0 4 3 2 0 8 4 3 0 12 6 4 1
21510222 548 4 2 3 3 1 1 0 3 1 0 0 0 0 1 1 2 0 0 1 2 0 0 1 4 5 4 2 3 0 12 5 3
21510223 536 3 2 1 3 1 0 1 1 0 0 0 0 1 1 1 0 0 3 3 0 1 2 3 0 4 5 2 7 12 5 3
21510224 537 8 1 3 3 2 2 1 2 2 1 0 3 1 0 0 0 0 2 4 2 1 4 5 12 0 4 4 1 0 0 6 2 0 0 4 1
21510225 607 2 2 2 1 0 1 1 0 0 0 0 0 2 0 0 0 0 6 3 12 6 4 0 3 5 3 0 0 1 3
21510226 545 7 2 3 2 2 1 3 3 1 0 1 1 0 0 0 0 1 3 3 0 1 0 1 2 4 0 0 6 3 1 3 12 4 2 0
21510227 610 2 3 1 1 0 3 1 0 0 0 0 1 0 1 0 0 2 0 5 1 1 0 7 6 2 2 12 5 3 0
21510229 524 4 2 1 1 3 1 0 3 1 0 0 0 0 2 1 1 3 0 0 3 0 1 12 3 3 7 4 2 0 2 3 5
21510230 531 6 3 3 1 3 1 2 1 0 2 1 0 0 0 0 2 1 3 0 3 3 3 2 1 4 3 0 3 12 1 0 0 0 2
21510231 602 8 2 2 2 3 3 1 1 2 1 0 3 1 0 0 0 0 2 4 2 0 1 0 0 2 4 3 5 1 4 5 12 1 3 3 3
21510232 494 11 1 1 2 3 2 3 1 1 2 2 3 1 0 3 1 0 0 0 0 4 4 3 1 4 12 0 4 4 2 0 2 2 5 0 3 0 1 1
21510233 579 3 1 2 1 1 0 2 1 0 0 0 0 2 1 0 2 0 0 0 4 6 3 2 12 7 6 1 1 4 3 0
21510234 506 4 2 1 3 2 1 0 3 1 0 0 0 0 1 2 1 0 5 8 12 0 4 4 6 0 0 3 4 1 0 2 1
21510235 584 9 3 1 1 2 1 2 2 1 2 1 0 3 1 0 0 0 0 4 4 1 4 6 12 0 1 6 5 3 0 7 3 0 3 0 2 0
21510236 522 0 1 0 3 1 0 0 0 0 0 0 0 12 1 2 0 7 5 1 0 3 3 0 0 3 0 0 2
21510237 530 6 3 2 1 1 3 2 1 0 3 1 0 0 0 0 2 2 2 0 2 12 1 3 4 5 6 2 0 4 5 0 0 1 0
21510238 562 11 1 2 1 3 1 3 1 3 2 2 3 1 0 2 1 0 0 0 0 4 3 4 0 1 2 0 0 3 1 12 2 6 5 3 0 3 3 5
21510239 598 3 1 3 2 1 0 3 1 0 0 0 0 1 1 1 12 5 3 0 3 7 1 2 4 4 1 0 0 3 0 2
21510240 615 5 3 3 2 1 3 1 0 2 1 0 0 0 0 1 1 3 1 2 0 1 4 3 4 0 4 12 3 0 3 1 2 0
21510241 627 7 2 2 1 1 3 2 3 1 0 3 1 0 0 0 0 2 3 2 3 0 2 0 1 3 5 1 5 4 2 3 12 1 3 0
21510242 557 8 2 1 3 1 1 2 1 3 1 0 2 1 0 0 0 0 4 2 2 3 1 3 4 2 4 4 2 4 12 0 0 3 0 0 0
21510243 599 2 1 2 1 0 2 1 0 0 0 0 1 1 0 12 5 7 0 3 4 4 2 3 6 3 1 1 0 0 0
21510244 578 2 3 3 1 0 1 1 0 0 0 0 0 0 2 2 1 4 0 2 1 12 2 4 3 0 3 0 5 0 3
21510245 478 4 2 1 1 2 1 0 2 1 0 0 0 0 2 2 0 4 3 3 0 12 4 1 0 5 4 0 2 0 1 0 0
21510246 630 3 2 3 1 1 0 1 1 0 0 0 0 1 1 1 0 0 3 3 0 1 2 1 4 4 3 0 12 5 2 2
21510247 596 2 1 1 1 0 2 1 0 0 0 0 2 0 0 0 3 2 12 2 3 5 1 3 0 6 3 0 0 0 3
21510248 533 2 3 3 1 0 1 1 0 0 0 0 0 0 2 12 5 1 1 2 3 2 2 1 6 5 0 3 2 0 0
21510249 554 1 2 1 0 1 1 0 0 0 0 0 1 0 0 0 3 4 0 5 3 6 3 3 4 12 3 0 0 0
21510250 545 9 1 2 3 3 2 2 2 3 3 1 0 1 1 0 0 0 0 1 4 4 0 0 0 1 1 0 0 6 2 5 1 3 0 4 6 12
21510251 555 0 1 0 2 1 0 0 0 0 0 0 0 1 6 0 0 3 7 0 0 3 6 4 0 12 5 5 3
21510252 562 8 2 1 3 2 1 3 3 2 1 0 3 1 0 0 0 0 2 3 3 0 2 3 12 0 2 3 5 0 0 3 5 1 1 8 1
21510253 539 8 3 2 1 3 2 2 1 2 3 1 5 0.33333333333333331 6 0.33333333333333331 7 0.33333333333333331 2 4 2 3 0 0 0 1 3 7 1 5 4 0 0 12 3 3 0
21510254 619 8 2 2 2 3 3 2 1 1 1 0 3 1 0 0 0 0 2 4 2 0 2 1 0 0 7 3 1 12 6 5 3 1 1 3 2
21510255 598 2 2 2 1 0 3 1 0 0 0 0 0 2 0 1 12 5 5 3 1 2 2 0 0 4 1 0 0 0 1
21510256 557 8 3 1 1 2 2 2 1 1 1 0 3 1 0 0 0 0 4 3 1 0 3 0 3 3 2 3 3 0 4 5 8 0 3 5 12
21510257 613 9 1 3 3 3 2 2 3 1 1 1 0 2 1 0 0 0 0 3 2 4 0 2 4 12 3 5 4 3 0 3 6 4 1 2 0 1
21510258 562 10 1 2 3 1 2 1 1 3 2 3 1 0 2 1 0 0 0 0 4 3 3 12 5 4 3 3 1 5 0 0 1 2 0 0 0 2 3
21510259 585 5 1 3 2 2 2 1 0 1 1 0 0 0 0 1 3 1 0 0 0 2 1 3 3 5 2 4 6 7 0 1 1 12
21510260 512 2 2 2 1 0 3 1 0 0 0 0 0 2 0 3 5 1 3 3 3 1 12 0 1 4 3 2 0 3 0
21510261 563 11 3 1 1 2 1 2 1 2 3 3 3 1 0 2 1 0 0 0 0 4 3 4 12 4 4 0 4 2 1 0 2 4 5 3 0 0 1 3
21510262 550 1 2 1 0 1 1 0 0 0 0 0 1 0 0 2 1 0 3 3 1 2 4 5 4 0 12 6 5 3
21510263 520 11 2 3 2 3 2 1 2 3 1 3 1 1 0 1 1 0 0 0 0 3 4 4 4 7 6 5 0 3 5 7 0 2 2 12 1 0 3 1
21510264 566 0 1 0 2 1 0 0 0 0 0 0 0 0 1 0 0 4 0 3 0 2 3 5 3 1 5 12 3
21510265 527 0 1 0 1 1 0 0 0 0 0 0 0 0 0 1 5 0 2 3 2 3 2 12 3 0 0 5 1
21510266 599 3 3 3 3 1 0 2 1 0 0 0 0 0 0 3 1 3 3 6 3 4 4 4 0 12 6 3 0 0 0 7
21510267 555 11 3 2 3 1 2 2 1 2 3 1 3 1 0 1 1 0 0 0 0 3 4 4 12 7 5 0 5 3 0 1 2 3 2 0 1 0 0 0
21510268 547 2 3 2 1 0 1 1 0 0 0 0 0 1 1 12 5 5 0 3 3 3 0 0 0 2 3 1 0 3 0
21510269 622 10 1 2 3 1 2 2 2 3 3 3 1 0 1 1 0 0 0 0 2 4 4 0 0 1 0 6 3 4 1 5 5 2 0 12 6 4 0
21510270 508 8 2 2 3 3 3 1 2 2 1 0 1 1 0 0 0 0 1 4 3 3 3 6 12 0 3 3 5 0 0 3 1 0 0 0 1
21510271 617 1 2 3 1 5 0.33333333333333331 6 0.33333333333333331 7 0.33333333333333331 0 1 0 0 1 2 4 3 4 6 3 0 2 6 6 1 1 3 12
21510272 575 6 3 1 3 3 2 1 1 0 2 1 0 0 0 0 2 1 3 2 0 0 0 0 3 1 12 0 1 7 4 3 4 3 2
21510273 477 7 3 1 1 2 2 1 3 1 0 3 1 0 0 0 0 3 2 2 3 2 6 0 2 4 4 0 12 1 1 2 3 0 0 0
21510274 600 0 1 0 3 1 0 0 0 0 0 0 0 0 1 0 0 0 3 2 12 4 5 5 7 1 2 8 5
21510275 448 7 3 3 1 3 2 2 1 1 0 1 1 0 0 0 0 2 2 3 0 2 0 3 1 3 1 2 2 4 12 4 0 1 3 2
21510276 531 0 1 0 1 1 0 0 0 0 0 0 0 0 0 1 2 0 3 12 3 2 7 4 2 3 1 3 3
21510277 530 3 3 2 2 1 0 1 1 0 0 0 0 0 2 1 0 4 4 12 3 1 5 1 0 0 6 0 3 0 2 0
21510278 577 6 3 3 1 2 1 2 1 0 2 1 0 0 0 0 2 2 2 3 0 0 0 3 0 6 2 8 3 3 4 12 4 1 1
21510279 530 9 1 1 2 2 3 2 3 1 3 3 1 6 0.33333333333333331 7 0.33333333333333331 8 0.33333333333333331 3 3 3 2 7 2 12 3 9 3 3 0 1 4 5 0 0 3 1
21510280 505 2 2 1 1 0 3 1 0 0 0 0 1 1 0 0 4 5 5 2 2 3 5 1 5 3 12 0 0 0 1
21510281 584 3 2 2 3 1 0 1 1 0 0 0 0 0 2 1 12 4 4 2 1 3 5 0 0 3 3 1 0 3 0 0
21510283 576 7 2 3 3 3 1 2 1 1 0 2 1 0 0 0 0 2 2 3 4 7 12 0 1 4 4 0 0 0 3 2 0 0 1 0
21510284 539 4 2 1 3 2 1 0 3 1 0 0 0 0 1 2 1 0 0 0 6 0 2 8 12 3 5 5 6 1 3 3 1
21510285 579 0 1 0 3 1 0 0 0 0 0 0 0 0 0 0 1 3 1 4 0 3 6 2 2 12 7 3 0
21510287 567 0 1 0 2 1 0 0 0 0 0 0 0 2 5 0 2 1 1 4 1 4 12 0 0 0 3 0 0
21510288 524 6 2 1 3 1 3 2 1 0 1 1 0 0 0 0 2 2 2 3 2 3 3 12 7 4 0 5 5 3 1 0 4 6 2
21510289 576 6 3 2 3 1 2 3 1 0 2 1 0 0 0 0 1 2 3 5 0 0 0 4 1 0 3 4 3 1 5 12 6 4 0
21510290 522 10 3 1 3 3 2 2 3 2 1 2 1 0 1 1 0 0 0 0 2 4 4 3 6 8 12 2 3 4 5 0 0 3 1 0 0 6 1
21510291 489 0 1 0 3 1 0 0 0 0 0 0 0 0 0 1 0 1 6 0 0 2 4 3 0 5 4 12 2
21510292 590 8 1 1 1 3 2 1 2 3 1 0 2 1 0 0 0 0 4 2 2 0 4 6 12 3 4 5 2 7 3 5 3 0 2 1 0
21510293 581 9 3 1 1 1 2 2 2 1 3 1 0 3 1 0 0 0 0 4 3 2 0 1 0 3 2 3 2 5 0 7 4 5 12 4 3 3
21510294 494 1 2 1 0 1 1 0 0 0 0 0 1 0 0 3 3 0 1 5 2 0 4 4 5 2 2 12 1 1
21510295 581 7 1 2 2 1 3 3 1 1 0 3 1 0 0 0 0 3 2 2 1 5 5 12 3 5 7 3 0 2 5 3 0 0 2 0
21510296 546 10 3 2 3 3 2 2 1 1 1 1 1 0 2 1 0 0 0 0 4 3 3 3 12 2 1 1 2 5 1 3 0 4 4 0 3 3 2
21510297 556 5 3 2 1 1 1 1 0 1 1 0 0 0 0 3 1 1 0 0 2 0 0 0 2 5 0 4 2 7 3 4 6 12
21510298 571 4 2 1 3 3 1 0 1 1 0 0 0 0 1 1 2 0 12 6 4 0 7 5 3 2 4 4 2 0 0 0 1
21510299 544 2 1 3 1 0 3 1 0 0 0 0 1 0 1 0 1 0 2 0 3 1 8 0 2 4 12 2 0 0 4
21510300 491 10 3 2 3 3 2 3 1 2 1 2 1 0 1 1 0 0 0 0 2 4 4 12 3 3 1 5 4 3 0 3 6 2 3 0 0 1 0
21510301 501 11 1 2 3 2 2 3 2 1 1 3 3 1 0 1 1 0 0 0 0 3 4 4 2 3 12 0 3 7 5 3 5 3 4 0 0 1 3 0
21510302 587 0 1 0 3 1 0 0 0 0 0 0 0 1 0 0 0 3 2 0 0 4 2 3 2 1 12 4 1
21510303 501 7 1 2 2 1 1 3 3 1 0 3 1 0 0 0 0 3 2 2 2 0 2 0 0 0 3 1 3 4 6 12 0 3 3 3
21510304 477 9 2 1 2 3 1 3 2 1 3 1 0 3 1 0 0 0 0 3 3 3 2 5 12 0 4 8 7 0 3 4 1 2 0 1 0 0
21510305 527 10 3 3 2 1 2 2 1 1 2 1 1 0 3 1 0 0 0 0 4 4 2 12 7 4 0 8 5 4 3 4 3 3 3 1 0 2 0
21510306 487 11 2 3 3 3 2 1 1 2 1 2 3 1 0 1 1 0 0 0 0 3 4 4 0 0 1 12 0 2 5 8 2 4 6 5 1 1 2 3
21510307 559 4 3 1 2 1 1 0 3 1 0 0 0 0 2 1 1 0 0 1 0 5 4 3 0 2 3 12 0 2 1 4 2
21510308 622 1 2 1 0 3 1 0 0 0 0 0 1 0 1 3 6 12 2 4 6 1 0 0 0 3 0 0 0 3
21510309 572 2 2 3 1 0 2 1 0 0 0 0 0 1 1 0 2 0 1 0 2 5 1 0 1 7 3 1 5 4 12
21510310 535 5 1 3 3 2 2 1 0 3 1 0 0 0 0 1 2 2 1 0 2 0 0 1 3 0 3 3 2 0 12 5 5 1
21510311 540 6 3 2 1 3 1 2 3 1 7 0.33333333333333331 8 0.33333333333333331 9 0.33333333333333331 2 2 2 1 2 1 4 0 3 5 4 0 2 5 12 0 3 4 0
21510312 566 1 3 1 0 1 1 0 0 0 0 0 0 1 0 2 0 8 0 12 3 5 1 2 4 1 0 3 2 6
21510313 553 11 2 3 3 1 1 1 2 3 2 1 3 1 0 2 1 0 0 0 0 4 3 4 2 0 3 0 0 0 5 0 1 4 6 12 2 1 4 3
21510314 582 6 2 3 3 1 2 3 1 0 3 1 0 0 0 0 1 2 3 0 2 0 0 1 1 3 0 5 5 12 2 1 6 3 0
21510315 550 2 1 3 1 0 2 1 0 0 0 0 1 0 1 3 4 4 12 0 3 4 5 0 0 1 3 2 0 0 0
21510316 539 7 1 2 2 1 3 3 3 1 0 2 1 0 0 0 0 2 2 3 3 0 5 0 6 5 12 1 3 4 5 3 4 1 2 0
21510317 557 9 2 2 1 3 1 1 1 2 2 1 0 3 1 0 0 0 0 4 4 1 3 3 6 0 12 6 3 3 2 5 1 0 0 3 0 0
21510318 588 4 2 2 2 3 1 0 1 1 0 0 0 0 0 3 1 3 1 0 0 1 4 0 1 4 7 3 0 12 3 2 0
21510319 587 9 1 3 1 1 1 2 3 2 3 1 0 3 1 0 0 0 0 4 2 3 2 0 0 0 1 3 0 0 2 6 1 3 12 4 2 2
21510320 571 1 1 3 1 7 0.33333333333333331 8 0.33333333333333331 9 0.33333333333333331 1 0 0 2 1 3 12 2 4 6 4 0 0 5 4 0 0 6 3
21510321 530 1 1 1 0 1 1 0 0 0 0 1 0 0 3 12 1 2 2 4 4 5 3 3 5 0 4 2 0 0
21510322 567 11 3 1 3 2 3 2 2 3 1 2 1 1 0 1 1 0 0 0 0 3 4 4 2 1 0 0 3 8 3 0 1 4 2 3 2 4 12 1
21510323 530 11 2 1 3 1 3 1 3 3 2 1 2 3 1 4 0.33333333333333331 5 0.33333333333333331 6 0.33333333333333331 4 3 4 2 0 2 0 0 1 3 6 3 1 5 7 0 2 4 12
21510324 566 10 2 1 3 2 2 1 1 2 3 3 1 0 1 1 0 0 0 0 3 4 3 2 0 1 4 0 3 3 2 0 1 4 12 0 3 5 0
21510325 558 5 3 2 1 3 3 1 0 2 1 0 0 0 0 1 1 3 3 1 3 12 2 3 4 6 0 1 1 4 0 0 0 2
21510326 577 5 3 1 2 3 2 1 0 1 1 0 0 0 0 1 2 2 3 0 3 0 4 2 12 0 3 4 3 1 2 0 1 0
21510327 562 6 1 2 3 3 3 2 1 0 3 1 0 0 0 0 1 2 3 12 4 2 3 1 3 6 0 1 1 4 0 0 0 0 2
21510328 488 1 2 1 0 2 1 0 0 0 0 0 1 0 12 1 4 3 6 6 3 0 5 1 3 0 0 1 2 0
21510329 602 11 2 2 2 2 3 3 1 3 3 1 1 1 0 1 1 0 0 0 0 3 4 4 2 12 5 4 0 7 4 1 0 3 3 1 0 0 6 2
21510330 624 10 2 2 3 2 2 1 3 3 1 1 1 0 1 1 0 0 0 0 3 4 3 3 0 2 0 3 3 3 5 12 7 4 1 4 2 1 3
21510331 567 0 1 0 2 1 0 0 0 0 0 0 0 0 0 5 1 3 0 4 4 0 6 5 4 0 0 12 4
21510332 517 3 1 3 3 1 0 1 1 0 0 0 0 1 0 2 2 0 0 0 2 3 4 12 7 8 5 5 0 0 3 4
21510333 477 6 2 1 3 2 3 1 1 0 1 1 0 0 0 0 2 2 2 0 3 0 0 0 2 4 12 3 3 4 1 2 6 4 3
21510334 475 11 1 1 3 2 2 1 3 2 2 3 3 1 0 1 1 0 0 0 0 3 4 4 1 4 3 0 3 2 5 3 1 12 2 0 6 0 3 0
21510335 571 9 3 3 2 2 2 1 3 1 2 1 0 1 1 0 0 0 0 2 4 3 5 3 4 3 0 3 7 5 1 4 12 3 0 7 0 3
21510336 467 4 2 3 1 2 1 0 2 1 0 0 0 0 1 2 1 1 3 0 0 0 1 3 3 0 3 5 5 0 12 7 6
21510337 576 1 2 1 0 2 1 0 0 0 0 0 1 0 4 0 3 0 4 0 3 0 6 5 3 0 12 3 1 1
21510338 505 6 1 2 2 3 1 3 1 0 2 1 0 0 0 0 2 2 2 12 3 0 0 5 3 6 0 1 5 2 3 1 2 0 1
21510339 537 11 1 2 3 1 1 3 2 3 2 2 1 1 0 3 1 0 0 0 0 4 4 3 0 2 0 0 3 3 1 0 5 4 6 6 12 4 5 3
21510340 504 0 1 0 2 1 0 0 0 0 0 0 0 1 0 0 0 3 3 1 0 3 5 3 0 4 12 5 2
21510341 517 10 3 2 1 3 3 2 2 1 2 3 1 0 1 1 0 0 0 0 2 4 4 4 0 1 0 1 2 12 0 4 6 1 0 3 0 3 2
21510342 568 10 3 1 1 2 3 1 3 1 3 2 1 0 2 1 0 0 0 0 4 2 4 3 3 4 0 5 5 4 3 12 2 4 1 2 0 0 0
21510344 507 5 2 2 3 2 3 1 0 3 1 0 0 0 0 0 3 2 0 1 1 0 0 0 3 3 3 3 6 5 1 4 7 12
21510345 493 0 1 0 2 1 0 0 0 0 0 0 0 1 1 0 0 0 0 2 3 0 5 7 12 0 3 4 5
21510346 558 5 3 2 1 1 3 1 0 3 1 0 0 0 0 2 1 2 0 2 1 3 0 3 4 5 0 0 6 12 2 0 3 3
21510347 526 3 3 2 3 1 0 1 1 0 0 0 0 0 1 2 0 0 0 2 12 1 8 3 8 7 3 0 3 5 3 0
21510348 493 8 2 2 1 2 3 1 1 3 1 0 3 1 0 0 0 0 3 3 2 1 0 0 2 4 3 1 0 2 5 6 5 3 7 12 0
21510349 525 4 3 2 1 1 1 0 2 1 0 0 0 0 2 1 1 0 0 2 1 3 0 3 0 0 3 5 4 1 2 4 12
21510350 588 9 1 3 3 3 3 2 1 1 2 1 0 1 1 0 0 0 0 3 2 4 2 4 2 2 0 12 5 3 0 1 8 6 0 7 0 0
21510351 562 1 1 1 0 1 1 0 0 0 0 1 0 0 0 0 2 2 0 1 1 5 2 3 6 2 0 3 12 4
21510352 498 9 1 3 3 2 1 2 3 1 1 1 0 2 1 0 0 0 0 4 2 3 0 0 2 0 0 5 1 2 0 1 5 4 3 12 5 2
21510353 499 1 2 1 0 1 1 0 0 0 0 0 1 0 3 2 3 0 2 5 1 1 4 3 0 2 12 1 3 0
21510354 587 1 1 1 0 1 1 0 0 0 0 1 0 0 3 8 4 3 8 2 0 1 12 3 2 0 0 0 2 0
21510355 481 2 2 1 1 0 1 1 0 0 0 0 1 1 0 3 1 4 0 2 6 3 3 5 5 2 2 3 1 4 12
21510356 595 3 3 1 3 1 0 1 1 0 0 0 0 1 0 2 2 6 7 3 0 2 4 8 0 3 2 12 1 0 0 3
21510357 581 3 1 3 2 1 0 1 1 0 0 0 0 1 1 1 2 3 12 4 3 5 3 2 0 0 1 1 0 0 2 0
21510358 538 1 1 1 0 3 1 0 0 0 0 1 0 0 3 3 0 0 6 12 2 0 5 3 0 0 4 4 1 2
21510359 526 8 1 2 3 3 1 3 1 2 1 0 2 1 0 0 0 0 3 2 3 2 0 0 0 1 0 3 0 3 3 2 3 12 7 8 1
21510360 536 10 2 2 1 2 3 3 3 3 1 1 1 0 2 1 0 0 0 0 3 3 4 12 8 1 2 4 5 6 3 3 3 4 0 1 0 0 0
21510361 610 0 1 0 2 1 0 0 0 0 0 0 0 3 5 1 3 12 4 4 3 3 4 6 0 0 2 1 0
21510362 456 4 3 1 1 2 1 0 3 1 0 0 0 0 2 1 1 12 4 2 2 7 4 4 1 4 2 5 0 0 0 1 0
21510363 486 2 2 2 1 0 1 1 0 0 0 0 0 2 0 0 0 1 3 2 5 3 3 1 4 4 6 0 5 8 12
21510364 549 8 1 1 2 3 2 3 2 2 1 0 1 1 0 0 0 0 2 4 2 0 0 0 4 0 0 4 3 1 3 5 3 3 8 4 12
21510365 494 0 1 0 3 1 0 0 0 0 0 0 0 12 3 3 0 6 3 3 0 6 6 0 0 4 1 0 2
21510366 565 11 3 2 3 1 2 1 1 2 3 1 2 1 0 3 1 0 0 0 0 4 4 3 2 1 12 2 6 4 4 0 5 8 1 0 3 3 0 0
21510367 555 0 1 0 1 1 0 0 0 0 0 0 0 1 2 4 3 2 4 3 0 3 5 12 0 0 2 0 1
21510368 621 4 3 2 1 2 1 0 1 1 0 0 0 0 1 2 1 2 0 1 3 2 6 3 0 1 7 4 0 12 4 3 0
21510369 540 4 1 1 2 1 1 0 3 1 0 0 0 0 3 1 0 1 3 2 4 12 4 0 0 3 4 2 2 2 6 8 1
21510370 573 3 2 3 3 1 0 3 1 0 0 0 0 0 1 2 3 0 0 0 6 1 3 0 7 0 2 0 12 0 3 1
21510371 582 0 1 0 3 1 0 0 0 0 0 0 0 0 0 0 3 12 5 3 0 3 3 3 1 4 1 2 2
21510372 583 3 3 1 3 1 0 1 1 0 0 0 0 1 0 2 12 8 2 2 3 6 5 0 0 4 0 0 0 1 2 0
21510373 542 7 2 1 2 1 2 3 3 1 0 3 1 0 0 0 0 2 3 2 0 3 3 3 1 5 6 4 0 3 6 12 2 0 1 3
21510374 574 4 2 1 3 1 1 0 3 1 0 0 0 0 2 1 1 3 3 4 2 0 2 12 4 1 3 5 2 1 1 0 2
21510375 535 11 2 2 2 3 3 1 3 1 3 1 1 1 0 2 1 0 0 0 0 4 3 4 3 0 1 3 3 8 4 1 2 6 5 3 12 7 2 0
21510377 543 10 1 3 2 1 2 2 1 1 3 3 3 1 7 0.33333333333333331 8 0.33333333333333331 9 0.33333333333333331 4 3 3 0 0 3 0 12 7 2 0 1 6 6 3 1 2 3 2
21510378 524 9 2 1 2 3 2 2 1 1 3 1 0 3 1 0 0 0 0 3 4 2 12 2 2 0 3 5 7 1 3 6 4 3 4 1 1 0
21510379 551 5 1 3 2 1 1 1 0 1 1 0 0 0 0 3 1 1 12 5 3 0 3 4 3 2 4 0 5 2 2 0 0 0
21510380 553 10 1 1 3 3 1 2 2 2 2 3 1 0 1 1 0 0 0 0 3 4 3 3 3 3 4 1 3 5 6 0 2 3 12 0 0 4 3
21510381 601 4 1 2 2 1 1 0 1 1 0 0 0 0 2 2 0 0 4 3 0 1 3 2 0 0 5 3 0 2 8 12 3
21510382 508 6 3 2 3 1 2 1 1 0 1 1 0 0 0 0 2 2 2 2 4 3 12 0 3 5 3 0 5 1 3 0 0 0 2
21510383 497 10 1 1 2 3 3 3 2 3 2 1 1 0 1 1 0 0 0 0 3 3 4 0 0 0 1 0 5 2 3 0 0 4 6 2 3 3 12
21510384 515 5 2 2 3 3 3 1 0 2 1 0 0 0 0 0 2 3 4 6 8 1 2 4 12 1 0 1 0 3 0 0 1 0
21510385 562 8 3 2 1 1 2 3 3 2 1 0 1 1 0 0 0 0 2 3 3 0 3 4 4 0 0 1 8 1 3 2 12 0 0 0 2
21510386 535 8 1 2 2 1 1 1 3 2 1 0 2 1 0 0 0 0 4 3 1 3 0 1 5 0 0 12 4 3 2 3 4 0 0 5 3
21510387 579 0 1 0 3 1 0 0 0 0 0 0 0 3 4 2 1 4 4 6 3 12 5 4 0 0 0 7 0
21510388 543 9 1 2 3 2 1 3 3 3 1 1 0 2 1 0 0 0 0 3 2 4 1 0 0 0 3 2 5 3 12 4 1 0 6 4 3 2
21510389 577 9 1 3 2 1 2 3 2 2 3 1 0 1 1 0 0 0 0 2 4 3 0 1 0 0 0 0 3 4 3 2 1 5 0 4 4 12
21510391 545 9 1 2 3 3 2 1 3 2 3 1 0 1 1 0 0 0 0 2 3 4 3 12 1 2 3 4 1 3 3 6 2 2 1 0 0 0
21510392 510 0 3 1 7 0.33333333333333331 8 0.33333333333333331 9 0.33333333333333331 0 0 0 3 4 4 2 12 3 1 2 6 2 3 0 0 0 1 1
21510393 519 2 2 3 1 0 1 1 0 0 0 0 0 1 1 0 1 0 0 12 6 2 3 7 6 4 0 5 4 0 0
21510394 567 6 2 3 1 3 2 1 1 0 1 1 0 0 0 0 2 2 2 0 2 0 0 0 3 0 3 2 1 4 4 0 12 6 4
21510395 623 1 2 1 0 1 1 0 0 0 0 0 1 0 12 7 3 1 4 3 3 0 4 2 7 2 1 0 0 0
21510396 547 7 2 3 2 1 1 1 3 1 0 2 1 0 0 0 0 3 2 2 0 3 2 0 0 4 3 12 1 3 6 8 3 8 4 4
21510397 581 4 1 3 1 1 1 0 2 1 0 0 0 0 3 0 1 3 3 6 3 1 8 6 7 0 3 12 2 0 2 2 3
21510398 557 7 2 3 2 3 3 1 3 1 0 1 1 0 0 0 0 1 2 4 1 2 4 2 12 7 1 0 3 5 5 0 0 2 4 1
21510399 563 6 1 2 2 1 3 2 1 0 1 1 0 0 0 0 2 3 1 0 3 0 0 2 1 3 0 0 3 4 4 0 12 5 4
21510400 641 1 2 1 0 3 1 0 0 0 0 0 1 0 0 5 12 1 2 4 6 3 0 4 3 2 1 0 1 0
21510401 631 8 3 1 3 2 1 2 2 3 1 0 2 1 0 0 0 0 2 3 3 1 0 0 1 3 2 6 0 1 4 4 0 3 12 4 0
21510402 543 7 2 1 2 3 1 2 3 1 0 2 1 0 0 0 0 2 3 2 0 0 3 0 1 4 12 0 3 4 3 1 6 4 3 0
21510403 667 7 1 3 3 3 1 2 2 3 1 5 0.33333333333333331 6 0.33333333333333331 7 0.33333333333333331 2 2 3 0 3 9 12 2 0 4 4 0 1 1 3 0 0 2 3
21510404 585 9 2 1 1 1 2 2 3 3 2 1 0 3 1 0 0 0 0 3 4 2 0 0 6 1 0 2 4 4 0 4 3 1 8 12 5 3
21510405 559 9 2 1 2 3 1 3 3 2 2 1 0 3 1 0 0 0 0 2 4 3 0 0 2 1 0 5 3 4 3 5 5 12 1 4 1 3
21510406 496 8 3 1 2 2 1 3 2 2 1 0 3 1 0 0 0 0 2 4 2 3 1 0 0 12 4 3 1 6 3 1 0 3 2 0 0
21510407 542 3 3 2 1 1 0 3 1 0 0 0 0 1 1 1 6 3 12 0 3 5 2 0 3 4 0 0 2 1 0 1
21510408 521 9 2 1 3 2 1 2 3 2 3 1 0 1 1 0 0 0 0 2 4 3 3 0 3 4 1 2 5 0 3 3 12 0 4 0 1 0
21510409 504 5 2 1 3 2 1 1 0 3 1 0 0 0 0 2 2 1 12 7 5 0 4 4 2 0 2 4 0 1 0 0 0 1
21510410 627 8 3 1 2 2 1 2 1 2 1 0 3 1 0 0 0 0 3 4 1 0 0 0 3 0 2 3 12 0 4 6 1 1 3 4 4
21510411 563 1 1 1 0 1 1 0 0 0 0 1 0 0 1 12 5 4 2 5 2 3 0 2 2 3 0 1 0 0
21510412 530 2 3 1 1 0 2 1 0 0 0 0 1 0 1 3 0 3 2 0 1 1 2 0 4 4 1 0 12 3 2
21510413 559 9 2 1 2 3 1 3 2 3 3 1 0 1 1 0 0 0 0 2 3 4 0 1 0 0 0 2 4 2 1 1 5 3 2 3 6 12
21510414 505 2 1 3 1 0 1 1 0 0 0 0 1 0 1 12 4 2 0 4 3 3 0 2 6 0 0 2 0 0 1
21510415 532 4 1 2 1 3 1 0 1 1 0 0 0 0 2 1 1 3 12 2 4 0 6 3 2 0 2 4 1 0 0 8 3
21510416 596 3 1 2 3 1 0 3 1 0 0 0 0 1 1 1 12 6 5 0 4 6 5 0 2 6 1 1 3 0 6 2
21510417 592 11 2 1 3 2 1 3 2 3 1 1 2 1 0 3 1 0 0 0 0 4 4 3 2 3 12 3 2 4 3 1 1 4 1 0 0 0 2 0
21510418 560 3 1 1 3 1 0 2 1 0 0 0 0 2 0 1 0 0 12 5 6 0 4 2 0 3 3 5 0 0 2 1
21510419 528 10 2 2 2 3 1 1 3 2 1 1 1 0 3 1 0 0 0 0 4 4 2 0 1 0 3 0 4 2 0 0 6 5 12 3 5 4 4
21510420 552 0 1 0 1 1 0 0 0 0 0 0 0 12 7 4 0 5 4 2 0 4 2 0 0 3 0 3 1
21510421 494 9 3 2 1 2 2 1 1 3 3 1 0 3 1 0 0 0 0 3 3 3 0 3 3 12 2 0 4 8 0 3 5 7 0 0 3 1
21510422 586 6 1 3 1 1 2 3 1 0 2 1 0 0 0 0 3 1 2 3 3 2 3 0 1 3 5 0 0 6 12 2 0 4 0
21510423 549 6 2 3 2 1 2 3 1 0 2 1 0 0 0 0 1 3 2 1 3 0 1 0 4 2 0 1 4 6 0 1 4 12 0
21510424 575 0 1 0 1 1 0 0 0 0 0 0 0 1 1 2 5 0 0 6 8 0 2 4 12 0 3 4 2
21510425 550 1 3 1 0 2 1 0 0 0 0 0 0 1 0 0 3 0 4 3 0 0 12 4 2 3 6 4 1 1
21510426 565 10 1 1 2 3 1 3 3 2 1 2 1 0 3 1 0 0 0 0 4 3 3 12 5 4 2 3 5 1 3 3 1 3 2 2 0 0 0
21510427 563 0 1 0 2 1 0 0 0 0 0 0 0 1 1 0 0 12 4 3 0 7 3 0 3 4 3 2 0
21510428 550 8 2 3 1 3 2 2 1 3 1 0 1 1 0 0 0 0 2 3 3 12 4 1 0 4 5 3 2 4 2 0 0 0 3 0 1
21510429 555 5 3 1 2 2 2 1 0 3 1 0 0 0 0 1 3 1 1 0 0 0 12 4 0 0 5 4 0 0 1 4 1 2
21510430 609 10 2 3 3 2 1 3 1 3 1 2 1 0 2 1 0 0 0 0 3 3 4 12 3 3 0 3 6 3 0 3 5 2 0 4 1 0 1
21510431 597 3 1 2 3 1 0 3 1 0 0 0 0 1 1 1 0 12 5 2 1 5 2 3 2 3 0 1 0 0 0 1
21510432 583 8 3 3 3 2 1 2 3 2 1 0 1 1 0 0 0 0 1 3 4 2 3 2 1 3 1 5 1 4 3 4 0 12 8 4 0
21510433 516 9 1 2 3 3 2 3 1 2 1 1 0 2 1 0 0 0 0 3 3 3 3 4 3 3 1 6 0 0 12 2 1 0 0 3 0 0
21510434 471 0 1 0 1 1 0 0 0 0 0 0 0 0 0 1 2 2 0 2 0 8 5 4 1 12 4 3 0
21510435 538 8 2 3 3 2 1 2 1 1 1 0 1 1 0 0 0 0 3 3 2 12 4 3 0 6 5 1 0 3 2 4 0 0 0 3 2
21510436 565 11 3 1 3 3 1 1 1 2 2 2 2 1 0 3 1 0 0 0 0 4 4 3 0 2 0 0 12 4 1 0 5 5 1 0 2 1 3 2
21510437 618 7 3 2 1 3 2 1 1 1 0 1 1 0 0 0 0 3 2 2 0 0 3 3 2 4 3 4 2 0 3 4 0 0 6 12
21510438 532 2 2 2 1 0 1 1 0 0 0 0 0 2 0 0 3 0 7 3 5 12 1 4 3 5 0 3 6 3 3
21510439 440 9 3 2 1 1 2 3 1 1 2 1 0 3 1 0 0 0 0 4 3 2 0 3 0 3 12 7 4 0 1 6 4 5 3 2 3 2
21510441 585 5 2 3 2 1 2 1 0 1 1 0 0 0 0 1 3 1 0 2 6 1 0 2 4 5 1 4 7 12 1 3 3 0
21510443 599 1 3 1 0 2 1 0 0 0 0 0 0 1 0 0 1 0 0 0 12 2 6 5 1 3 3 3 3 3
21510444 454 1 1 1 0 3 1 0 0 0 0 1 0 0 0 0 2 3 0 0 4 1 0 0 5 4 2 5 6 12
21510445 550 2 3 3 1 0 2 1 0 0 0 0 0 0 2 12 3 1 2 6 4 0 0 3 1 1 0 2 0 3 0
21510446 544 9 3 3 2 2 3 3 1 1 2 1 0 1 1 0 0 0 0 2 3 4 0 0 2 1 5 0 1 3 6 4 2 1 2 5 12 3
21510447 522 3 3 1 2 1 0 1 1 0 0 0 0 1 1 1 3 5 4 0 8 5 0 2 12 1 3 0 2 4 0 0
21510448 535 8 1 3 3 1 1 1 3 2 1 0 3 1 0 0 0 0 4 1 3 0 0 2 0 1 4 3 0 3 2 3 0 12 5 2 2
21510449 587 7 2 1 3 3 2 1 2 1 0 1 1 0 0 0 0 2 3 2 3 1 0 0 3 2 5 3 4 7 4 8 3 12 4 0
21510450 556 11 2 2 1 3 3 3 3 1 2 2 1 1 0 1 1 0 0 0 0 3 4 4 12 1 0 2 6 4 0 0 1 3 4 3 0 2 0 0
21510451 588 5 2 1 1 1 2 1 0 2 1 0 0 0 0 3 2 0 0 3 6 3 0 1 4 3 0 0 3 8 3 3 2 12
21510452 533 2 1 3 3 1 5 0.33333333333333331 6 0.33333333333333331 7 0.33333333333333331 1 0 1 2 12 2 4 0 1 6 4 0 3 5 4 0 0 3 3
21510453 593 6 2 3 2 1 1 2 1 0 3 1 0 0 0 0 2 3 1 0 1 1 2 3 2 5 3 0 3 1 3 0 12 5 3
21510454 574 0 1 0 3 1 0 0 0 0 0 0 0 0 2 2 1 0 4 3 6 1 12 7 3 0 7 3 0
21510455 523 7 3 2 1 2 3 2 1 1 0 3 1 0 0 0 0 2 3 2 1 0 1 3 0 3 3 6 0 2 4 3 0 12 4 3
21510456 416 11 1 2 1 3 2 2 2 3 1 3 1 1 0 3 1 0 0 0 0 4 4 3 3 0 2 0 2 0 4 3 0 5 6 4 0 1 1 12
21510457 490 3 3 2 1 1 0 1 1 0 0 0 0 1 1 1 4 3 1 0 3 5 2 3 12 4 1 2 2 4 4 0
21510458 563 11 3 3 1 2 3 3 1 2 1 2 2 1 0 1 1 0 0 0 0 3 4 4 3 1 6 2 12 3 0 3 2 6 0 0 1 3 0 0
21510459 537 3 3 3 2 1 0 1 1 0 0 0 0 0 1 2 3 3 7 12 1 3 1 4 0 2 3 3 0 2 0 0
21510460 543 11 1 1 1 1 3 2 2 3 2 3 3 1 0 2 1 0 0 0 0 4 3 4 4 4 0 0 2 6 3 1 2 12 0 3 1 3 3 0
21510461 524 4 3 2 2 1 1 0 2 1 0 0 0 0 1 2 1 0 1 3 12 3 5 6 5 0 1 1 4 3 0 2 6
21510462 588 3 2 1 2 1 0 2 1 0 0 0 0 1 2 0 0 1 0 0 0 2 0 3 3 5 12 1 1 5 4 4
21510463 483 11 1 2 1 1 1 2 3 3 3 2 2 1 0 3 1 0 0 0 0 4 4 3 4 3 0 0 5 2 3 0 12 4 1 1 2 0 0 0
21510464 490 5 2 2 1 1 2 1 0 3 1 0 0 0 0 2 3 0 0 7 12 3 3 3 7 3 1 6 6 0 0 3 3 0
21510465 638 11 2 1 2 1 3 2 3 2 3 1 3 1 0 1 1 0 0 0 0 3 4 4 3 0 4 0 2 4 6 2 0 0 1 12 0 1 3 4
21510467 506 3 3 1 1 1 0 1 1 0 0 0 0 2 0 1 0 4 7 12 7 4 5 2 2 3 6 3 3 1 2 2
21510468 486 5 2 2 3 1 1 1 0 2 1 0 0 0 0 2 2 1 0 1 5 5 3 2 6 1 0 2 0 12 1 3 0 0
21510469 560 7 3 1 1 1 1 3 2 1 0 3 1 0 0 0 0 4 1 2 4 7 12 7 3 5 6 0 2 4 6 0 2 2 0 0
21510470 593 5 2 2 2 1 1 1 0 1 1 0 0 0 0 2 3 0 3 12 4 2 0 4 6 1 0 4 2 3 0 1 3 0
21510471 601 3 3 1 2 3 1 7 0.33333333333333331 8 0.33333333333333331 9 0.33333333333333331 1 1 1 0 0 3 1 12 3 2 0 8 0 3 0 5 4 0 0
21510472 648 9 3 1 2 3 3 2 2 1 1 1 0 3 1 0 0 0 0 3 3 3 0 0 0 2 0 3 4 4 0 2 3 12 1 3 4 1
21510473 534 6 2 3 2 3 1 2 1 0 3 1 0 0 0 0 1 3 2 0 3 2 12 0 3 5 4 1 0 4 4 0 1 1 3
21510474 613 2 2 2 1 0 1 1 0 0 0 0 0 2 0 0 0 0 6 3 3 5 12 0 5 5 3 0 1 0 3
21510475 544 8 1 3 2 1 3 3 2 2 1 0 3 1 0 0 0 0 2 3 3 0 1 5 12 0 3 4 3 2 1 3 2 0 1 0 0
21510476 530 3 1 2 1 1 0 3 1 0 0 0 0 2 1 0 0 2 1 0 12 7 4 2 1 5 5 3 4 2 0 0
21510477 521 11 2 2 3 1 1 2 3 1 3 2 3 1 0 1 1 0 0 0 0 3 4 4 0 1 2 0 0 0 3 1 1 2 6 4 0 12 4 2
21510478 543 9 1 1 2 3 3 1 1 2 2 1 0 3 1 0 0 0 0 4 3 2 0 0 2 0 1 5 4 0 2 4 12 0 0 3 3 6
21510479 583 11 3 1 1 2 2 3 3 1 1 3 2 1 0 2 1 0 0 0 0 4 3 4 2 1 0 1 5 5 0 0 3 7 2 3 12 4 5 0
21510480 450 7 2 3 1 3 3 1 1 1 0 2 1 0 0 0 0 3 1 3 0 0 3 3 0 2 2 0 2 1 5 1 0 3 3 12
21510481 537 0 1 0 1 1 0 0 0 0 0 0 0 3 12 3 2 0 3 5 4 0 4 3 4 0 0 0 3
21510482 498 8 2 2 3 3 1 1 1 3 1 0 2 1 0 0 0 0 3 2 3 0 1 0 4 1 3 6 3 2 0 4 12 0 3 2 3
21510483 596 4 3 2 3 2 1 0 3 1 0 0 0 0 0 2 2 0 0 0 2 0 4 1 1 0 2 4 3 1 1 12 5
21510484 559 9 2 2 3 3 2 1 2 3 1 1 0 3 1 0 0 0 0 2 4 3 1 4 0 0 4 5 0 0 1 4 0 0 12 2 3 1
21510485 505 10 1 1 3 3 1 3 2 3 2 2 1 0 1 1 0 0 0 0 3 3 4 0 0 1 2 3 2 3 0 3 5 1 0 12 5 3 2
21510486 559 8 1 2 1 3 1 3 3 2 1 0 2 1 0 0 0 0 3 2 3 0 2 0 3 1 3 7 1 0 0 5 3 0 2 3 12
21510487 553 0 1 0 3 1 0 0 0 0 0 0 0 0 0 2 1 12 3 2 3 6 3 4 0 1 2 3 1
21510488 559 1 1 1 0 3 1 0 0 0 0 1 0 0 0 0 5 0 6 4 12 3 0 4 3 3 2 1 2 6
21510489 531 5 1 2 2 2 3 1 0 3 1 0 0 0 0 1 3 1 0 0 1 0 2 0 3 3 1 1 6 3 0 3 6 12
21510491 493 5 1 1 2 3 2 1 0 3 1 0 0 0 0 2 2 1 0 0 0 3 2 4 3 12 0 1 0 5 0 0 3 4
21510492 544 10 2 3 1 2 1 3 2 3 1 3 3 1 6 0.33333333333333331 7 0.33333333333333331 8 0.33333333333333331 3 3 4 2 3 12 1 1 6 5 4 0 5 1 4 5 2 3 2
21510493 566 6 2 2 3 3 2 2 1 0 1 1 0 0 0 0 0 4 2 12 3 1 3 7 6 4 3 5 3 5 0 0 1 1 6
21510494 534 6 1 1 2 2 1 3 1 0 3 1 0 0 0 0 3 2 1 0 3 4 3 2 6 5 7 0 12 7 3 3 0 2 1
21510495 530 4 2 1 2 3 1 0 1 1 0 0 0 0 1 2 1 12 4 3 3 7 4 0 1 6 3 2 0 0 0 0 3
21510496 492 3 1 2 2 1 0 3 1 0 0 0 0 1 2 0 8 0 0 3 5 1 0 0 3 3 3 1 4 12 2 0
21510497 539 5 3 3 1 3 1 1 0 1 1 0 0 0 0 2 0 3 0 2 0 0 1 2 0 0 4 3 2 2 12 7 6 0
21510498 601 4 1 2 3 3 1 0 3 1 0 0 0 0 1 1 2 4 8 12 2 2 6 1 0 0 4 6 0 1 0 0 0
21510499 505 5 3 3 1 1 2 1 0 1 1 0 0 0 0 2 1 2 2 6 0 0 3 4 0 0 3 4 3 0 4 7 12 2
21510500 573 7 2 2 1 1 2 1 3 1 0 1 1 0 0 0 0 3 3 1 0 2 4 12 3 4 6 4 0 0 0 3 0 0 4 3
21510501 575 2 2 1 1 0 3 1 0 0 0 0 1 1 0 0 2 1 12 3 4 6 7 0 3 7 6 2 0 1 0
21510502 586 3 2 1 3 1 0 1 1 0 0 0 0 1 1 1 0 4 3 3 1 4 3 7 0 2 2 12 0 0 3 0
21510503 476 2 1 2 1 0 1 1 0 0 0 0 1 1 0 1 1 2 0 12 3 2 3 6 4 0 0 4 2 0 0
21510504 493 0 1 0 2 1 0 0 0 0 0 0 0 0 0 2 0 0 3 1 1 3 6 6 1 0 12 3 2
21510506 582 3 3 2 1 1 0 3 1 0 0 0 0 1 1 1 12 6 1 0 4 4 4 0 4 0 3 0 2 1 0 2
21510507 471 0 1 0 2 1 0 0 0 0 0 0 0 2 12 3 1 4 5 2 1 3 3 4 0 4 1 0 0
21510508 536 0 1 0 3 1 0 0 0 0 0 0 0 1 3 1 2 0 5 1 2 0 4 4 12 0 3 2 0
21510509 519 1 2 1 0 2 1 0 0 0 0 0 1 0 0 0 1 3 1 6 3 0 1 5 3 0 12 5 2 0
21510510 565 0 3 1 5 0.33333333333333331 6 0.33333333333333331 7 0.33333333333333331 0 0 0 1 4 6 12 0 2 3 5 0 0 3 8 0 0 3 0
21510511 619 4 1 2 3 1 1 0 1 1 0 0 0 0 2 1 1 0 0 2 2 0 3 4 5 0 3 5 7 3 3 4 12
21510512 465 11 1 1 2 2 1 1 2 3 2 3 3 1 0 3 1 0 0 0 0 4 4 3 12 1 3 2 5 7 1 0 3 4 0 0 0 0 2 0
21510513 564 3 2 1 3 1 0 3 1 0 0 0 0 1 1 1 12 7 3 3 1 5 3 5 5 4 3 0 2 0 0 0
21510514 598 1 2 1 0 1 1 0 0 0 0 0 1 0 0 1 0 0 2 4 3 0 1 3 5 2 4 12 3 0
21510515 617 10 2 3 3 3 2 2 3 2 1 1 1 0 1 1 0 0 0 0 2 4 4 0 0 1 0 0 0 3 5 6 4 5 7 2 7 1 12
21510516 683 10 3 1 2 1 3 2 1 1 3 2 1 0 2 1 0 0 0 0 4 3 3 0 2 4 4 3 2 4 1 0 5 1 12 0 0 0 5
21510517 597 2 2 1 1 0 1 1 0 0 0 0 1 1 0 12 4 3 0 7 4 0 0 2 5 4 0 3 3 0 3
21510518 595 5 2 2 1 3 2 1 0 2 1 0 0 0 0 1 3 1 3 1 3 1 5 1 3 0 12 4 3 3 3 3 0 0
21510519 639 6 3 3 1 1 3 2 1 0 2 1 0 0 0 0 2 1 3 0 0 2 0 6 3 0 3 7 4 0 0 12 8 1 0
21510520 526 9 3 2 1 1 3 2 2 3 2 1 0 1 1 0 0 0 0 2 4 3 1 2 1 0 0 2 1 3 4 3 4 0 12 7 3 0
21510521 500 4 3 2 2 2 1 0 1 1 0 0 0 0 0 3 1 12 3 1 4 8 3 5 1 3 4 0 2 0 1 0 0
21510523 516 7 1 1 3 2 2 1 3 1 0 3 1 0 0 0 0 3 2 2 1 2 0 0 4 1 3 1 2 2 4 2 12 3 3 0
21510524 571 7 2 3 3 1 1 2 3 1 0 1 1 0 0 0 0 2 2 3 3 3 0 0 2 4 5 12 2 3 5 8 0 1 3 3
21510525 594 7 3 3 1 3 2 2 3 1 0 2 1 0 0 0 0 1 2 4 0 5 3 4 5 7 6 5 1 3 3 12 0 1 0 0
21510527 588 6 2 3 1 3 3 2 1 0 2 1 0 0 0 0 1 2 3 3 4 7 12 0 3 0 4 0 0 0 1 1 0 0 0
21510528 639 8 3 1 2 1 3 1 3 2 1 0 1 1 0 0 0 0 3 2 3 3 6 12 0 4 3 3 3 2 7 3 0 2 7 0 0
21510529 576 5 3 2 3 3 2 3 1 7 0.33333333333333331 8 0.33333333333333331 9 0.33333333333333331 0 2 3 0 7 5 1 0 1 5 2 1 12 3 2 0 3 3 1
21510530 450 10 2 1 2 3 3 1 2 3 1 3 3 1 5 0.33333333333333331 6 0.33333333333333331 7 0.33333333333333331 3 3 4 0 4 4 1 0 5 12 2 3 4 1 3 1 2 7 2
21510531 558 6 3 2 2 3 1 1 1 0 3 1 0 0 0 0 2 2 2 2 0 3 0 2 1 1 0 3 0 7 2 1 6 12 8
21510533 642 2 3 3 1 0 2 1 0 0 0 0 0 0 2 0 0 0 1 4 4 3 2 1 5 5 0 12 7 3 0
21510534 534 3 3 1 3 1 0 1 1 0 0 0 0 1 0 2 1 12 3 2 0 2 5 5 0 2 6 3 0 2 1 0
21510535 583 6 1 1 2 3 3 2 3 1 4 0.33333333333333331 5 0.33333333333333331 6 0.33333333333333331 2 2 2 0 3 1 0 0 3 5 12 0 2 3 5 1 1 2 2
21510536 512 4 1 1 2 2 1 0 3 1 0 0 0 0 2 2 0 0 0 0 1 1 2 3 5 0 5 6 5 0 4 2 12
21510537 518 8 3 3 1 3 2 1 1 3 1 0 2 1 0 0 0 0 3 1 4 12 2 2 1 5 5 0 0 5 1 8 2 0 1 0 2
21510538 605 5 3 1 2 3 1 1 0 2 1 0 0 0 0 2 1 2 0 1 3 1 0 4 5 2 2 2 5 3 0 12 1 3
21510539 554 8 1 2 2 1 3 1 3 3 1 0 2 1 0 0 0 0 3 2 3 0 1 3 0 0 4 6 0 0 4 5 5 2 12 7 5
21510540 543 0 1 0 1 1 0 0 0 0 0 0 0 0 3 0 0 12 4 4 3 2 4 5 0 4 8 3 0
21510541 563 7 2 1 1 1 1 3 2 1 0 3 1 0 0 0 0 4 2 1 4 4 2 0 12 7 4 2 7 3 0 0 0 0 0 3
21510542 548 2 3 2 1 0 2 1 0 0 0 0 0 1 1 1 3 0 0 0 7 0 3 12 3 5 3 5 1 2 1
21510543 510 5 1 3 2 1 2 1 0 3 1 0 0 0 0 2 2 1 2 0 0 1 6 12 3 1 4 4 0 0 2 3 0 0
21510545 507 7 2 3 1 2 1 3 2 1 0 1 1 0 0 0 0 2 3 2 0 1 0 0 12 4 3 2 4 1 5 2 3 3 4 5
21510546 557 10 2 1 2 3 3 1 1 3 3 2 1 0 2 1 0 0 0 0 3 3 4 2 5 1 3 1 1 3 12 2 4 3 2 0 0 1 5
21510547 517 9 2 1 2 3 1 3 2 3 1 1 0 3 1 0 0 0 0 3 3 3 12 3 1 0 3 8 6 1 3 4 2 5 5 0 2 0
21510548 497 0 1 0 3 1 0 0 0 0 0 0 0 0 0 2 0 3 1 4 3 3 6 6 2 0 4 1 12
21510549 525 2 3 1 1 0 1 1 0 0 0 0 1 0 1 0 0 0 3 0 0 0 4 2 2 4 4 0 12 6 5
21510550 572 7 1 2 3 2 1 2 1 1 0 3 1 0 0 0 0 3 3 1 1 3 12 0 3 3 2 1 4 5 3 0 3 0 2 0
21510551 475 7 1 2 3 3 3 1 2 1 0 3 1 0 0 0 0 2 2 3 4 5 12 2 4 3 1 0 5 4 2 0 3 1 0 0
21510552 534 9 2 3 3 1 3 1 3 2 2 1 0 2 1 0 0 0 0 2 3 4 0 12 7 1 2 5 4 3 1 3 3 4 0 1 0 0
21510553 511 8 2 1 1 3 3 1 2 3 1 0 2 1 0 0 0 0 3 2 3 3 1 0 0 1 5 1 3 2 4 2 2 4 12 2 1
21510554 537 2 3 2 1 0 1 1 0 0 0 0 0 1 1 12 7 4 3 3 5 6 0 3 3 3 3 3 1 2 0
21510555 488 7 2 3 1 3 1 3 3 1 0 2 1 0 0 0 0 2 1 4 0 2 0 1 3 3 2 0 7 5 4 2 12 1 3 1
21510556 525 8 2 1 1 3 1 2 2 3 1 0 1 1 0 0 0 0 3 3 2 2 1 3 12 2 4 7 2 0 1 4 4 0 0 3 0
21510557 620 3 2 2 3 1 0 3 1 0 0 0 0 0 2 1 3 0 0 0 1 1 0 2 4 5 0 0 7 12 4 1
21510558 577 0 1 0 2 1 0 0 0 0 0 0 0 0 3 0 3 1 4 3 4 3 12 5 4 0 0 0 3
21510559 544 11 1 3 2 3 3 1 1 2 1 2 3 1 0 2 1 0 0 0 0 4 3 4 12 3 3 2 5 6 1 0 3 3 0 0 0 1 2 0
21510560 534 11 1 3 2 2 1 1 3 3 2 1 3 1 0 2 1 0 0 0 0 4 3 4 0 3 4 12 3 2 5 7 0 0 4 6 1 1 0 2
21510561 524 1 2 1 0 1 1 0 0 0 0 0 1 0 1 0 2 12 0 3 4 1 3 2 5 4 0 0 0 3
21510562 438 9 3 1 2 2 1 2 1 3 2 1 0 1 1 0 0 0 0 3 4 2 3 0 3 3 4 3 2 5 0 1 12 4 0 4 3 4
21510563 555 8 3 1 1 3 1 2 3 2 1 0 1 1 0 0 0 0 3 2 3 0 2 2 0 2 4 3 1 0 4 5 3 0 12 5 4
21510564 534 7 1 3 3 2 1 2 3 1 0 2 1 0 0 0 0 2 2 3 12 4 2 2 7 4 1 1 4 3 1 0 0 0 3 0
21510565 518 0 1 0 3 1 0 0 0 0 0 0 0 4 1 3 2 3 2 4 1 12 2 4 0 0 0 1 0
21510566 531 0 1 0 1 1 0 0 0 0 0 0 0 12 2 5 2 4 7 5 1 3 5 4 0 0 0 3 0
21510567 430 7 3 1 2 1 1 3 3 1 0 2 1 0 0 0 0 3 1 3 12 7 2 0 4 3 0 3 3 6 4 0 1 0 2 0
21510568 600 0 1 0 1 1 0 0 0 0 0 0 0 0 2 0 3 1 3 3 0 2 5 7 12 0 3 3 3
21510569 566 10 2 1 3 2 2 1 2 1 3 3 1 0 1 1 0 0 0 0 3 4 3 3 0 0 0 0 0 3 0 0 1 5 4 2 5 6 12
21510570 551 3 3 1 2 1 0 2 1 0 0 0 0 1 1 1 3 4 5 12 0 3 6 7 0 0 5 5 0 3 1 0
21510571 560 11 2 3 2 2 3 1 1 3 1 1 3 1 0 2 1 0 0 0 0 4 3 4 0 0 1 0 2 1 0 0 5 6 0 0 12 3 2 3
21510572 629 7 2 1 3 2 1 3 2 1 0 2 1 0 0 0 0 2 3 2 1 1 4 0 3 5 2 0 1 1 4 0 12 4 2 3
21510573 499 9 3 2 1 3 2 2 1 1 1 3 1 5 0.33333333333333331 6 0.33333333333333331 7 0.33333333333333331 4 3 2 12 3 0 3 7 3 0 0 4 5 2 0 0 3 0 0
21510574 513 8 1 3 1 3 2 1 2 3 1 0 3 1 0 0 0 0 3 2 3 12 7 5 0 4 5 2 2 2 1 3 0 0 1 0 0
21510575 523 10 3 3 2 3 1 2 2 2 1 3 1 0 1 1 0 0 0 0 2 4 4 3 0 1 0 1 12 6 3 4 6 7 0 3 4 0 2
21510576 628 3 2 3 2 1 0 3 1 0 0 0 0 0 2 1 0 1 3 12 3 2 6 8 3 4 1 3 3 1 0 0
21510577 536 3 2 1 3 1 0 2 1 0 0 0 0 1 1 1 12 7 8 4 1 5 4 0 3 4 3 0 0 2 0 1
21510578 584 11 1 2 3 1 1 2 3 3 2 2 3 1 0 1 1 0 0 0 0 3 4 4 8 1 5 0 6 4 5 3 12 6 2 0 3 4 1 2
21510579 529 0 1 0 1 1 0 0 0 0 0 0 0 3 0 0 0 12 4 2 1 3 3 4 0 4 3 2 0
21510580 569 11 1 2 2 3 2 3 2 3 3 1 1 3 1 7 0.33333333333333331 8 0.33333333333333331 9 0.33333333333333331 3 4 4 0 0 3 0 0 1 2 0 3 5 3 0 4 7 12 1
21510581 631 11 2 1 3 3 2 1 1 3 3 2 2 1 0 1 1 0 0 0 0 3 4 4 0 0 1 0 0 3 4 0 8 5 3 0 4 3 12 2
21510582 568 10 1 2 2 3 3 2 1 3 3 2 1 0 1 1 0 0 0 0 2 4 4 1 0 3 0 3 0 2 3 1 3 5 7 0 3 4 12
21510583 608 8 1 3 1 2 2 2 3 1 1 0 3 1 0 0 0 0 3 3 2 3 0 1 1 2 3 6 5 2 3 4 5 0 0 3 12
21510584 539 7 3 2 1 1 2 1 1 1 0 3 1 0 0 0 0 4 2 1 7 3 0 0 12 4 4 6 2 3 3 6 2 2 1 0
21510587 551 6 1 3 1 1 2 1 1 0 3 1 0 0 0 0 4 1 1 0 0 3 7 2 6 3 4 0 3 4 12 2 3 6 2
21510588 562 6 2 1 2 1 1 3 1 0 3 1 0 0 0 0 3 2 1 4 5 12 7 2 3 4 0 0 1 0 2 0 3 0 0
21510589 549 6 2 3 3 1 1 1 1 0 1 1 0 0 0 0 3 1 2 2 3 0 0 3 5 0 0 3 4 7 2 4 3 12 2
21510590 511 7 2 3 1 1 2 1 1 1 0 2 1 0 0 0 0 4 2 1 0 3 0 0 2 3 0 0 2 7 3 3 4 1 12 0
21510591 544 9 3 3 3 1 3 1 2 1 1 1 0 2 1 0 0 0 0 4 1 4 2 0 0 0 2 3 1 0 3 6 0 2 12 4 3 4
21510592 562 2 1 3 1 0 1 1 0 0 0 0 1 0 1 0 0 0 3 4 3 0 0 2 4 2 0 12 6 7 3
21510593 566 6 2 2 2 1 1 3 1 0 3 1 0 0 0 0 2 3 1 3 0 1 0 0 1 3 2 0 4 6 4 0 4 4 12
21510594 499 0 1 0 3 1 0 0 0 0 0 0 0 12 7 5 0 5 3 3 3 1 4 2 0 0 2 0 1
21510595 587 2 3 3 1 0 2 1 0 0 0 0 0 0 2 0 2 0 0 0 1 3 1 5 4 4 4 3 7 7 12
21510596 515 3 3 1 3 1 0 2 1 0 0 0 0 1 0 2 12 2 0 1 1 5 3 4 5 4 3 0 3 2 0 0
21510597 598 11 2 2 3 1 2 3 3 1 1 2 3 1 0 1 1 0 0 0 0 3 4 4 0 7 4 12 0 2 4 6 0 3 1 3 3 2 1 3
21510598 559 2 3 2 1 0 2 1 0 0 0 0 0 1 1 3 0 1 0 1 3 2 3 4 12 1 0 5 4 0 3
21510600 568 8 3 3 1 1 2 1 2 1 1 0 3 1 0 0 0 0 4 2 2 4 12 2 3 3 4 3 0 2 5 3 2 0 1 0 0
21510601 587 7 2 2 1 1 3 3 2 1 0 2 1 0 0 0 0 2 3 2 0 0 7 0 3 4 6 12 3 5 4 1 0 1 3 3
21510602 569 6 2 1 3 3 1 2 1 0 3 1 0 0 0 0 2 2 2 6 1 1 3 0 5 4 3 0 2 12 4 2 3 4 4
21510603 591 2 3 3 1 0 1 1 0 0 0 0 0 0 2 3 3 0 0 4 5 1 0 3 7 2 2 3 4 12 0
21510604 538 5 3 3 1 1 1 1 0 3 1 0 0 0 0 3 0 2 12 4 4 2 7 5 0 0 1 4 2 2 0 3 2 0
21510605 539 5 1 1 2 3 1 1 0 3 1 0 0 0 0 3 1 1 3 1 0 0 2 7 2 0 4 3 3 0 12 6 3 2
21510606 562 11 1 3 2 3 1 3 2 2 1 3 2 3 1 6 0.33333333333333331 7 0.33333333333333331 8 0.33333333333333331 3 4 4 4 1 1 1 7 6 3 2 12 2 0 0 3 0 0 0
21510607 535 9 1 2 3 3 3 3 2 1 1 1 0 2 1 0 0 0 0 3 2 4 12 3 7 2 2 7 4 1 1 6 3 0 1 6 2 0
21510608 536 10 1 1 3 2 3 2 2 3 1 1 1 0 2 1 0 0 0 0 4 3 3 0 0 3 3 2 4 7 12 3 1 4 4 0 4 1 2
21510609 572 0 1 0 3 1 0 0 0 0 0 0 0 0 3 0 6 12 5 6 0 7 5 3 0 3 3 3 0
21510610 606 4 1 1 3 3 1 0 2 1 0 0 0 0 2 0 2 0 0 0 2 12 4 1 3 7 5 4 2 6 3 3 0
21510611 540 4 1 3 3 2 1 0 3 1 0 0 0 0 1 1 2 1 0 4 0 0 0 5 6 0 2 4 4 2 4 1 12
21510612 587 4 3 3 1 2 1 0 1 1 0 0 0 0 1 1 2 0 0 2 0 0 4 0 1 2 4 12 1 0 4 5 2
21510613 586 4 3 3 1 3 1 0 2 1 0 0 0 0 1 0 3 12 3 3 0 2 7 3 1 3 4 5 6 3 0 4 0
21510614 547 5 2 2 1 3 2 1 0 2 1 0 0 0 0 1 3 1 3 4 3 1 3 5 3 4 4 3 12 0 1 0 0 1
21510615 546 0 1 0 2 1 0 0 0 0 0 0 0 2 5 12 0 4 4 3 1 1 3 0 0 0 0 5 0
21510616 450 8 2 3 1 2 2 3 1 2 1 0 3 1 0 0 0 0 2 4 2 0 0 0 1 4 3 3 1 5 5 0 0 12 3 4 0
21510617 496 10 1 2 1 3 3 1 3 2 2 2 1 0 1 1 0 0 0 0 3 4 3 0 3 0 0 2 2 1 3 0 1 3 3 3 5 5 12
21510619 521 10 1 1 3 3 3 2 2 1 2 3 1 0 1 1 0 0 0 0 3 3 4 3 0 0 2 2 5 3 1 3 5 0 0 12 6 5 0
21510620 547 11 3 1 2 1 2 1 1 2 3 3 2 1 0 3 1 0 0 0 0 4 4 3 0 1 3 3 0 3 5 4 2 3 4 12 0 2 1 0
21510621 651 4 1 3 2 2 1 0 1 1 0 0 0 0 1 2 1 3 3 0 0 6 6 1 2 12 1 3 0 0 0 2 0
21510622 568 1 2 1 0 3 1 0 0 0 0 0 1 0 0 0 1 0 1 0 3 12 0 6 4 5 2 5 3 3
21510623 526 5 2 2 3 1 2 1 0 3 1 0 0 0 0 1 3 1 4 1 3 1 2 6 3 1 3 6 2 12 0 1 5 0
21510624 552 1 2 1 0 3 1 0 0 0 0 0 1 0 12 3 6 1 3 4 5 1 0 4 2 0 0 0 3 0
21510625 483 3 3 1 3 1 0 3 1 0 0 0 0 1 0 2 5 3 2 3 0 3 3 5 2 3 4 3 1 2 12 1
21510626 570 4 3 1 3 3 1 0 2 1 0 0 0 0 1 0 3 3 4 12 2 2 3 5 1 3 1 1 0 0 0 2 0
21510627 518 0 1 0 3 1 0 0 0 0 0 0 0 0 0 0 4 0 2 6 4 1 0 1 5 0 2 3 12
21510628 566 10 1 2 3 1 2 2 3 3 3 2 1 0 1 1 0 0 0 0 2 4 4 1 3 3 0 3 5 2 0 12 5 2 1 3 1 0 0
21510629 568 11 1 2 2 3 2 1 3 3 2 3 1 1 0 1 1 0 0 0 0 3 4 4 3 5 4 3 0 0 5 3 1 0 12 4 0 2 0 0
21510630 634 1 1 1 0 2 1 0 0 0 0 1 0 0 0 1 0 0 3 2 3 4 2 3 7 3 12 3 5 1
21510631 520 11 1 2 1 1 2 2 1 2 3 3 3 1 0 3 1 0 0 0 0 4 4 3 3 0 2 0 4 4 3 0 4 6 12 1 0 3 0 0
21510632 584 5 1 3 3 2 2 1 0 2 1 0 0 0 0 1 2 2 3 0 12 4 0 2 1 4 1 4 1 3 0 0 0 4
21510633 570 9 3 3 1 1 2 3 2 1 2 1 0 2 1 0 0 0 0 3 3 3 0 3 0 1 0 2 3 4 2 4 5 1 1 2 12 1
21510634 537 4 3 2 2 3 1 0 3 1 0 0 0 0 0 2 2 0 6 5 12 0 0 5 3 1 1 3 1 0 2 0 0
21510635 566 11 2 2 1 3 2 1 1 3 3 3 2 1 0 1 1 0 0 0 0 3 4 4 0 1 0 2 0 4 2 3 1 2 6 1 0 3 3 12
21510636 563 7 2 2 3 2 1 3 3 1 0 2 1 0 0 0 0 1 3 3 0 1 0 0 3 5 1 1 12 3 0 0 4 3 5 0
21510637 571 5 3 1 3 2 1 1 0 1 1 0 0 0 0 2 1 2 0 0 0 3 8 3 5 3 12 3 3 3 2 5 2 3
21510638 614 5 1 3 3 1 2 1 0 1 1 0 0 0 0 2 1 2 3 4 12 0 4 4 3 0 0 5 5 0 0 3 2 2
21510639 545 5 2 1 1 2 1 1 0 3 1 0 0 0 0 3 2 0 0 1 0 0 4 3 2 0 2 3 5 3 12 6 3 3
21510640 535 0 1 0 1 1 0 0 0 0 0 0 0 5 4 3 3 0 0 4 12 0 7 5 3 0 0 0 2
21510641 513 6 3 1 2 2 3 1 1 0 1 1 0 0 0 0 2 2 2 0 0 2 12 0 1 4 5 0 2 5 2 3 1 0 4
21510642 587 0 1 0 2 1 0 0 0 0 0 0 0 3 1 6 0 4 4 0 0 3 3 3 0 3 5 12 6
21510643 612 1 1 1 0 3 1 0 0 0 0 1 0 0 0 2 0 0 3 1 2 5 4 5 0 0 4 6 4 12
21510644 473 9 2 1 2 3 2 3 3 3 2 1 0 1 1 0 0 0 0 1 4 4 2 3 1 3 12 6 5 0 3 3 3 5 0 1 0 1
21510645 528 5 1 3 1 2 2 1 0 2 1 0 0 0 0 2 2 1 0 3 0 0 12 2 1 0 1 4 3 2 5 5 0 1
21510646 552 1 1 1 0 2 1 0 0 0 0 1 0 0 0 12 3 4 0 6 3 2 3 4 4 2 0 0 1 1
21510647 502 10 1 2 2 1 1 2 3 3 3 3 1 0 2 1 0 0 0 0 3 3 4 0 0 1 0 0 1 3 1 0 3 3 3 2 2 8 12
21510648 528 5 2 3 1 2 1 1 0 3 1 0 0 0 0 2 2 1 3 0 4 3 0 5 5 1 0 3 3 2 0 12 8 3
21510649 604 9 3 2 3 3 1 2 2 3 2 1 0 1 1 0 0 0 0 1 4 4 0 0 8 1 0 4 4 0 2 5 4 1 1 12 5 3
21510650 532 10 3 1 2 3 2 2 1 1 1 2 1 0 3 1 0 0 0 0 4 4 2 1 4 2 2 12 3 3 0 2 6 1 1 3 4 3 0
21510651 591 6 1 3 3 1 3 2 1 0 2 1 0 0 0 0 2 1 3 2 1 0 0 5 0 0 0 3 3 12 3 4 5 1 2
21510653 583 8 1 2 3 2 2 1 3 1 1 0 2 1 0 0 0 0 3 3 2 0 3 3 0 1 5 2 0 4 6 3 0 12 7 5 1
21510655 584 5 3 1 3 2 3 1 0 2 1 0 0 0 0 1 1 3 1 0 0 0 3 3 0 0 6 6 2 1 12 3 3 0
21510656 528 6 2 1 2 2 3 2 1 0 1 1 0 0 0 0 1 4 1 4 3 3 3 3 8 5 4 12 3 1 0 1 0 0 0
21510657 632 5 1 1 2 2 1 1 0 3 1 0 0 0 0 3 2 0 0 0 2 0 0 3 1 1 2 2 6 12 0 3 7 6
21510658 476 1 2 1 0 3 1 0 0 0 0 0 1 0 0 2 1 4 5 2 4 3 1 7 5 6 1 4 12 3
21510659 577 1 1 1 0 1 1 0 0 0 0 1 0 0 12 2 2 0 8 6 5 2 4 4 1 0 0 2 0 1
21510660 483 3 2 1 3 1 0 1 1 0 0 0 0 1 1 1 12 6 5 0 5 5 1 3 2 2 2 3 0 3 1 0
21510661 519 5 1 1 3 2 2 1 0 3 1 0 0 0 0 2 2 1 2 0 0 0 12 1 4 1 7 5 3 2 5 1 2 0
21510662 453 1 1 1 0 3 1 0 0 0 0 1 0 0 0 1 3 0 3 3 5 2 6 4 4 3 4 2 3 12
21510663 500 0 1 0 2 1 0 0 0 0 0 0 0 3 4 12 0 3 7 3 3 4 0 3 0 0 0 1 0
21510664 561 9 1 2 3 2 2 1 3 1 3 1 0 2 1 0 0 0 0 3 3 3 0 1 1 0 0 4 2 12 2 3 3 8 3 4 1 6
21510665 607 3 1 3 2 1 0 2 1 0 0 0 0 1 1 1 0 0 3 1 0 0 7 0 2 2 5 12 0 1 4 1
21510666 576 6 3 2 3 2 3 1 1 0 3 1 0 0 0 0 1 2 3 4 4 5 0 3 5 4 1 1 12 5 0 2 0 0 0
21510667 605 2 3 3 1 0 1 1 0 0 0 0 0 0 2 0 3 3 12 2 3 6 3 3 4 1 1 0 2 2 0
21510668 627 5 3 2 3 1 1 1 0 1 1 0 0 0 0 2 1 2 3 4 2 1 12 5 3 0 3 3 0 0 2 2 0 0
21510669 532 5 1 1 3 3 1 1 0 3 1 0 0 0 0 3 0 2 0 0 2 2 3 4 2 2 3 8 3 0 12 5 1 0
21510670 567 7 1 3 2 1 1 2 3 1 0 2 1 0 0 0 0 3 2 2 1 2 3 0 12 4 4 0 0 6 2 3 3 1 0 0
21510671 522 9 2 1 3 3 3 1 2 2 1 1 0 1 1 0 0 0 0 3 3 3 0 3 0 0 4 4 1 3 2 4 4 3 2 3 8 12
21510672 556 11 2 1 1 3 3 2 2 2 1 3 1 1 0 3 1 0 0 0 0 4 4 3 3 0 0 0 5 3 0 0 12 1 4 2 3 3 2 1
21510674 480 3 1 2 1 1 0 1 1 0 0 0 0 2 1 0 0 3 3 2 3 12 2 0 5 4 4 0 3 1 2 0
21510675 578 8 3 2 3 1 3 3 1 2 1 0 2 1 0 0 0 0 2 2 4 2 1 3 3 2 6 5 12 0 4 3 3 0 3 1 1
21510676 573 9 1 2 3 3 1 3 2 2 1 1 0 2 1 0 0 0 0 3 3 3 3 4 3 12 2 6 4 4 1 4 1 2 0 0 1 3
21510677 573 5 2 1 3 1 1 1 0 3 1 0 0 0 0 3 1 1 3 0 1 2 0 4 6 3 0 2 1 12 3 5 2 2
21510678 581 3 3 1 2 1 0 3 1 0 0 0 0 1 1 1 2 1 0 0 0 5 1 2 3 6 12 3 3 3 1 2
21510679 459 1 3 1 0 1 1 0 0 0 0 0 0 1 0 2 2 1 0 3 5 3 0 4 3 3 3 12 4 5
21510680 536 8 1 1 3 2 3 3 2 2 1 0 3 1 0 0 0 0 2 3 3 0 1 1 2 2 1 6 5 0 3 3 12 0 2 1 0
21510681 601 1 2 1 0 2 1 0 0 0 0 0 1 0 3 1 0 0 3 3 1 2 1 6 3 7 12 8 1 2
21510682 475 2 3 1 1 0 1 1 0 0 0 0 1 0 1 12 4 6 0 2 4 5 0 4 2 7 2 0 3 3 1
21510683 610 8 1 2 2 3 3 2 1 2 1 0 3 1 0 0 0 0 2 4 2 1 0 2 12 0 3 6 6 0 1 3 4 0 0 0 1
21510685 562 2 1 1 1 0 3 1 0 0 0 0 2 0 0 12 7 5 0 2 5 2 0 3 5 2 1 0 0 3 0
21510686 585 6 1 1 3 1 3 2 1 0 2 1 0 0 0 0 3 1 2 3 0 2 1 4 3 3 0 3 6 4 2 12 3 3 0
21510687 483 2 2 1 1 0 1 1 0 0 0 0 1 1 0 0 0 0 4 3 0 3 3 1 3 5 2 0 3 12 2
21510688 594 0 1 0 3 1 0 0 0 0 0 0 0 1 12 3 4 0 2 5 7 0 5 6 3 3 0 3 5
21510689 550 0 1 0 2 1 0 0 0 0 0 0 0 1 4 1 5 3 2 12 4 0 0 1 4 0 0 2 0
21510690 487 0 1 0 2 1 0 0 0 0 0 0 0 1 4 1 0 5 4 3 2 0 12 4 1 0 0 2 0
21510691 600 7 3 2 1 1 3 2 3 1 0 2 1 0 0 0 0 2 2 3 0 2 3 0 4 3 4 1 8 5 5 3 12 6 4 1
21510692 533 1 3 1 0 2 1 0 0 0 0 0 0 1 3 1 2 2 4 4 3 0 1 12 1 0 2 3 1 0
21510693 564 9 1 1 3 3 2 1 1 2 3 1 0 3 1 0 0 0 0 4 2 3 2 4 3 12 3 4 2 4 5 1 9 1 0 0 2 2
21510694 556 10 1 1 2 2 1 3 1 3 2 2 1 0 3 1 0 0 0 0 4 4 2 0 8 3 0 0 0 6 0 4 3 2 3 3 5 12 1
21510695 526 3 3 2 2 1 0 1 1 0 0 0 0 0 2 1 0 2 3 1 3 1 1 3 0 4 2 8 0 0 5 12
21510696 488 1 1 1 0 1 1 0 0 0 0 1 0 0 3 6 12 0 2 3 4 3 2 3 2 0 0 0 1 3
21510697 560 1 2 1 0 1 1 0 0 0 0 0 1 0 0 0 7 2 7 3 1 3 6 5 2 0 12 3 1 0
21510698 519 5 2 1 1 3 1 3 1 6 0.33333333333333331 7 0.33333333333333331 8 0.33333333333333331 3 1 1 3 4 12 2 3 5 4 0 2 3 2 0 1 0 0 0
21510699 477 6 3 1 2 3 1 1 1 0 3 1 0 0 0 0 3 1 2 0 2 0 0 0 1 2 4 3 2 4 4 0 4 6 12
21510700 537 7 3 3 3 2 1 2 2 1 0 1 1 0 0 0 0 1 3 3 0 0 0 1 2 1 4 2 3 5 4 6 3 1 5 12
21510701 576 9 1 1 2 2 2 2 1 3 3 1 0 3 1 0 0 0 0 3 4 2 0 3 5 12 0 2 5 4 0 1 3 3 3 1 0 0
21510702 522 7 3 2 2 1 1 2 3 1 0 3 1 0 0 0 0 2 3 2 1 1 2 12 0 0 5 7 0 3 1 3 0 0 0 2
21510703 511 4 3 3 1 1 1 0 3 1 0 0 0 0 2 0 2 0 4 4 2 2 3 5 4 0 1 3 12 0 0 2 0
21510704 479 5 3 3 2 1 3 1 0 3 1 0 0 0 0 1 1 3 12 3 3 0 4 5 1 0 1 4 3 0 0 0 2 2
21510705 501 3 3 3 2 1 0 1 1 0 0 0 0 0 1 2 0 1 2 0 0 4 3 12 3 2 3 4 1 2 3 1
21510706 554 6 1 1 3 1 2 1 3 1 5 0.33333333333333331 6 0.33333333333333331 7 0.33333333333333331 4 1 1 0 5 3 0 5 6 3 0 4 2 3 0 2 12 4 2
21510707 527 3 3 2 1 1 0 3 1 0 0 0 0 1 1 1 1 0 5 12 2 3 6 5 0 4 4 3 0 0 3 3
21510708 571 4 1 1 3 1 1 0 2 1 0 0 0 0 3 0 1 3 0 0 0 0 3 3 12 2 4 3 4 2 2 1 3
21510709 487 9 2 3 1 1 1 2 3 3 2 1 0 2 1 0 0 0 0 3 3 3 12 5 3 1 3 5 3 1 2 0 0 0 0 0 3 0
21510710 503 3 2 1 3 1 0 2 1 0 0 0 0 1 1 1 2 0 7 1 3 5 3 2 1 3 4 6 0 0 1 12
21510711 520 6 2 3 1 3 3 1 1 0 1 1 0 0 0 0 2 1 3 3 12 1 5 9 8 7 2 4 1 2 2 2 0 3 0
21510712 424 9 2 3 2 1 3 1 2 1 2 1 0 3 1 0 0 0 0 3 4 2 1 12 7 5 0 5 5 4 0 2 1 3 0 0 0 3
21510713 553 5 3 2 3 2 2 1 0 3 1 0 0 0 0 0 3 2 0 12 1 5 3 5 4 8 3 1 3 3 0 0 1 0
21510714 609 11 1 2 1 3 2 2 3 1 3 1 3 1 0 2 1 0 0 0 0 4 3 4 2 1 0 0 3 1 3 0 4 2 5 1 3 7 12 2
21510715 514 3 2 1 1 1 0 2 1 0 0 0 0 2 1 0 0 2 0 3 6 5 3 4 12 3 4 2 3 1 1 0
21510716 523 1 3 3 1 7 0.33333333333333331 8 0.33333333333333331 9 0.33333333333333331 0 0 1 2 0 0 0 2 4 1 12 1 7 5 4 1 4 4 2
21510717 589 4 2 3 2 3 1 0 2 1 0 0 0 0 0 2 2 1 0 3 0 3 0 6 12 5 4 4 3 0 1 1 4
21510718 620 10 1 1 3 3 2 2 2 1 1 3 1 0 2 1 0 0 0 0 4 3 3 3 0 3 0 3 8 12 3 2 3 3 0 1 4 0 0
21510719 590 0 1 0 2 1 0 0 0 0 0 0 0 1 7 6 12 0 4 4 7 0 2 4 7 0 1 5 6
21510721 580 9 1 2 2 3 1 3 3 2 1 1 0 3 1 0 0 0 0 3 3 3 0 0 2 0 1 4 4 12 0 4 5 4 0 0 3 3
21510722 501 10 3 2 2 3 1 1 2 3 2 1 1 0 3 1 0 0 0 0 3 4 3 0 3 3 1 1 4 5 0 5 4 3 0 7 12 2 0
21510723 566 11 3 1 2 3 3 2 3 2 1 1 1 1 0 2 1 0 0 0 0 4 3 4 0 3 7 0 0 0 5 1 2 6 5 2 1 5 12 3
21510724 634 0 1 0 3 1 0 0 0 0 0 0 0 3 3 7 12 2 3 5 4 0 1 1 4 0 0 0 2
21510725 592 9 1 2 1 1 3 3 1 3 2 1 0 2 1 0 0 0 0 4 2 3 0 3 0 2 2 5 5 1 1 4 12 0 4 2 3 3
21510726 557 10 1 2 1 3 2 1 2 1 3 2 1 0 3 1 0 0 0 0 4 4 2 0 2 0 1 0 1 5 4 3 4 4 2 0 4 7 12
21510727 593 0 1 0 2 1 0 0 0 0 0 0 0 1 3 7 12 0 5 4 4 0 3 3 3 0 0 0 3
21510728 562 0 1 0 2 1 0 0 0 0 0 0 0 12 8 3 1 3 5 1 0 3 2 0 0 3 0 0 0
21510729 588 1 1 1 0 2 1 0 0 0 0 1 0 0 3 0 0 0 0 3 2 3 2 6 6 1 1 3 3 12
21510730 524 3 1 2 2 1 0 3 1 0 0 0 0 1 2 0 3 3 0 0 4 1 1 1 4 7 0 0 12 3 2 2
21510731 603 10 3 3 3 1 1 3 2 2 2 1 1 0 1 1 0 0 0 0 3 3 4 12 4 4 0 3 3 0 0 8 2 3 0 0 1 0 2
21510732 503 4 1 3 2 3 1 0 1 1 0 0 0 0 1 1 2 1 2 2 2 0 4 2 4 1 12 5 3 0 7 6 1
21510733 569 3 2 2 1 1 0 3 1 0 0 0 0 1 2 0 2 0 0 0 7 0 0 0 12 3 0 1 4 5 3 1
21510734 546 7 3 1 3 2 1 1 3 1 0 1 1 0 0 0 0 3 1 3 0 0 0 2 2 3 4 0 2 8 2 4 3 1 6 12
21510735 524 6 2 1 2 3 1 3 1 0 3 1 0 0 0 0 2 2 2 0 3 2 3 2 4 1 0 1 5 4 0 3 5 12 0
21510736 547 1 2 3 1 6 0.33333333333333331 7 0.33333333333333331 8 0.33333333333333331 0 1 0 3 4 1 3 3 6 4 2 3 1 4 12 0 0 0 7
21510737 559 9 2 2 1 3 3 3 3 1 1 1 0 2 1 0 0 0 0 3 2 4 1 0 3 7 2 2 3 8 0 0 3 12 0 0 1 4
21510738 539 0 1 0 3 1 0 0 0 0 0 0 0 3 12 3 3 2 2 4 0 3 1 5 7 0 0 1 3
21510739 574 6 2 1 1 3 2 2 1 0 1 1 0 0 0 0 2 3 1 0 3 0 0 12 2 6 0 5 3 1 0 3 4 3 3
21510740 595 8 2 2 1 2 1 3 3 3 1 0 2 1 0 0 0 0 2 3 3 0 4 0 3 12 3 4 0 6 4 1 1 5 2 1 0
21510741 470 2 3 3 1 0 1 1 0 0 0 0 0 0 2 0 4 2 12 0 3 5 5 1 2 1 3 2 3 0 0
21510742 548 7 3 1 3 1 2 1 3 3 1 4 0.33333333333333331 5 0.33333333333333331 6 0.33333333333333331 3 1 3 1 4 7 12 0 4 4 4 2 3 5 2 2 0 0 0
21510743 540 3 1 2 3 1 0 2 1 0 0 0 0 1 1 1 0 0 1 0 3 0 1 0 3 5 2 3 3 12 3 3
21510744 610 11 1 3 1 3 2 1 3 1 2 2 3 1 0 2 1 0 0 0 0 4 3 4 3 0 4 2 0 1 4 4 0 2 12 1 0 2 4 1
21510745 550 6 3 3 2 2 2 1 1 0 2 1 0 0 0 0 1 3 2 0 1 4 12 1 5 4 8 3 0 4 4 0 0 3 1
21510746 546 2 2 2 1 0 3 1 0 0 0 0 0 2 0 1 3 5 12 0 2 1 8 0 3 0 4 0 0 1 0
21510747 560 7 3 2 2 1 1 3 3 1 0 1 1 0 0 0 0 2 2 3 3 2 0 3 0 1 2 6 0 0 6 1 0 2 4 12
21510748 601 9 2 1 3 2 2 2 1 3 3 1 0 1 1 0 0 0 0 2 4 3 1 0 3 0 3 0 3 0 1 4 2 1 4 2 12 7
21510749 586 7 2 1 2 1 1 2 1 1 0 3 1 0 0 0 0 4 3 0 0 2 0 0 3 5 1 3 0 4 4 2 0 4 5 12
21510750 578 8 1 3 3 2 1 1 2 3 1 0 2 1 0 0 0 0 3 2 3 12 7 5 2 0 5 6 3 3 4 3 4 1 0 0 0
21510751 486 8 1 3 2 3 3 1 2 2 1 0 1 1 0 0 0 0 2 3 3 2 4 12 4 0 1 4 1 3 3 2 1 2 0 0 3
21510752 516 9 2 1 2 3 1 3 1 1 3 1 0 3 1 0 0 0 0 4 2 3 0 0 4 12 2 2 3 8 1 3 4 5 0 2 0 3
21510753 548 10 1 2 2 1 3 3 1 2 3 2 1 0 1 1 0 0 0 0 3 4 3 3 0 0 0 2 3 4 3 0 6 5 5 0 1 3 12
21510754 532 5 2 2 3 1 3 1 0 1 1 0 0 0 0 1 2 2 0 0 3 0 12 1 3 0 4 2 5 2 2 1 3 1
21510755 585 2 1 2 1 0 1 1 0 0 0 0 1 1 0 3 0 0 0 2 12 0 0 4 3 3 1 4 5 6 2
21510756 642 1 3 1 0 2 1 0 0 0 0 0 0 1 2 0 1 0 4 4 4 0 7 5 3 1 12 1 2 3
21510757 488 9 2 1 3 1 3 1 3 1 3 1 0 2 1 0 0 0 0 4 1 4 2 3 3 12 2 4 3 6 0 0 0 1 0 0 2 0
21510758 492 3 2 3 2 1 0 1 1 0 0 0 0 0 2 1 1 12 3 2 4 4 5 0 1 1 0 0 2 0 0 0
21510759 563 10 3 2 1 3 1 2 2 3 1 2 3 1 4 0.33333333333333331 5 0.33333333333333331 6 0.33333333333333331 3 4 3 0 0 4 5 1 0 4 7 0 3 3 12 0 3 0 0
21510760 512 8 3 2 1 1 1 2 1 3 1 0 3 1 0 0 0 0 4 2 2 1 4 12 3 2 3 7 2 0 3 3 0 2 0 0 0
21510761 508 3 1 3 2 1 0 3 1 0 0 0 0 1 1 1 1 2 0 0 1 4 2 0 2 5 6 0 3 12 3 1
21510762 550 1 3 1 0 1 1 0 0 0 0 0 0 1 2 0 2 6 0 0 5 2 0 4 4 1 0 4 1 12
21510763 576 11 1 2 2 1 2 3 3 1 3 2 1 1 0 3 1 0 0 0 0 4 4 3 12 4 4 2 1 5 1 2 3 4 2 0 0 0 1 0
21510764 518 9 1 2 2 3 2 1 3 2 1 1 0 3 1 0 0 0 0 3 4 2 12 1 2 0 6 7 0 0 4 1 2 1 0 0 3 0
21510765 617 8 3 2 2 1 1 3 3 2 1 0 1 1 0 0 0 0 2 3 3 0 5 7 12 3 1 2 5 0 1 3 0 0 0 0 2
21510766 526 3 2 2 1 1 0 3 1 0 0 0 0 1 2 0 0 0 1 2 3 1 4 0 8 5 5 1 12 7 4 2
21510769 568 3 3 1 3 1 0 3 1 0 0 0 0 1 0 2 0 3 0 1 2 1 3 0 0 4 2 0 4 6 12 2
21510770 531 7 1 2 3 3 1 1 2 1 0 2 1 0 0 0 0 3 2 2 2 1 0 0 3 2 3 4 0 1 6 3 0 3 12 3
21510771 447 2 1 2 1 0 1 1 0 0 0 0 1 1 0 0 4 2 0 4 6 1 0 12 4 3 2 3 1 2 0
21510772 478 9 1 3 2 1 2 3 1 2 2 1 0 3 1 0 0 0 0 3 4 2 1 12 1 0 7 1 3 0 4 2 0 0 3 2 0 3
21510773 539 8 3 2 1 2 1 2 3 3 1 0 1 1 0 0 0 0 2 3 3 1 3 3 12 0 2 3 5 0 0 0 5 0 3 0 3
21510774 622 2 1 1 3 1 5 0.33333333333333331 6 0.33333333333333331 7 0.33333333333333331 2 0 0 0 0 2 0 0 12 5 3 3 5 3 2 3 0 4 4
21510775 540 3 3 2 3 1 0 3 1 0 0 0 0 0 1 2 5 4 3 0 4 4 5 0 1 1 12 6 0 2 0 0
21510776 570 7 3 1 3 3 1 2 2 1 0 2 1 0 0 0 0 2 2 3 0 0 1 0 0 1 2 3 3 5 5 4 0 5 12 3
21510777 579 11 1 1 2 2 3 3 1 1 3 3 2 3 1 4 0.33333333333333331 5 0.33333333333333331 6 0.33333333333333331 4 3 4 0 0 2 0 2 3 1 3 2 4 7 1 12 4 3 3
21510778 586 7 3 1 2 2 1 2 3 1 0 1 1 0 0 0 0 2 3 2 0 1 4 12 2 3 3 2 1 6 0 3 0 3 3 0
21510779 619 5 2 2 1 1 3 1 0 3 1 0 0 0 0 2 2 1 2 3 1 2 4 5 4 0 3 4 12 0 1 0 0 0
21510780 452 4 2 3 2 1 1 0 3 1 0 0 0 0 1 2 1 3 2 4 3 1 5 12 8 3 6 4 3 1 0 2 1
21510781 536 5 2 3 3 2 1 1 0 2 1 0 0 0 0 1 2 2 12 1 2 1 5 7 0 0 7 3 4 3 0 0 0 1
21510782 573 4 3 3 1 3 1 0 2 1 0 0 0 0 1 0 3 1 2 0 0 5 5 0 0 8 6 2 0 12 3 3 1
21510783 556 10 3 2 2 1 3 2 1 1 3 2 1 0 1 1 0 0 0 0 3 4 3 3 1 3 12 0 4 7 7 0 2 5 6 0 0 3 3
21510784 626 3 2 2 2 1 0 2 1 0 0 0 0 0 3 0 12 1 3 0 7 6 1 3 6 3 3 0 1 1 0 0
21510785 515 0 1 0 2 1 0 0 0 0 0 0 0 1 3 2 3 0 0 3 12 0 1 7 7 0 0 0 3
21510786 548 4 1 2 1 3 1 0 2 1 0 0 0 0 2 1 1 12 6 4 2 7 3 1 0 3 2 1 0 3 0 0 0
21510787 488 7 2 2 3 1 2 1 2 1 0 3 1 0 0 0 0 2 4 1 1 2 6 12 0 0 6 1 0 3 3 1 0 0 3 0
21510788 528 11 1 3 2 2 1 2 1 3 2 3 3 1 0 1 1 0 0 0 0 3 4 4 2 5 4 4 0 1 7 1 0 0 4 12 0 2 0 0
21510789 516 0 1 0 1 1 0 0 0 0 0 0 0 2 4 12 6 0 2 6 2 4 1 7 3 2 3 1 1
21510790 587 7 2 3 1 3 2 2 1 1 0 1 1 0 0 0 0 2 3 2 5 12 2 0 4 4 4 1 1 0 3 0 0 0 2 0
21510792 560 10 2 2 3 3 1 3 3 1 2 1 1 0 1 1 0 0 0 0 3 3 4 2 2 2 0 4 4 1 1 12 6 3 0 0 1 0 2
21510793 519 10 1 3 3 2 2 2 3 1 1 1 1 0 2 1 0 0 0 0 4 3 3 0 0 3 3 0 3 5 1 0 4 3 3 2 2 1 12
21510794 556 9 2 3 3 2 2 2 1 1 3 1 0 1 1 0 0 0 0 2 4 3 0 12 6 4 0 3 5 4 1 3 3 3 0 0 0 3
21510795 590 3 2 3 1 1 0 3 1 0 0 0 0 1 1 1 3 2 1 3 4 2 3 1 12 0 0 0 5 0 0 0
21510796 569 3 2 2 1 1 0 2 1 0 0 0 0 1 2 0 3 5 4 4 3 4 5 1 0 3 5 12 0 0 1 0
21510797 524 3 3 3 2 1 0 1 1 0 0 0 0 0 1 2 4 1 0 2 3 1 0 0 4 3 3 0 2 8 12 7
21510798 638 9 2 2 3 2 2 3 3 1 1 1 0 1 1 0 0 0 0 2 4 3 12 4 3 0 8 5 3 0 4 3 1 1 2 0 3 0
21510799 490 10 3 2 3 2 1 2 2 1 3 3 1 0 1 1 0 0 0 0 2 4 4 1 3 2 2 0 12 1 1 0 4 4 0 0 5 3 0
21510800 530 1 2 1 0 1 1 0 0 0 0 0 1 0 1 4 12 3 0 4 0 1 2 2 1 6 2 0 0 3
21510801 555 0 1 0 3 1 0 0 0 0 0 0 0 0 4 5 3 0 3 3 1 0 12 3 2 1 3 2 0
21510802 509 9 2 2 1 2 3 3 3 1 2 1 0 1 1 0 0 0 0 2 4 3 0 1 0 0 12 4 3 0 4 3 3 3 4 3 0 0
21510803 575 3 2 1 2 1 0 2 1 0 0 0 0 1 2 0 0 1 3 3 0 6 2 12 4 4 5 6 1 3 1 3
21510804 595 8 2 2 3 3 1 1 2 3 3 1 5 0.33333333333333331 6 0.33333333333333331 7 0.33333333333333331 2 3 3 0 4 3 8 0 4 7 7 6 3 6 12 1 0 0 0
21510805 538 4 2 1 3 2 1 0 2 1 0 0 0 0 1 2 1 0 0 0 1 1 3 0 1 0 6 7 2 0 6 7 12
21510806 467 2 3 1 1 0 2 1 0 0 0 0 1 0 1 2 2 0 1 0 5 0 4 0 1 4 5 0 3 12 3
21510807 506 8 3 3 2 1 2 3 1 2 1 0 2 1 0 0 0 0 2 3 3 3 3 0 0 6 5 0 1 1 5 4 0 12 2 1 0
21510808 471 10 2 3 3 1 2 1 1 2 3 2 1 0 3 1 0 0 0 0 3 4 3 4 12 3 0 3 5 4 7 1 3 4 0 0 2 0 1
21510809 559 5 2 3 3 2 1 1 0 3 1 0 0 0 0 1 2 2 0 0 3 2 0 1 2 1 3 7 1 1 0 12 4 2
21510810 597 2 3 2 3 1 5 0.33333333333333331 6 0.33333333333333331 7 0.33333333333333331 0 1 1 4 6 12 0 4 3 3 5 3 1 2 0 1 0 0 0
21510811 546 11 3 1 2 1 1 1 2 3 3 2 3 1 0 2 1 0 0 0 0 4 3 4 0 1 0 0 2 3 12 4 3 4 3 5 0 5 3 3
21510812 506 11 1 2 2 3 3 1 2 3 1 3 2 1 0 1 1 0 0 0 0 3 4 4 0 12 1 4 3 3 4 2 3 1 4 2 0 0 0 3
21510813 640 1 2 1 0 3 1 0 0 0 0 0 1 0 0 1 3 0 6 0 1 0 4 4 5 2 4 12 8 6
21510814 491 8 2 1 3 2 3 3 1 2 1 0 1 1 0 0 0 0 2 3 3 12 3 5 2 5 3 3 0 3 4 5 1 4 3 0 0
21510815 569 9 2 3 2 1 2 1 2 3 3 1 0 1 1 0 0 0 0 2 4 3 2 3 7 3 1 1 5 4 2 4 1 3 3 1 2 12
21510816 657 9 3 1 2 3 1 2 2 3 1 1 0 3 1 0 0 0 0 3 3 3 12 4 1 0 9 2 3 0 3 1 2 2 0 1 0 0
21510818 525 6 2 1 1 3 3 1 1 0 2 1 0 0 0 0 3 1 2 4 6 12 0 3 6 3 0 3 4 2 2 0 0 1 3
21510819 538 8 3 3 3 1 2 1 1 3 1 0 2 1 0 0 0 0 3 1 4 0 3 12 6 2 7 4 3 0 0 6 3 1 2 0 3
21510820 521 6 3 2 2 1 1 2 1 0 2 1 0 0 0 0 2 3 1 0 5 1 0 3 1 6 5 0 2 1 3 3 12 3 5
21510821 575 3 1 3 1 3 1 4 0.33333333333333331 5 0.33333333333333331 6 0.33333333333333331 2 0 1 2 2 0 0 0 1 2 4 0 4 4 4 0 12 5 4
21510823 470 7 2 3 3 3 1 2 1 1 0 1 1 0 0 0 0 2 2 3 3 4 1 2 0 12 1 2 0 1 4 2 0 2 3 3
21510824 583 4 2 2 1 1 1 0 1 1 0 0 0 0 2 2 0 1 5 2 1 12 6 4 0 4 7 4 3 2 2 0 0
21510825 504 4 2 2 1 3 1 0 3 1 0 0 0 0 1 2 1 2 0 1 0 3 1 3 3 0 4 2 12 3 6 4 1
21510826 529 5 3 2 3 1 3 1 0 1 1 0 0 0 0 1 1 3 2 12 4 3 8 5 2 3 0 4 5 6 0 6 1 0
21510827 430 7 3 3 3 3 1 1 2 1 0 2 1 0 0 0 0 2 1 4 0 3 2 12 0 1 1 5 2 1 0 4 0 0 2 0
21510828 532 7 2 2 3 1 3 1 1 1 0 2 1 0 0 0 0 3 2 2 0 0 0 2 4 1 5 3 3 3 12 0 5 2 1 0
21510829 491 8 1 1 2 2 1 2 2 3 1 0 3 1 0 0 0 0 3 4 1 7 0 0 0 12 4 5 1 4 3 1 2 3 3 3 3
21510830 484 9 2 2 3 2 1 3 3 2 1 1 0 1 1 0 0 0 0 2 4 3 3 0 1 0 2 0 8 1 12 3 5 0 1 2 3 4
21510831 574 7 3 2 2 1 1 3 3 1 0 3 1 0 0 0 0 2 2 3 0 1 2 0 0 0 5 12 0 1 3 5 2 2 1 4
21510832 506 0 1 0 2 1 0 0 0 0 0 0 0 0 1 6 12 0 4 7 3 3 1 2 1 0 3 2 0
21510833 525 0 1 0 2 1 0 0 0 0 0 0 0 0 0 3 12 0 0 5 8 2 3 4 5 1 0 1 0
21510834 498 5 1 1 2 3 1 1 0 2 1 0 0 0 0 3 1 1 0 3 0 2 0 0 1 6 0 3 2 5 3 12 4 4
21510835 483 11 3 1 1 2 3 3 2 1 2 1 3 1 0 2 1 0 0 0 0 4 3 4 0 0 1 0 3 2 3 2 3 1 5 0 3 5 12 0
21510836 481 0 1 0 2 1 0 0 0 0 0 0 0 3 0 1 12 1 1 5 2 0 2 3 4 0 0 3 0
21510837 588 10 2 1 2 2 2 3 3 1 1 3 1 0 3 1 0 0 0 0 3 4 3 0 3 0 2 0 6 3 1 0 2 5 3 1 3 1 12
21510838 580 2 1 2 1 0 1 1 0 0 0 0 1 1 0 3 3 0 0 3 6 3 1 0 0 2 4 0 2 3 12
21510839 587 2 2 3 1 0 3 1 0 0 0 0 0 1 1 2 6 3 0 5 5 3 1 12 1 3 1 0 0 0 2
21510840 517 4 3 1 2 2 1 0 1 1 0 0 0 0 1 2 1 0 0 0 3 0 2 2 4 0 6 8 1 1 5 8 12
21510841 492 5 2 3 2 3 1 1 0 2 1 0 0 0 0 1 2 2 12 8 5 6 5 3 2 0 1 0 1 0 3 1 0 0
21510842 557 11 2 3 1 2 3 1 3 2 2 1 3 1 0 1 1 0 0 0 0 3 4 4 5 3 3 3 8 3 1 0 12 3 0 0 0 0 0 2
21510843 583 0 3 1 5 0.33333333333333331 6 0.33333333333333331 7 0.33333333333333331 0 0 0 3 9 5 3 6 5 3 0 12 3 0 3 0 0 3 0
21510844 458 2 2 3 1 0 3 1 0 0 0 0 0 1 1 0 2 0 0 1 5 1 4 1 4 2 3 0 5 5 12
21510845 458 3 1 2 3 1 0 2 1 0 0 0 0 1 1 1 5 4 3 3 1 2 5 4 12 3 4 0 0 1 0 3
21510846 477 6 3 2 3 2 1 1 1 0 2 1 0 0 0 0 2 2 2 0 0 2 0 1 3 4 1 3 7 6 5 0 3 3 12
21510847 470 11 3 1 3 3 1 1 2 2 2 2 3 1 0 1 1 0 0 0 0 3 4 4 0 0 1 3 0 1 6 3 3 5 4 3 2 6 2 12
21510848 501 6 2 1 3 1 1 3 1 0 2 1 0 0 0 0 3 1 2 0 0 2 0 7 3 5 3 0 3 5 3 1 2 4 12
21510849 509 0 1 0 3 1 0 0 0 0 0 0 0 3 4 3 12 2 1 6 7 0 3 5 5 0 0 0 3
21510851 504 0 1 0 3 1 0 0 0 0 0 0 0 0 0 0 1 0 0 4 4 0 3 6 5 2 0 3 12
21510852 522 7 2 3 1 1 3 3 2 1 0 1 1 0 0 0 0 2 2 3 1 4 3 3 3 3 5 2 12 6 1 0 2 2 0 0
21510853 510 6 3 2 2 1 1 1 3 1 6 0.33333333333333331 7 0.33333333333333331 8 0.33333333333333331 3 2 1 2 12 5 4 0 3 5 3 0 0 5 3 0 0 0 3
21510854 541 10 3 2 1 2 1 1 2 1 2 3 1 0 3 1 0 0 0 0 4 4 2 4 3 3 12 2 1 4 3 0 3 5 0 0 2 1 3
21510855 510 2 2 1 1 0 3 1 0 0 0 0 1 1 0 3 2 8 1 1 5 7 12 0 2 4 5 0 0 1 2
21510856 542 6 1 1 3 3 2 2 1 0 1 1 0 0 0 0 2 2 2 12 6 6 2 3 4 3 0 2 3 1 1 0 2 4 0
21510857 584 8 2 3 2 2 1 1 1 1 1 0 3 1 0 0 0 0 4 3 1 12 4 6 0 5 6 3 3 5 0 0 0 2 0 0 0
21510858 583 1 2 1 0 3 1 0 0 0 0 0 1 0 2 1 0 0 5 3 0 0 12 4 0 0 4 3 3 1
21510859 585 10 1 2 1 3 3 1 1 2 2 3 1 0 2 1 0 0 0 0 4 3 3 0 3 0 0 1 3 3 3 0 2 6 5 0 4 4 12
21510860 564 11 2 1 3 2 2 1 3 3 1 2 3 1 0 1 1 0 0 0 0 3 4 4 3 3 12 4 0 3 4 5 0 0 5 1 0 0 2 0
21510861 643 3 3 3 1 1 0 1 1 0 0 0 0 1 0 2 0 3 0 2 2 6 3 1 0 2 3 5 1 3 2 12
21510863 566 10 1 2 2 3 3 1 1 1 2 2 1 0 3 1 0 0 0 0 4 4 2 5 12 1 3 3 7 2 2 1 4 7 4 0 0 3 0
21510864 506 10 2 3 3 3 1 2 2 2 3 1 1 0 1 1 0 0 0 0 2 4 4 0 12 5 1 0 2 1 4 0 3 5 4 1 2 2 1
21510865 591 9 3 3 1 2 2 3 1 1 3 1 0 2 1 0 0 0 0 3 2 4 1 2 4 12 1 4 5 6 0 0 5 3 0 0 2 0
21510866 521 6 1 3 1 2 2 1 1 0 3 1 0 0 0 0 3 2 1 0 2 0 3 1 6 4 0 2 5 3 4 12 3 3 0
21510867 596 6 1 3 2 2 1 3 1 0 3 1 0 0 0 0 2 2 2 0 0 0 2 12 3 5 4 7 3 4 0 3 2 1 1
21510868 619 3 3 3 2 1 0 1 1 0 0 0 0 0 1 2 2 2 5 5 0 4 12 1 0 1 6 6 2 0 0 1
21510869 545 6 1 3 1 2 3 2 1 0 3 1 0 0 0 0 2 2 2 0 1 0 0 0 2 3 5 3 5 3 3 0 12 6 4
21510870 547 0 1 0 1 1 0 0 0 0 0 0 0 0 12 3 2 0 4 6 1 0 4 4 2 2 0 1 0
21510871 588 10 3 1 2 1 3 2 2 3 3 1 1 0 2 1 0 0 0 0 3 3 4 0 0 0 1 1 1 6 2 0 4 5 5 0 2 4 12
21510872 564 5 1 2 1 3 3 1 0 2 1 0 0 0 0 2 1 2 0 0 1 0 3 4 4 1 6 5 2 2 12 4 6 3
21510873 642 1 3 1 0 1 1 0 0 0 0 0 0 1 0 0 0 2 0 2 3 0 1 4 6 4 0 4 4 12
21510874 543 0 1 0 3 1 0 0 0 0 0 0 0 1 7 12 1 3 6 7 2 2 2 8 1 2 0 0 1
21510875 587 8 3 3 2 2 2 3 2 3 3 1 6 0.33333333333333331 7 0.33333333333333331 8 0.33333333333333331 0 4 4 6 3 0 1 12 4 1 0 4 5 3 1 4 7 1 0
21510876 500 7 1 2 2 3 1 3 3 1 0 2 1 0 0 0 0 2 2 3 2 0 0 0 1 4 3 1 0 4 5 4 3 2 1 12
21510877 499 0 3 1 6 0.33333333333333331 7 0.33333333333333331 8 0.33333333333333331 0 0 0 1 0 0 1 3 4 2 2 4 3 5 2 12 3 1 0
21510878 553 0 1 0 1 1 0 0 0 0 0 0 0 0 12 2 4 0 4 4 3 0 3 5 3 1 2 3 0
21510879 557 6 1 1 3 2 3 2 1 0 3 1 0 0 0 0 2 2 2 0 2 3 0 0 1 5 3 0 0 3 5 2 1 4 12
21510881 516 3 1 2 3 1 0 2 1 0 0 0 0 1 1 1 0 0 2 2 1 1 3 0 4 5 7 1 12 4 4 0
21510882 578 10 3 1 3 3 2 3 2 1 1 2 1 0 1 1 0 0 0 0 3 3 4 2 3 1 12 0 7 5 5 1 3 6 3 0 2 3 2
21510883 549 5 3 1 1 2 1 1 0 2 1 0 0 0 0 3 1 1 0 2 0 3 0 2 3 3 0 4 5 4 1 4 5 12
21510884 514 6 3 3 1 2 3 2 1 0 2 1 0 0 0 0 1 2 3 3 1 3 1 2 12 1 0 3 1 3 0 6 2 0 0
21510885 562 6 1 2 1 2 1 3 1 0 2 1 0 0 0 0 3 2 1 12 3 3 1 7 6 4 2 6 4 5 0 3 0 0 0
21510886 581 1 1 1 0 2 1 0 0 0 0 1 0 0 3 3 3 3 2 3 5 3 0 3 12 3 0 1 0 0
21510887 519 6 2 2 3 1 3 1 1 0 2 1 0 0 0 0 2 2 2 0 5 4 4 0 3 4 3 1 12 5 1 0 0 0 2
21510888 459 1 2 1 0 1 1 0 0 0 0 0 1 0 0 4 1 5 0 0 1 9 2 2 5 12 3 0 4 0
21510890 555 8 2 3 3 2 1 2 2 1 1 0 3 1 0 0 0 0 2 4 2 1 5 1 3 0 4 4 0 2 4 5 3 1 4 12 0
21510891 487 11 2 3 1 2 1 3 3 3 1 2 1 1 0 2 1 0 0 0 0 4 3 4 0 1 2 12 0 5 3 4 2 4 3 4 1 0 3 3
21510892 594 11 3 1 2 2 1 3 3 2 2 1 1 1 0 3 1 0 0 0 0 4 4 3 3 0 3 0 6 5 2 3 1 12 0 0 8 3 3 4
21510893 587 10 3 1 3 3 2 2 1 2 1 1 1 0 3 1 0 0 0 0 4 3 3 0 0 2 2 1 3 5 3 3 2 3 6 0 0 1 12
21510894 503 1 3 1 0 2 1 0 0 0 0 0 0 1 0 1 0 2 1 3 2 1 0 2 6 12 4 5 6 1
21510895 645 10 2 1 1 1 3 3 3 2 3 2 1 0 1 1 0 0 0 0 3 3 4 0 0 0 2 0 1 5 0 0 4 4 4 2 12 6 3
21510896 552 3 1 3 2 1 0 2 1 0 0 0 0 1 1 1 0 0 1 0 4 5 3 2 6 5 1 0 12 3 0 0
21510897 629 1 3 1 0 1 1 0 0 0 0 0 0 1 0 2 5 12 1 2 3 5 0 2 0 3 0 0 0 1
21510898 626 6 2 2 3 1 3 1 1 0 2 1 0 0 0 0 2 2 2 1 0 0 0 1 2 4 12 0 3 6 6 0 4 3 4
21510899 554 4 2 3 3 3 1 0 1 1 0 0 0 0 0 1 3 0 0 3 0 0 1 0 0 4 0 3 0 6 12 3 2
21510900 532 10 2 1 2 2 1 3 2 1 1 3 1 0 3 1 0 0 0 0 4 4 2 12 5 0 0 5 3 1 0 2 2 2 3 1 1 0 0
21510901 459 7 2 3 3 2 3 1 2 1 0 3 1 0 0 0 0 1 3 3 0 0 1 0 1 4 2 12 3 5 6 3 0 3 3 1
21510902 500 6 2 2 1 1 3 3 1 0 3 1 0 0 0 0 2 2 2 1 0 2 0 0 3 3 3 0 0 5 3 0 12 8 4
21510903 492 5 3 2 1 1 3 1 0 2 1 0 0 0 0 2 1 2 0 0 2 3 0 3 5 1 0 4 2 4 1 0 5 12
21510904 548 0 1 0 2 1 0 0 0 0 0 0 0 12 6 3 3 1 4 4 0 4 2 3 3 0 0 0 1
21510905 541 1 1 1 0 3 1 0 0 0 0 1 0 0 3 1 0 2 0 6 3 2 0 0 3 6 0 3 3 12
21510906 569 0 1 0 3 1 0 0 0 0 0 0 0 6 4 0 0 8 7 4 2 12 3 1 1 2 0 0 0
21510907 515 3 1 1 3 1 0 1 1 0 0 0 0 2 0 1 2 2 0 0 3 3 12 3 3 5 2 0 3 3 4 5
21510908 564 11 2 3 3 1 1 2 3 1 1 2 2 1 0 3 1 0 0 0 0 4 4 3 0 5 0 2 2 4 3 0 12 4 6 0 1 4 1 3
21510909 570 6 2 1 2 2 3 1 1 0 3 1 0 0 0 0 2 3 1 0 0 0 1 3 1 0 1 5 2 4 2 0 4 12 5
21510910 497 6 3 1 3 1 2 2 1 0 2 1 0 0 0 0 2 2 2 3 7 0 0 4 6 1 1 3 5 3 0 3 12 0 2
21510911 544 2 2 3 1 0 2 1 0 0 0 0 0 1 1 0 1 1 1 0 0 12 2 3 3 5 6 0 0 4 4
21510912 547 6 3 2 2 1 1 3 1 0 1 1 0 0 0 0 2 2 2 0 2 0 0 3 0 1 6 2 3 4 12 0 0 5 4
21510913 501 8 3 1 3 2 2 3 1 2 1 0 1 1 0 0 0 0 2 3 3 2 3 1 1 0 2 3 4 1 4 6 12 3 0 2 0
21510914 620 8 1 1 2 3 1 3 2 1 1 0 3 1 0 0 0 0 4 2 2 0 0 0 2 5 3 2 6 7 5 6 0 12 3 0 3
21510915 557 11 3 3 1 1 1 3 3 2 1 2 2 1 0 2 1 0 0 0 0 4 3 4 0 6 0 0 3 6 12 2 3 6 3 0 4 1 4 0
21510916 589 4 1 2 3 2 1 0 2 1 0 0 0 0 1 2 1 1 0 0 0 0 3 1 1 2 4 4 5 0 12 7 5
21510917 607 2 2 2 1 0 3 1 0 0 0 0 0 2 0 3 1 1 12 0 3 4 5 0 6 4 4 0 4 3 0
21510918 504 11 3 1 1 1 2 3 2 1 2 3 2 1 0 3 1 0 0 0 0 4 4 3 3 2 1 0 2 7 3 1 3 1 12 0 2 0 0 0
21510919 549 7 2 3 1 1 2 1 2 1 0 3 1 0 0 0 0 3 3 1 12 3 4 4 4 6 5 0 1 3 4 3 0 0 3 2
21510920 588 11 2 1 3 1 2 1 1 2 3 2 3 1 0 3 1 0 0 0 0 4 4 3 0 2 5 12 0 3 1 3 2 3 4 3 0 0 0 1
21510921 567 5 3 2 1 3 1 1 0 2 1 0 0 0 0 2 1 2 2 4 1 4 12 4 5 0 4 9 4 0 0 0 2 1
21510922 472 5 3 1 2 1 3 1 0 3 1 0 0 0 0 2 1 2 12 3 7 1 7 6 5 2 5 2 4 0 0 0 6 3
21510923 481 1 3 1 0 1 1 0 0 0 0 0 0 1 1 3 0 0 0 6 3 2 0 2 3 4 0 12 6 5
21510924 497 9 1 1 1 2 3 1 2 3 3 1 0 2 1 0 0 0 0 4 2 3 5 7 3 2 12 6 2 0 3 3 0 0 3 1 0 0
21510925 583 5 2 3 3 1 3 1 0 2 1 0 0 0 0 1 1 3 2 1 2 0 0 3 4 3 3 1 3 5 0 3 12 1
21510926 591 1 3 1 0 2 1 0 0 0 0 0 0 1 0 12 2 3 6 3 1 3 0 1 5 4 0 0 3 3
21510927 531 4 3 1 2 3 1 0 1 1 0 0 0 0 1 1 2 0 0 2 12 0 3 0 8 3 1 5 4 2 3 3 3
21510928 576 6 3 3 1 1 1 2 1 0 1 1 0 0 0 0 3 1 2 0 0 2 2 0 0 4 4 0 3 7 5 2 3 6 12
21510929 607 5 2 3 2 1 2 1 0 1 1 0 0 0 0 1 3 1 1 3 0 3 0 3 6 5 2 5 3 1 0 3 7 12
21510930 536 8 2 2 2 1 3 3 1 3 1 0 1 1 0 0 0 0 2 3 3 7 3 1 0 12 4 3 2 1 2 1 2 0 0 3 0
21510931 606 1 2 1 0 2 1 0 0 0 0 0 1 0 12 1 4 5 1 5 7 1 5 3 3 5 3 2 0 0
21510932 532 0 1 0 1 1 0 0 0 0 0 0 0 0 3 1 8 2 3 4 12 2 4 3 6 1 0 2 0
21510933 524 4 3 3 2 3 1 0 2 1 0 0 0 0 0 1 3 12 6 1 0 2 4 4 0 2 1 2 1 1 1 0 0
21510934 518 7 3 1 2 1 1 2 3 1 0 3 1 0 0 0 0 3 2 2 2 0 0 0 2 4 0 1 5 4 6 8 3 12 5 0
21510935 529 4 1 2 3 2 1 0 3 1 0 0 0 0 1 2 1 1 4 3 12 0 1 5 6 0 4 7 2 1 2 3 0
21510936 541 3 2 1 2 1 0 3 1 0 0 0 0 1 2 0 2 0 0 0 4 1 0 0 12 4 3 0 5 3 7 1
21510937 603 3 2 1 2 1 0 1 1 0 0 0 0 1 2 0 1 0 2 0 2 7 3 3 0 4 5 7 0 6 1 12
21510939 545 10 2 2 1 1 3 1 2 2 3 3 1 0 3 1 0 0 0 0 3 4 3 0 0 4 1 0 2 5 3 0 0 5 3 1 3 12 4
21510940 552 5 2 3 3 1 2 1 0 1 1 0 0 0 0 1 2 2 0 0 3 3 3 0 6 3 0 12 3 5 0 2 1 8
21510941 539 2 3 1 3 1 4 0.33333333333333331 5 0.33333333333333331 6 0.33333333333333331 1 0 1 0 5 12 3 0 0 5 3 3 0 2 3 0 0 3 3
21510942 571 7 1 1 1 1 3 2 2 1 0 2 1 0 0 0 0 4 2 1 0 2 1 4 3 12 5 5 0 4 2 6 0 0 0 3
21510943 593 7 2 2 1 2 1 3 3 1 0 1 1 0 0 0 0 2 3 2 3 8 5 12 2 3 6 0 3 0 1 1 0 0 4 2
21510944 510 0 1 0 1 1 0 0 0 0 0 0 0 0 4 4 3 0 3 12 6 3 6 4 3 0 2 0 3
21510945 579 9 2 2 3 3 2 2 1 1 3 1 0 1 1 0 0 0 0 2 4 3 0 0 0 3 1 3 3 6 0 3 4 4 0 5 3 12
21510946 549 7 2 3 2 3 2 1 1 1 0 2 1 0 0 0 0 2 3 2 1 0 6 3 3 5 6 8 1 5 6 7 0 3 3 12
21510947 510 10 1 3 1 3 1 2 2 1 3 2 1 0 3 1 0 0 0 0 4 3 3 12 6 4 2 3 4 1 0 0 4 0 0 0 2 0 0
21510948 520 11 1 3 1 3 3 3 2 1 1 2 2 1 0 2 1 0 0 0 0 4 3 4 0 0 3 6 0 12 5 3 0 1 1 5 2 3 3 2
21510949 499 7 3 1 1 1 1 3 3 1 0 2 1 0 0 0 0 4 0 3 6 12 5 0 4 3 5 1 2 3 2 2 5 0 2 0
21510950 464 0 1 0 1 1 0 0 0 0 0 0 0 3 12 4 1 3 4 3 0 4 6 2 0 2 0 3 0
21510951 537 0 1 0 2 1 0 0 0 0 0 0 0 0 0 1 2 0 2 1 3 3 1 5 3 3 12 3 4
21510952 602 6 1 3 2 1 3 3 1 0 2 1 0 0 0 0 2 1 3 3 0 0 0 1 6 0 0 2 3 4 2 12 6 3 1
21510953 561 5 1 2 1 1 3 3 1 4 0.33333333333333331 5 0.33333333333333331 6 0.33333333333333331 3 1 1 0 0 0 3 1 3 0 0 12 5 3 2 2 5 6 2
21510954 485 11 1 2 2 1 3 3 2 2 1 3 3 1 0 1 1 0 0 0 0 3 4 4 0 0 3 2 0 0 4 1 4 12 3 1 4 4 4 2
21510955 549 7 2 2 1 3 1 1 2 1 0 2 1 0 0 0 0 3 3 1 3 0 0 0 4 3 0 0 7 3 3 1 12 6 7 3
21510956 542 11 3 1 2 3 1 1 2 3 2 2 3 1 0 1 1 0 0 0 0 3 4 4 3 1 4 1 12 2 3 3 7 4 2 0 4 0 3 0
21510957 458 7 3 2 3 2 2 3 1 1 0 1 1 0 0 0 0 1 3 3 0 1 0 0 0 3 2 4 1 3 4 5 2 4 1 12
21510959 566 3 3 3 1 1 0 2 1 0 0 0 0 1 0 2 12 0 7 0 5 4 3 0 6 5 2 1 3 5 0 0
21510960 514 6 3 2 3 2 3 2 1 0 1 1 0 0 0 0 0 3 3 2 1 2 1 3 6 4 1 0 4 6 3 12 7 4 1
21510961 545 5 3 3 1 2 2 1 0 1 1 0 0 0 0 1 2 2 0 0 0 1 3 3 0 0 4 3 4 3 12 4 2 3
21510962 585 0 1 0 1 1 0 0 0 0 0 0 0 0 0 2 0 6 3 3 1 5 2 8 0 4 5 12 0
21510964 646 4 3 2 1 3 1 0 2 1 0 0 0 0 1 1 2 0 0 3 1 3 6 3 1 5 4 5 8 0 2 4 12
21510965 553 10 3 3 2 2 3 2 1 2 1 1 1 0 1 1 0 0 0 0 3 4 3 2 4 12 0 5 3 3 0 2 1 1 7 0 3 0 0
21510966 532 2 3 2 1 0 3 1 0 0 0 0 0 1 1 0 2 4 12 2 0 0 6 0 3 1 6 0 0 1 1
21510967 632 4 3 2 3 2 1 0 2 1 0 0 0 0 0 2 2 12 6 3 3 3 5 1 0 3 1 6 1 0 0 0 3
21510968 551 7 2 3 1 2 3 1 3 1 0 2 1 0 0 0 0 2 2 3 4 4 5 0 12 2 0 1 7 1 4 2 0 1 0 0
21510969 563 4 1 2 2 1 1 0 3 1 0 0 0 0 2 2 0 0 2 0 0 3 1 12 1 0 0 4 3 0 4 2 3
21510970 547 8 3 3 2 3 1 2 1 2 1 0 3 1 0 0 0 0 2 3 3 0 1 1 0 3 7 4 2 1 6 4 12 3 5 3 2
21510971 581 9 2 3 2 1 3 2 1 1 3 1 0 3 1 0 0 0 0 3 3 3 1 2 3 0 4 2 1 0 12 4 1 0 5 5 3 2
21510972 568 7 3 2 3 3 3 1 1 1 0 1 1 0 0 0 0 2 1 4 3 2 2 3 4 3 3 0 3 5 4 1 4 12 3 2
21510973 573 5 2 1 3 2 3 1 0 1 1 0 0 0 0 1 2 2 0 0 2 3 4 2 3 1 0 1 4 5 2 1 12 3
21510974 606 7 3 1 3 1 3 3 1 1 0 2 1 0 0 0 0 3 0 4 2 0 0 0 2 3 5 3 0 1 3 6 2 4 3 12
21510975 566 3 1 2 3 1 0 1 1 0 0 0 0 1 1 1 0 2 3 0 3 3 5 3 5 3 3 1 12 4 2 0
21510976 509 4 3 3 2 1 1 0 1 1 0 0 0 0 1 1 2 0 0 2 0 2 1 1 3 6 3 2 0 12 8 8 4
21510977 561 11 1 1 3 3 2 3 2 2 1 1 3 1 0 2 1 0 0 0 0 4 3 4 4 3 0 0 3 5 3 1 12 6 5 0 2 4 0 0
21510978 479 8 2 1 3 2 3 1 2 3 3 1 6 0.33333333333333331 7 0.33333333333333331 8 0.33333333333333331 2 3 3 0 1 0 0 0 1 5 3 0 2 4 4 2 3 1 12
21510979 492 7 3 3 2 1 1 2 3 1 0 2 1 0 0 0 0 2 2 3 3 4 4 4 0 3 4 5 0 0 2 12 0 1 1 3
21510980 625 1 3 1 0 2 1 0 0 0 0 0 0 1 0 0 0 3 0 0 3 4 0 3 5 7 1 4 12 3
21510981 508 3 1 3 2 1 0 3 1 0 0 0 0 1 1 1 3 1 3 0 3 5 1 0 2 7 4 0 2 12 3 3
21510982 535 7 1 2 2 2 3 1 1 1 0 3 1 0 0 0 0 3 3 1 0 3 0 0 0 3 4 0 0 1 7 4 2 12 6 4
21510983 564 2 1 3 1 0 2 1 0 0 0 0 1 0 1 12 5 2 0 5 2 0 0 3 0 1 3 0 0 0 1
21510984 486 11 1 1 1 3 1 2 3 2 3 2 2 1 0 3 1 0 0 0 0 4 4 3 0 0 0 2 0 0 4 5 1 0 5 4 1 4 2 12
21510985 604 0 1 0 2 1 0 0 0 0 0 0 0 1 0 3 3 1 4 6 1 0 5 7 2 0 2 3 12
21510986 550 9 3 3 2 2 1 1 1 2 2 1 0 3 1 0 0 0 0 3 4 2 3 0 0 0 12 2 2 1 1 6 3 8 1 4 3 0
21510987 505 8 1 3 2 2 3 2 2 1 1 0 1 1 0 0 0 0 2 4 2 5 4 3 0 8 4 7 0 12 5 3 3 0 3 1 0
21510988 560 11 2 1 1 3 3 2 3 3 1 2 2 1 0 1 1 0 0 0 0 3 4 4 4 12 0 1 4 6 7 0 4 4 3 0 0 0 2 0
21510989 583 6 1 2 2 1 2 1 1 0 3 1 0 0 0 0 3 3 0 0 12 5 2 2 4 3 1 0 5 4 3 3 1 3 0
21510990 537 7 1 1 3 2 1 2 3 1 0 2 1 0 0 0 0 3 2 2 0 4 3 12 0 1 6 3 0 1 4 0 2 0 2 3
21510991 497 7 1 2 2 1 1 3 3 1 0 2 1 0 0 0 0 3 2 2 12 4 1 0 7 4 2 0 4 3 0 0 3 0 3 3
21510992 570 7 2 3 2 1 3 2 3 1 0 2 1 0 0 0 0 1 3 3 3 4 0 0 0 5 6 12 3 1 5 6 1 1 2 1
21510993 624 2 3 2 1 0 3 1 0 0 0 0 0 1 1 2 3 5 12 1 3 4 3 1 6 5 1 0 2 0 0
21510994 513 1 2 1 0 1 1 0 0 0 0 0 1 0 8 4 7 1 4 3 3 0 12 1 3 2 0 4 2 0
21510995 533 8 3 3 3 1 1 2 1 2 1 0 2 1 0 0 0 0 3 2 3 12 6 5 2 7 4 4 3 1 0 3 0 0 0 3 0
21510996 575 0 1 0 2 1 0 0 0 0 0 0 0 5 3 3 3 4 6 5 0 12 1 1 3 0 0 4 2
21510997 533 9 1 1 1 2 2 3 3 2 3 1 0 1 1 0 0 0 0 3 3 3 0 0 0 3 1 0 0 0 3 2 4 0 12 6 4 2
21510998 574 4 1 2 3 3 1 0 2 1 0 0 0 0 1 1 2 1 0 0 3 0 1 12 5 0 0 2 5 0 3 4 3
21510999 546 1 2 1 0 3 1 0 0 0 0 0 1 0 12 3 2 1 8 5 0 0 3 1 0 0 2 1 0 0
21511000 503 1 3 1 0 1 1 0 0 0 0 0 0 1 6 12 4 0 3 2 3 0 3 1 4 0 3 1 2 2
21511001 553 10 1 2 3 1 3 2 2 1 3 3 1 0 1 1 0 0 0 0 3 3 4 3 2 0 0 4 3 0 2 6 5 3 0 12 8 1 0
21511002 586 8 2 2 2 2 1 3 1 3 1 0 1 1 0 0 0 0 2 4 2 0 0 3 0 12 2 3 0 3 4 6 1 1 4 3 3
21511003 566 5 1 3 1 2 1 1 0 2 1 0 0 0 0 3 1 1 4 3 3 3 8 7 2 3 12 3 5 0 0 0 3 0
21511004 621 10 1 1 3 2 1 3 3 2 2 2 1 0 3 1 0 0 0 0 3 4 3 3 1 2 4 0 0 3 7 0 0 7 12 0 1 3 0
21511006 569 8 1 3 3 2 1 3 2 1 1 0 1 1 0 0 0 0 3 2 3 0 3 0 0 2 3 2 12 1 4 3 3 0 3 3 2
21511007 579 7 3 2 1 1 3 2 1 1 0 1 1 0 0 0 0 3 2 2 0 3 0 2 12 7 3 3 5 5 6 3 3 2 3 0
21511008 583 9 2 1 3 2 1 3 1 1 2 1 0 2 1 0 0 0 0 4 3 2 3 3 4 3 5 6 1 0 12 3 2 0 3 0 0 0
21511009 511 2 2 3 1 0 1 1 0 0 0 0 0 1 1 5 12 0 1 2 5 2 0 3 1 3 2 3 0 1 0
21511010 563 8 1 1 3 2 3 2 2 3 1 0 2 1 0 0 0 0 2 3 3 0 0 1 0 3 0 1 0 12 5 3 3 4 3 3 0
21511011 561 11 1 2 2 1 3 1 2 1 2 3 3 1 0 3 1 0 0 0 0 4 4 3 1 12 3 6 0 2 5 3 0 3 4 1 0 2 3 0
21511012 538 6 2 2 2 3 1 1 1 0 3 1 0 0 0 0 2 3 1 0 0 2 0 3 1 1 12 0 4 5 6 0 3 3 3
21511013 589 7 3 2 2 1 2 1 2 1 0 3 1 0 0 0 0 2 4 1 1 3 0 0 3 5 1 0 2 7 5 1 12 8 5 3
21511014 516 9 2 1 2 3 1 2 1 2 3 1 0 3 1 0 0 0 0 3 4 2 3 2 0 0 3 4 3 0 12 5 1 0 1 4 4 3
21511015 601 10 2 2 2 1 3 1 3 2 3 1 1 0 3 1 0 0 0 0 3 4 3 0 0 0 3 2 3 6 1 1 0 12 3 0 3 3 4
21511016 550 7 1 1 2 3 1 2 3 1 0 1 1 0 0 0 0 3 2 2 2 3 5 4 7 12 1 2 0 3 4 3 0 0 5 2
21511017 609 1 2 1 0 3 1 0 0 0 0 0 1 0 0 0 3 2 6 1 1 0 5 4 3 3 12 7 6 5
21511018 525 4 3 2 1 2 1 0 2 1 0 0 0 0 1 2 1 2 1 3 0 12 1 1 0 4 3 6 3 3 0 3 0
21511019 524 5 2 2 1 3 3 1 0 2 1 0 0 0 0 1 2 2 3 0 0 0 3 1 3 0 4 1 0 0 12 3 1 2
21511021 587 0 1 0 1 1 0 0 0 0 0 0 0 3 0 3 3 0 2 6 4 0 3 5 8 0 3 5 12
21511022 540 7 3 2 3 1 2 1 3 1 0 1 1 0 0 0 0 2 2 3 0 0 1 2 0 4 3 0 6 2 6 3 0 12 4 3
21511023 572 0 1 0 3 1 0 0 0 0 0 0 0 0 0 2 0 1 3 1 12 0 2 5 4 0 3 2 1
21511024 611 9 3 1 3 2 2 2 3 1 3 1 0 1 1 0 0 0 0 2 3 4 0 0 1 0 2 2 12 3 0 0 1 5 0 3 4 3
21511025 508 2 1 2 1 0 1 1 0 0 0 0 1 1 0 1 1 0 2 3 2 2 3 0 5 6 5 0 5 7 12
21511026 623 10 2 1 3 3 2 1 1 3 2 2 1 0 1 1 0 0 0 0 3 4 3 1 3 5 2 0 0 6 3 0 4 2 12 3 1 0 0
21511027 621 3 1 2 3 1 0 2 1 0 0 0 0 1 1 1 3 2 5 1 12 4 4 3 1 5 3 3 0 3 3 0
21511028 491 2 1 2 1 0 1 1 0 0 0 0 1 1 0 2 0 0 0 12 4 3 0 1 4 5 3 3 3 2 3
21511029 517 2 1 2 1 0 3 1 0 0 0 0 1 1 0 5 3 1 3 3 4 3 4 2 12 8 2 0 1 6 0
21511030 464 2 2 2 1 0 1 1 0 0 0 0 0 2 0 1 3 4 5 4 1 5 7 0 2 4 12 0 3 3 0
21511031 576 4 1 3 1 1 1 0 3 1 0 0 0 0 3 0 1 4 6 12 0 2 3 4 2 2 5 2 3 0 3 3 1
21511032 557 4 2 1 3 2 1 0 3 1 0 0 0 0 1 2 1 12 7 4 0 3 5 4 5 3 5 3 3 0 0 1 0
21511034 556 10 3 1 2 2 1 3 2 3 3 1 1 0 2 1 0 0 0 0 3 3 4 0 0 0 1 2 0 8 0 3 5 0 4 1 3 3 12
21511035 511 5 3 2 2 1 3 1 0 3 1 0 0 0 0 1 2 2 3 1 5 12 2 3 2 7 0 0 1 3 0 0 0 1
21511036 558 3 3 2 2 1 0 3 1 0 0 0 0 0 2 1 12 3 0 2 4 7 1 0 4 3 3 0 0 1 1 0
21511037 526 7 3 2 3 2 1 1 3 3 1 7 0.33333333333333331 8 0.33333333333333331 9 0.33333333333333331 2 2 3 0 1 0 0 0 0 5 4 1 4 3 5 2 0 2 12
21511038 597 11 3 3 2 1 2 1 2 3 3 1 1 1 0 2 1 0 0 0 0 4 3 4 12 4 3 3 3 3 4 0 4 7 1 6 0 3 2 0
21511039 563 0 1 0 3 1 0 0 0 0 0 0 0 12 7 2 1 7 5 0 0 3 1 4 0 2 0 0 0
21511040 488 8 1 2 2 1 1 2 3 3 1 0 3 1 0 0 0 0 3 3 2 2 0 1 1 0 4 2 3 3 1 5 2 0 3 7 12
21511041 498 0 1 0 2 1 0 0 0 0 0 0 0 0 4 2 0 3 1 1 0 1 4 6 5 2 3 12 3
21511042 597 8 2 3 2 1 3 2 1 1 1 0 1 1 0 0 0 0 3 3 2 0 0 3 0 0 1 4 12 2 3 5 4 2 3 3 3
21511043 569 0 1 0 1 1 0 0 0 0 0 0 0 0 0 3 6 2 12 3 0 2 3 4 1 3 3 3 0
21511045 584 9 2 3 2 2 3 2 1 3 1 1 0 1 1 0 0 0 0 2 4 3 3 0 0 3 4 3 3 6 5 6 5 0 1 3 12 0
21511046 516 4 3 2 1 3 1 0 3 1 0 0 0 0 1 1 2 0 1 1 2 3 4 3 1 5 7 2 0 12 3 5 2
21511047 438 6 3 1 1 1 1 2 1 0 2 1 0 0 0 0 4 1 1 4 3 3 12 0 5 6 3 0 2 3 0 3 0 2 0
21511048 547 7 1 1 1 3 2 2 2 1 0 3 1 0 0 0 0 3 3 1 8 0 0 0 1 12 2 1 2 5 3 0 5 3 3 0
21511049 510 10 2 3 2 2 1 3 2 3 1 3 1 0 1 1 0 0 0 0 2 4 4 2 4 3 12 3 5 3 3 4 6 4 1 0 3 0 1
21511050 523 9 2 1 3 3 3 2 2 2 1 1 0 1 1 0 0 0 0 2 4 3 3 1 0 0 0 3 2 4 0 4 5 1 0 4 5 12
21511051 471 8 1 3 1 3 1 3 3 2 1 0 1 1 0 0 0 0 3 1 4 2 0 0 0 0 2 2 0 2 1 6 1 0 5 2 12
21511052 614 9 3 3 3 2 3 1 1 2 1 1 0 2 1 0 0 0 0 3 2 4 4 4 1 0 3 4 5 0 3 12 3 2 1 0 2 0
21511053 540 2 1 2 1 0 1 1 0 0 0 0 1 1 0 0 2 5 12 0 1 3 5 0 1 2 2 1 0 2 0
21511055 563 2 2 3 1 0 2 1 0 0 0 0 0 1 1 4 12 5 1 1 6 5 1 0 3 3 0 2 0 0 0
21511056 539 3 1 2 3 1 0 3 1 0 0 0 0 1 1 1 3 12 1 1 2 3 4 2 4 4 0 0 1 2 0 0
21511057 618 3 2 2 1 1 0 2 1 0 0 0 0 1 2 0 3 3 3 1 12 6 4 1 4 3 4 0 0 3 0 0
21511058 620 7 2 3 1 1 1 3 2 1 0 1 1 0 0 0 0 3 2 2 0 0 0 3 1 12 3 0 4 4 5 7 2 2 2 3
21511059 566 11 1 2 2 1 3 3 2 3 1 1 2 1 0 3 1 0 0 0 0 4 4 3 12 6 1 3 3 6 4 2 4 4 2 0 0 1 0 0
21511060 499 1 2 1 0 3 1 0 0 0 0 0 1 0 0 0 0 3 0 0 6 3 1 0 5 3 2 5 1 12
21511061 563 10 3 2 1 2 2 1 1 2 3 3 1 0 3 1 0 0 0 0 3 4 3 12 4 4 1 4 6 2 0 1 0 2 0 0 1 0 0
21511062 509 10 3 3 2 1 3 3 1 1 2 1 1 0 2 1 0 0 0 0 4 2 4 0 1 0 2 0 0 3 4 0 0 4 6 2 7 4 12
21511063 498 11 1 3 3 1 1 3 2 2 3 2 1 1 0 2 1 0 0 0 0 4 3 4 0 0 0 4 0 2 3 4 0 3 4 7 1 3 5 12
21511064 468 0 1 0 3 1 0 0 0 0 0 0 0 3 0 3 0 2 3 1 2 4 6 4 0 8 7 12 1
21511065 439 10 3 2 1 3 3 2 2 1 1 1 1 0 3 1 0 0 0 0 4 3 3 0 2 6 0 3 1 7 3 3 6 2 12 2 4 3 1
21511066 558 6 2 1 3 3 1 3 1 0 1 1 0 0 0 0 2 1 3 2 0 2 12 3 1 5 4 3 1 3 2 0 4 2 3
21511067 585 9 1 1 3 3 2 1 2 3 3 1 0 2 1 0 0 0 0 3 2 4 2 3 4 12 0 1 3 4 2 4 5 8 0 1 0 3
21511068 598 4 2 1 3 3 1 0 2 1 0 0 0 0 1 1 2 0 3 7 12 3 6 5 5 0 2 1 3 0 0 0 1
21511069 570 8 2 1 2 3 2 2 1 1 1 0 3 1 0 0 0 0 3 4 1 2 3 0 0 3 5 4 0 12 3 0 6 1 3 1 3
21511070 555 11 3 2 3 2 2 3 1 1 1 1 2 1 0 3 1 0 0 0 0 4 4 3 0 0 0 3 0 3 4 3 1 6 4 4 12 7 7 2
21511071 555 2 3 1 1 0 2 1 0 0 0 0 1 0 1 0 0 0 5 5 3 0 0 4 4 5 3 12 6 3 3
21511072 553 2 1 1 1 0 2 1 0 0 0 0 2 0 0 12 4 2 0 8 4 3 3 5 2 3 0 0 1 0 0
21511073 580 4 3 3 1 2 1 0 1 1 0 0 0 0 1 1 2 0 0 2 2 1 3 4 3 3 5 5 0 4 12 0 0
21511074 496 0 1 0 1 1 0 0 0 0 0 0 0 1 0 2 0 3 0 2 0 12 1 3 0 4 6 2 3
21511075 577 10 3 3 1 2 1 2 1 3 2 1 1 0 2 1 0 0 0 0 4 3 3 0 0 0 3 3 3 5 3 1 6 3 0 12 2 4 3
21511076 612 8 2 1 3 1 1 2 3 2 1 0 3 1 0 0 0 0 3 3 2 12 4 4 3 6 3 3 0 3 3 1 0 2 0 0 0
21511077 632 0 1 0 2 1 0 0 0 0 0 0 0 0 3 3 0 3 5 0 0 3 6 1 0 12 1 5 2
21511078 625 0 1 0 1 1 0 0 0 0 0 0 0 4 3 2 1 12 7 5 3 0 5 0 3 0 2 0 3
21511079 607 3 3 2 3 1 0 1 1 0 0 0 0 0 1 2 1 6 7 12 0 4 3 3 2 0 2 0 0 1 3 0
21511080 563 7 2 1 1 2 3 2 3 1 0 3 1 0 0 0 0 2 3 2 0 3 0 0 1 4 5 3 1 3 6 4 0 2 6 12
21511081 511 5 3 1 3 1 2 1 0 2 1 0 0 0 0 2 1 2 2 4 0 3 1 7 3 0 4 6 4 0 3 4 12 0
21511082 526 5 1 3 1 3 3 1 0 3 1 0 0 0 0 2 0 3 2 1 0 0 0 6 2 12 0 5 3 4 0 2 3 3
21511085 559 9 1 1 2 1 3 3 2 1 3 1 0 2 1 0 0 0 0 4 2 3 3 0 3 2 5 1 0 0 5 6 2 0 12 3 3 0
21511086 636 0 1 0 2 1 0 0 0 0 0 0 0 0 3 0 0 3 6 6 3 0 7 5 8 3 1 3 12
21511087 578 11 2 3 2 1 3 2 1 1 3 3 2 1 0 1 1 0 0 0 0 3 4 4 4 12 1 4 0 0 4 2 1 0 6 3 2 0 3 4
21511088 588 0 1 0 1 1 0 0 0 0 0 0 0 4 12 6 3 3 1 3 0 0 3 4 2 0 0 0 2
21511089 535 2 2 3 1 0 1 1 0 0 0 0 0 1 1 3 12 3 3 3 5 1 4 1 3 2 0 3 2 0 0
21511090 541 3 1 3 1 1 0 1 1 0 0 0 0 2 0 1 0 2 0 0 0 2 5 0 0 3 4 4 3 12 5 2
21511091 477 11 1 3 2 1 2 1 3 2 1 3 2 1 0 3 1 0 0 0 0 4 4 3 0 0 4 4 0 3 6 5 0 1 3 12 2 0 3 0
21511092 546 7 3 1 2 3 1 1 2 1 0 3 1 0 0 0 0 3 2 2 0 3 2 0 0 1 2 4 0 5 3 6 3 4 4 12
21511093 463 6 2 1 1 3 2 1 1 0 2 1 0 0 0 0 3 2 1 0 0 2 0 4 3 1 0 4 6 3 0 5 7 12 3
21511094 633 5 1 2 1 3 2 1 0 1 1 0 0 0 0 2 2 1 3 3 3 0 5 7 2 0 7 4 0 2 12 1 0 0
21511095 484 8 2 1 3 2 3 1 1 1 1 0 3 1 0 0 0 0 4 2 2 0 0 2 0 2 3 4 5 0 1 12 4 2 1 2 4
21511096 545 4 1 3 1 2 1 0 3 1 0 0 0 0 2 1 1 3 1 3 1 12 7 6 6 7 5 2 2 0 3 3 2
21511097 578 1 1 1 0 2 1 0 0 0 0 1 0 0 0 4 2 3 0 4 5 1 3 5 6 12 0 3 0 3
21511098 534 9 3 2 1 1 1 1 3 2 3 1 0 2 1 0 0 0 0 4 2 3 0 3 0 3 0 4 6 4 0 0 3 12 2 3 3 4
21511099 498 3 3 2 3 1 0 2 1 0 0 0 0 0 1 2 3 0 2 1 5 3 0 0 12 3 0 0 1 7 1 0
21511100 551 3 1 2 2 1 0 1 1 0 0 0 0 1 2 0 3 2 0 3 3 0 0 0 3 6 3 1 12 4 0 0
21511101 540 0 1 0 2 1 0 0 0 0 0 0 0 12 1 4 0 4 3 3 1 3 4 0 0 3 2 0 0
21511103 571 7 2 2 2 2 3 1 1 1 0 3 1 0 0 0 0 2 4 1 0 0 3 0 3 3 0 0 3 5 6 0 12 1 6 1
21511104 544 1 1 1 0 3 1 0 0 0 0 1 0 0 1 5 2 3 0 2 6 1 3 3 2 12 0 0 0 3
21511105 587 10 1 2 3 1 1 1 3 3 2 2 1 0 3 1 0 0 0 0 4 3 3 3 1 2 4 1 5 5 12 0 0 3 0 0 0 2 2
21511106 552 8 2 1 3 3 2 3 1 2 1 0 2 1 0 0 0 0 2 3 3 0 0 1 1 2 4 3 3 3 7 4 1 12 5 3 0
21511107 522 3 3 3 1 1 0 2 1 0 0 0 0 1 0 2 0 3 5 12 1 3 5 3 2 3 0 3 0 0 0 3
21511108 625 6 3 1 3 1 1 3 1 0 2 1 0 0 0 0 3 0 3 0 0 3 2 0 12 3 2 0 4 4 2 6 3 1 4
21511109 528 8 2 3 1 1 3 2 2 3 1 0 1 1 0 0 0 0 2 3 3 0 2 0 0 3 1 0 3 5 5 6 0 12 2 1 0
21511110 597 3 3 1 2 1 0 3 1 0 0 0 0 1 1 1 12 5 2 0 3 6 3 1 6 2 0 1 0 3 0 0
21511111 571 7 2 1 3 3 2 2 2 1 0 3 1 0 0 0 0 1 4 2 0 1 0 3 0 3 5 1 1 4 4 4 0 1 2 12
21511112 608 11 2 1 1 1 2 1 3 3 3 3 2 1 0 2 1 0 0 0 0 4 3 4 0 0 3 0 0 3 5 4 0 3 4 6 1 2 4 12
21511113 600 0 1 0 3 1 0 0 0 0 0 0 0 2 0 0 0 1 4 1 12 0 7 5 5 0 2 3 4
21511114 637 10 1 1 3 1 2 2 3 3 2 1 1 0 3 1 0 0 0 0 4 3 3 0 12 2 3 0 4 6 3 2 1 5 7 0 2 1 0
21511115 558 9 1 2 1 1 3 2 3 1 2 1 0 3 1 0 0 0 0 4 3 2 0 2 7 3 3 3 6 12 3 4 7 1 0 6 5 2
21511116 514 0 1 0 2 1 0 0 0 0 0 0 0 1 2 3 3 12 3 3 0 5 5 0 0 0 1 0 0
21511117 504 8 3 2 2 3 3 3 1 2 1 0 2 1 0 0 0 0 1 3 4 0 0 1 0 0 3 0 1 0 4 3 3 1 3 8 12
21511118 555 2 1 2 1 0 1 1 0 0 0 0 1 1 0 6 0 0 0 12 4 0 3 4 5 4 2 1 4 2 0
21511119 563 7 3 1 3 1 2 2 1 1 0 2 1 0 0 0 0 3 2 2 2 12 7 3 0 3 6 8 0 1 5 2 0 0 1 3
21511120 560 2 1 2 1 0 2 1 0 0 0 0 1 1 0 3 0 0 0 12 2 4 0 5 3 1 0 4 3 1 4
21511121 619 10 1 2 2 1 1 3 3 2 1 2 1 0 3 1 0 0 0 0 4 4 2 3 2 6 3 12 5 3 3 1 3 0 0 0 0 0 3
21511122 535 4 1 3 3 2 1 0 1 1 0 0 0 0 1 1 2 0 5 3 12 2 2 6 3 1 0 1 0 0 0 0 2
21511123 451 11 2 1 2 1 3 2 2 3 1 3 3 1 0 1 1 0 0 0 0 3 4 4 0 2 0 0 1 2 3 12 3 4 3 4 0 0 3 1
21511124 553 1 1 1 0 2 1 0 0 0 0 1 0 0 2 2 0 1 3 4 1 3 0 1 6 4 0 4 2 12
21511125 532 6 3 2 1 1 3 1 1 0 2 1 0 0 0 0 3 1 2 0 4 12 4 0 3 4 8 0 3 0 4 2 3 0 5
21511126 583 3 1 3 1 1 0 2 1 0 0 0 0 2 0 1 0 0 2 0 1 2 4 4 0 0 6 5 0 12 3 3
21511127 530 9 1 1 3 2 2 3 1 3 2 1 0 3 1 0 0 0 0 3 3 3 5 3 0 0 12 4 0 2 4 2 1 0 1 0 0 0
21511128 560 10 3 2 1 3 1 2 3 1 2 3 1 0 1 1 0 0 0 0 3 3 4 0 0 1 0 5 2 12 2 5 4 4 0 6 2 1 0
21511129 540 5 1 3 2 2 1 1 0 1 1 0 0 0 0 2 2 1 0 0 4 3 2 2 4 5 0 0 1 5 0 0 4 12
21511130 586 1 1 1 0 3 1 0 0 0 0 1 0 0 1 5 6 0 3 2 5 0 6 3 12 2 2 1 0 0
21511131 590 6 1 3 1 3 2 3 1 0 2 1 0 0 0 0 2 1 3 0 0 3 0 0 0 3 0 1 3 5 2 3 6 8 12
21511132 550 7 3 1 3 1 3 2 1 1 0 1 1 0 0 0 0 3 1 3 12 2 3 3 5 4 2 0 7 1 2 0 2 0 0 0
21511133 538 2 3 2 1 0 2 1 0 0 0 0 0 1 1 0 1 3 1 2 3 5 2 1 4 6 4 1 0 12 3
21511134 575 2 1 3 1 0 2 1 0 0 0 0 1 0 1 5 6 3 0 6 4 3 0 12 4 2 1 0 3 0 0
21511135 552 1 3 1 0 1 1 0 0 0 0 0 0 1 2 0 0 2 1 0 0 4 1 12 4 2 0 4 3 3
21511136 527 1 2 1 0 3 1 0 0 0 0 0 1 0 0 3 0 0 1 2 2 1 3 8 1 0 12 5 5 0
21511137 564 2 3 2 1 0 3 1 0 0 0 0 0 1 1 8 0 0 0 12 3 3 3 4 5 1 0 3 3 4 0
21511138 537 4 3 1 2 2 1 0 3 1 0 0 0 0 1 2 1 5 0 0 0 3 1 4 12 0 1 6 5 0 0 4 2
21511139 577 3 2 1 1 1 0 1 1 0 0 0 0 2 1 0 3 1 0 3 5 2 3 2 5 6 3 0 2 12 4 0
21511140 538 11 3 2 3 1 1 2 2 2 3 3 1 1 0 1 1 0 0 0 0 3 4 4 5 8 12 4 0 5 1 3 6 0 2 3 0 0 0 3
21511141 585 10 2 1 3 1 1 2 2 2 3 3 1 0 1 1 0 0 0 0 3 4 3 0 0 3 0 3 2 2 0 6 6 1 1 12 2 4 1
21511142 506 3 1 3 3 1 0 3 1 0 0 0 0 1 0 2 0 0 0 1 3 2 6 3 0 0 4 12 0 4 2 3
21511144 524 6 2 1 3 2 1 3 1 0 1 1 0 0 0 0 2 2 2 0 4 7 12 0 0 5 5 3 2 4 3 0 0 0 3
21511145 580 11 3 3 2 2 1 2 3 1 1 3 1 1 0 2 1 0 0 0 0 4 3 4 3 4 3 1 6 5 3 0 12 3 2 0 0 0 0 3
21511146 642 4 3 1 2 3 1 0 2 1 0 0 0 0 1 1 2 3 1 2 0 4 4 12 0 1 5 3 3 3 3 0 0
21511147 570 7 3 2 3 3 2 2 2 1 0 1 1 0 0 0 0 0 4 3 3 3 12 4 0 3 4 3 1 1 5 3 0 0 1 0
21511149 482 10 3 3 1 3 2 2 3 1 2 1 1 0 2 1 0 0 0 0 3 3 4 3 7 12 0 8 7 3 0 3 3 1 1 2 0 3 0
21511150 581 1 1 1 0 1 1 0 0 0 0 1 0 0 0 5 7 12 2 2 6 2 0 1 3 4 3 3 0 0
21511151 588 5 1 1 2 1 1 1 0 2 1 0 0 0 0 4 1 0 3 0 0 0 2 2 4 3 5 5 3 2 12 6 1 0
21511152 532 10 2 1 3 1 3 2 1 3 1 2 1 0 2 1 0 0 0 0 4 3 3 12 4 2 2 2 1 6 1 1 5 3 0 3 0 0 0
21511153 504 7 2 2 1 3 1 3 3 1 0 2 1 0 0 0 0 2 2 3 0 1 0 0 4 5 0 0 7 4 5 3 12 4 1 2
21511154 515 1 3 1 0 3 1 0 0 0 0 0 0 1 0 0 3 2 0 0 1 0 12 5 3 1 4 7 2 0
21511155 493 1 3 1 0 1 1 0 0 0 0 0 0 1 0 1 2 0 12 4 3 0 6 3 3 2 2 6 1 3
21511156 566 0 1 0 1 1 0 0 0 0 0 0 0 2 3 4 12 3 1 4 8 0 2 3 4 0 2 0 1
21511157 445 4 1 3 2 1 1 0 3 1 0 0 0 0 2 1 1 3 3 0 0 5 6 4 0 1 12 2 0 0 2 0 3
21511158 447 6 3 1 2 3 1 3 1 0 1 1 0 0 0 0 2 1 3 0 3 4 0 2 3 5 1 1 4 12 3 2 2 3 2
21511159 549 2 2 2 1 0 3 1 0 0 0 0 0 2 0 12 7 1 0 4 4 4 0 4 1 5 2 1 0 0 0
21511160 555 9 1 3 2 3 2 1 2 3 1 1 0 1 1 0 0 0 0 3 3 3 0 2 0 0 12 3 4 4 4 5 4 3 1 2 0 0
21511161 495 6 3 3 2 1 3 3 3 1 4 0.33333333333333331 5 0.33333333333333331 6 0.33333333333333331 1 1 4 2 3 7 12 0 0 5 4 1 1 4 6 0 0 0 2
21511162 508 1 1 1 0 2 1 0 0 0 0 1 0 0 2 3 3 12 3 6 5 5 0 1 1 4 0 0 0 2
21511163 491 5 2 1 2 1 3 1 0 1 1 0 0 0 0 2 2 1 0 0 0 2 4 3 0 0 3 4 5 3 12 6 4 3
21511164 594 6 3 1 1 2 3 2 1 0 2 1 0 0 0 0 2 2 2 0 2 0 1 4 4 3 3 3 6 1 0 12 2 1 0
21511165 599 0 1 0 2 1 0 0 0 0 0 0 0 6 3 1 3 1 3 7 2 2 3 0 12 0 0 3 1
21511166 543 5 3 2 3 1 1 1 0 3 1 0 0 0 0 2 1 2 12 7 4 0 8 5 3 1 2 6 4 2 0 2 1 0
21511167 592 5 2 1 2 3 1 1 0 1 1 0 0 0 0 2 2 1 0 3 12 2 0 4 4 6 3 0 0 3 1 0 0 2
21511168 595 1 1 1 0 3 1 0 0 0 0 1 0 0 12 5 4 1 3 4 2 3 3 5 0 0 2 0 0 0
21511169 585 10 3 1 3 2 1 2 2 1 3 3 1 0 2 1 0 0 0 0 3 3 4 1 6 4 0 12 4 4 1 5 1 2 0 5 0 2 0
21511170 582 10 1 3 1 1 1 2 3 2 3 2 1 0 3 1 0 0 0 0 4 3 3 0 0 3 2 0 0 4 4 0 1 6 6 2 3 3 12
21511171 513 8 2 3 3 1 2 2 2 1 1 0 3 1 0 0 0 0 2 4 2 0 0 1 0 0 2 4 0 3 4 1 1 3 5 12 0
21511172 605 9 3 2 1 3 1 2 2 1 3 1 0 2 1 0 0 0 0 3 3 3 3 3 3 2 4 6 4 1 12 3 3 0 0 3 1 0
21511173 566 0 1 0 2 1 0 0 0 0 0 0 0 3 12 5 3 0 1 4 4 0 3 1 3 0 2 0 0
21511174 523 1 2 1 0 3 1 0 0 0 0 0 1 0 1 3 12 3 2 5 4 1 0 5 1 4 2 0 0 0
21511175 512 9 3 3 1 2 1 3 2 3 1 1 0 1 1 0 0 0 0 3 2 4 2 0 0 0 0 6 1 2 1 4 4 5 2 2 7 12
21511176 584 9 1 1 3 3 2 2 3 1 2 1 0 1 1 0 0 0 0 3 3 3 12 3 2 0 5 4 5 3 7 1 0 0 0 0 0 2
21511177 549 4 2 3 3 2 1 0 3 1 0 0 0 0 0 2 2 1 6 12 3 4 5 4 2 5 6 1 0 1 2 1 0
21511178 533 10 1 3 1 2 2 2 1 2 3 3 1 0 3 1 0 0 0 0 3 4 3 1 3 3 12 0 1 5 6 0 2 7 1 0 0 0 2
21511180 563 1 1 1 0 2 1 0 0 0 0 1 0 0 7 2 12 3 4 3 4 0 3 1 1 0 2 0 0 0
21511181 593 2 3 2 1 0 2 1 0 0 0 0 0 1 1 12 5 3 1 3 3 1 0 6 4 3 0 3 0 0 0
21511182 506 6 1 1 1 2 2 3 1 0 3 1 0 0 0 0 3 2 1 12 8 5 0 4 6 4 3 3 3 0 0 0 0 2 0
21511183 534 9 2 2 3 1 3 1 1 2 1 1 0 3 1 0 0 0 0 4 3 2 2 0 0 0 4 6 5 0 1 3 5 6 2 3 12 7
21511184 564 7 1 2 1 3 2 3 2 1 0 3 1 0 0 0 0 2 3 2 0 1 0 0 0 12 4 2 0 4 6 3 7 4 5 1
21511185 510 9 1 1 2 3 1 1 2 2 3 1 0 3 1 0 0 0 0 4 3 2 0 0 0 3 0 4 2 3 0 1 4 1 2 3 2 12
21511186 533 1 2 1 0 1 1 0 0 0 0 0 1 0 0 2 0 0 0 0 1 4 3 2 1 4 0 4 5 12
21511187 591 8 2 1 1 3 2 1 3 3 1 0 2 1 0 0 0 0 3 2 3 12 1 5 2 5 5 7 0 4 3 5 3 0 3 0 0
21511188 537 8 3 3 1 1 3 2 1 2 1 0 1 1 0 0 0 0 3 2 3 3 0 3 0 3 5 2 0 3 5 2 0 12 1 4 2
21511189 545 7 2 3 1 2 1 3 2 1 0 2 1 0 0 0 0 2 3 2 0 3 0 0 0 3 3 4 0 1 4 6 1 2 1 12
21511190 533 9 2 3 1 3 2 1 1 3 2 1 0 2 1 0 0 0 0 3 3 3 4 2 12 4 1 5 0 1 7 0 0 3 2 0 1 0
21511191 511 11 2 3 1 3 1 2 2 1 3 1 2 1 0 3 1 0 0 0 0 4 4 3 0 1 0 0 12 2 4 0 1 2 6 3 4 4 2 1
21511192 588 9 2 3 2 3 1 2 3 2 1 1 0 1 1 0 0 0 0 2 4 3 0 4 12 8 1 3 1 3 0 4 2 6 0 0 3 3
21511193 521 8 1 1 2 2 3 2 1 2 1 0 3 1 0 0 0 0 3 4 1 0 3 0 0 3 0 0 0 1 6 5 3 12 6 2 1
21511194 518 1 2 1 0 1 1 0 0 0 0 0 1 0 2 12 3 3 1 3 5 4 3 0 6 2 0 0 1 3
21511195 498 0 1 0 1 1 0 0 0 0 0 0 0 0 0 6 0 0 4 2 0 4 5 5 3 4 5 12 0
21511196 557 9 2 1 3 2 3 3 1 1 2 3 1 7 0.33333333333333331 8 0.33333333333333331 9 0.33333333333333331 3 3 3 1 3 0 0 0 2 0 4 0 0 5 7 0 3 3 12
21511197 555 1 2 1 0 2 1 0 0 0 0 0 1 0 0 0 2 0 0 1 3 1 3 5 5 0 3 1 12 0
21511198 563 1 2 1 0 3 1 0 0 0 0 0 1 0 0 12 7 5 0 3 4 6 3 0 5 4 0 0 0 1
21511199 581 8 3 2 1 3 1 1 1 2 1 0 2 1 0 0 0 0 4 2 2 12 3 4 3 7 3 4 0 1 6 4 2 0 2 6 0
21511200 524 9 1 2 2 1 3 3 1 2 1 1 0 3 1 0 0 0 0 4 3 2 4 12 3 0 4 4 6 0 0 2 1 3 0 2 0 0
