21510001 1056 9 1 2 2 1 1 3 3 2 3 1 0 1 1 0 0 0 0 3 3 3 1 2 0 2 1 4 3 2 3 2 13 0 3 4 3 1
21510002 879 10 1 3 2 1 2 3 2 1 3 3 1 0 1 1 0 0 0 0 3 3 4 0 3 1 4 2 2 4 3 1 4 6 13 0 3 3 2
21510003 905 1 3 1 0 3 1 0 0 0 0 0 0 1 2 7 1 4 4 1 13 3 2 3 3 0 1 2 0 0
21510005 941 3 2 2 3 1 0 3 1 0 0 0 0 0 2 1 0 3 0 0 1 3 0 1 4 3 1 0 13 2 5 0
21510006 914 1 2 1 0 1 1 0 0 0 0 0 1 0 3 0 4 8 4 2 3 3 3 13 1 4 2 3 5 1
21510007 908 11 2 1 2 1 3 3 1 2 2 3 1 1 0 3 1 0 0 0 0 4 4 3 0 3 3 3 3 3 13 5 2 2 3 4 0 0 1 1
21510009 999 2 2 3 1 0 3 1 0 0 0 0 0 1 1 0 0 2 1 0 5 3 6 0 1 5 8 3 3 3 13
21510010 904 2 1 3 3 1 8 0.33333333333333331 9 0.33333333333333331 10 0.33333333333333331 1 0 1 2 3 3 2 0 13 5 3 1 3 2 6 1 0 0 0
21510012 917 1 3 1 0 2 1 0 0 0 0 0 0 1 0 1 4 6 2 3 4 1 0 1 3 13 2 0 9 0
21510013 996 2 2 2 1 0 2 1 0 0 0 0 0 2 0 13 5 1 3 8 3 4 1 0 1 3 0 1 3 2 0
21510015 1004 6 3 1 3 1 2 3 1 0 2 1 0 0 0 0 2 1 3 13 5 4 0 6 3 3 0 7 3 1 0 0 2 0 3
21510018 749 7 3 1 1 2 3 3 1 1 0 2 1 0 0 0 0 3 1 3 2 6 3 2 1 13 4 2 0 0 3 0 0 0 1 0
21510019 860 4 1 1 3 2 1 0 3 1 0 0 0 0 2 1 1 0 3 0 5 0 0 3 3 0 2 5 4 3 13 4 5
21510020 909 6 1 3 1 1 3 3 1 0 2 1 0 0 0 0 3 0 3 0 13 3 6 2 6 3 2 0 4 1 2 0 0 0 3
21510021 922 8 1 3 1 3 1 2 2 2 1 0 1 1 0 0 0 0 3 3 2 13 3 3 4 7 6 8 0 6 3 0 2 0 4 3 0
21510022 977 6 2 1 2 3 3 2 1 0 3 1 0 0 0 0 1 3 2 0 0 0 2 1 1 3 1 4 3 6 0 13 3 4 0
21510023 1030 2 3 3 1 0 1 1 0 0 0 0 0 0 2 0 6 2 0 13 3 3 2 8 5 4 1 2 3 1 0
21510024 1039 1 1 1 0 3 1 0 0 0 0 1 0 0 1 0 3 4 0 4 5 4 0 2 1 13 2 8 3 2
21510026 1010 7 3 2 3 2 1 2 3 1 0 1 1 0 0 0 0 1 3 3 0 4 7 13 0 7 4 4 1 3 5 2 0 3 3 1
21510028 722 10 3 2 1 1 2 3 3 1 2 2 1 0 1 1 0 0 0 0 3 4 3 5 3 4 2 1 3 3 0 4 7 13 3 0 5 0 0
21510029 839 8 3 1 3 3 2 2 3 2 1 0 1 1 0 0 0 0 1 3 4 1 1 3 13 0 5 7 5 0 2 4 4 0 0 1 2
21510030 910 10 3 2 2 1 2 2 1 1 3 3 1 0 1 1 0 0 0 0 3 4 3 3 6 13 3 0 1 6 1 2 4 2 4 0 0 0 3
21510031 957 0 1 0 1 1 0 0 0 0 0 0 0 1 2 0 0 4 2 2 0 3 3 5 0 13 1 5 3
21510032 796 2 2 1 1 0 3 1 0 0 0 0 1 1 0 0 0 0 3 0 3 0 2 2 4 13 1 5 1 4 4
21510033 933 7 1 3 1 3 1 2 3 1 0 3 1 0 0 0 0 3 1 3 0 2 0 4 0 1 2 1 0 13 4 3 7 5 2 2
21510034 916 10 1 2 1 2 3 3 1 3 1 2 3 1 7 0.33333333333333331 8 0.33333333333333331 9 0.33333333333333331 4 3 3 0 2 0 0 0 13 1 3 0 5 4 3 3 3 0 2
21510035 968 2 2 1 1 0 3 1 0 0 0 0 1 1 0 3 2 2 1 2 13 0 0 1 5 7 0 1 5 0 0
21510036 816 4 1 3 1 3 1 0 2 1 0 0 0 0 2 0 2 0 0 0 1 2 2 2 3 5 1 0 0 13 5 5 3
21510040 847 8 2 2 3 3 1 1 2 1 1 0 1 1 0 0 0 0 3 3 2 0 1 0 3 13 4 4 0 3 1 3 2 2 3 0 2
21510041 764 10 3 3 2 1 2 2 1 3 2 1 1 0 3 1 0 0 0 0 3 4 3 13 2 5 1 1 3 3 0 3 4 7 3 1 4 2 0
21510042 844 3 1 2 3 1 0 1 1 0 0 0 0 1 1 1 2 1 0 0 3 6 1 0 3 5 7 4 3 2 13 2
21510043 962 5 3 2 1 1 1 1 0 3 1 0 0 0 0 3 1 1 0 3 3 13 0 4 6 4 0 2 3 3 3 0 2 4
21510044 890 7 3 1 3 2 1 1 2 1 0 3 1 0 0 0 0 3 2 2 3 7 13 1 2 5 4 4 0 3 3 6 0 0 0 2
21510045 903 2 1 2 1 0 3 1 0 0 0 0 1 1 0 0 1 2 3 0 1 0 2 0 5 3 2 5 1 13 3
21510047 886 8 3 1 1 2 1 2 2 2 1 0 3 1 0 0 0 0 3 4 1 3 1 4 13 0 0 8 8 0 3 6 3 0 0 3 0
21510048 980 11 1 2 3 1 2 2 3 3 2 1 1 1 0 3 1 0 0 0 0 4 4 3 0 0 1 0 1 3 2 3 2 8 5 3 6 13 4 3
21510049 915 2 2 2 1 0 2 1 0 0 0 0 0 2 0 0 0 0 3 3 1 6 3 0 1 5 8 1 4 5 13
21510050 877 0 1 0 3 1 0 0 0 0 0 0 0 4 13 5 1 3 4 4 7 1 2 6 2 3 0 0 3
21510051 889 3 1 3 1 1 0 3 1 0 0 0 0 2 0 1 0 13 2 2 3 7 3 2 0 3 5 1 3 2 1 5
21510052 838 11 3 3 3 2 2 1 2 1 3 2 1 1 0 1 1 0 0 0 0 3 4 4 13 3 2 1 4 6 3 4 3 1 6 3 2 0 0 0
21510054 911 3 1 2 1 3 1 8 0.33333333333333331 9 0.33333333333333331 10 0.33333333333333331 2 1 0 2 4 3 0 13 8 7 1 5 5 2 0 3 3 0 0
21510055 905 9 1 2 3 2 1 2 2 1 1 1 0 3 1 0 0 0 0 4 4 1 0 3 1 2 2 4 3 13 3 0 5 4 0 0 1 3
21510056 909 2 2 2 1 0 1 1 0 0 0 0 0 2 0 13 4 2 3 4 1 8 5 3 1 4 1 0 2 0 0
21510058 960 5 3 3 2 2 2 1 0 1 1 0 0 0 0 0 3 2 1 4 0 0 3 4 4 0 3 5 6 1 5 7 13 3
21510061 996 10 2 3 1 2 1 3 3 2 2 1 1 0 1 1 0 0 0 0 3 4 3 13 6 5 0 3 4 5 4 4 1 0 3 7 0 2 0
21510062 859 10 3 3 1 2 2 1 3 2 1 1 1 0 2 1 0 0 0 0 4 3 3 0 3 0 3 3 4 7 7 5 4 4 3 2 6 13 1
21510063 896 1 2 1 0 2 1 0 0 0 0 0 1 0 0 0 1 2 0 5 7 2 3 3 3 13 1 1 3 1
21510064 814 6 1 2 1 2 1 2 3 1 5 0.33333333333333331 6 0.33333333333333331 7 0.33333333333333331 3 3 0 13 5 4 1 5 4 0 0 4 2 0 0 4 0 0 0
21510067 772 0 1 0 1 1 0 0 0 0 0 0 0 0 3 4 13 0 3 6 8 0 0 2 5 1 0 0 2
21510070 935 5 1 3 2 3 1 1 0 1 1 0 0 0 0 2 1 2 0 0 8 0 9 3 3 0 5 3 13 0 3 2 3 2
21510071 769 3 1 3 3 1 0 2 1 0 0 0 0 1 0 2 0 1 0 4 2 4 1 2 3 2 5 5 0 1 13 3
21510072 930 10 3 1 3 2 2 1 3 2 3 2 1 0 1 1 0 0 0 0 2 4 4 13 7 6 0 3 6 4 2 3 6 3 1 8 7 1 0
21510073 914 7 3 1 3 2 2 2 1 1 0 1 1 0 0 0 0 2 3 2 0 0 2 0 5 5 0 0 8 6 3 1 13 4 3 0
21510075 894 10 3 3 2 1 3 3 2 2 1 1 1 0 2 1 0 0 0 0 3 3 4 0 0 0 2 0 2 13 3 1 5 4 1 1 0 3 4
21510078 836 10 1 3 3 2 1 1 1 3 3 2 1 0 2 1 0 0 0 0 4 2 4 3 3 0 0 3 2 4 3 4 13 1 2 3 6 5 0
21510079 907 3 3 2 1 1 0 3 1 0 0 0 0 1 1 1 2 1 4 1 3 4 13 0 4 3 0 0 1 2 2 0
21510082 960 8 1 1 2 3 3 2 3 3 1 0 1 1 0 0 0 0 2 2 4 2 3 0 0 0 2 5 2 1 7 3 3 5 1 8 13
21510083 879 0 1 0 1 1 0 0 0 0 0 0 0 3 0 3 0 1 3 1 2 13 3 5 0 2 5 2 3
21510085 1057 2 1 3 1 0 1 1 0 0 0 0 1 0 1 2 6 2 0 4 3 3 0 3 5 6 3 13 1 4 2
21510088 952 8 2 3 3 1 1 2 3 3 1 0 2 1 0 0 0 0 2 2 4 0 1 0 0 3 3 0 0 5 5 2 0 13 6 4 1
21510091 889 5 3 2 2 1 1 1 0 1 1 0 0 0 0 2 2 1 0 6 1 4 2 1 5 2 0 13 4 3 0 3 4 2
21510093 966 6 2 3 1 1 1 2 3 1 7 0.33333333333333331 8 0.33333333333333331 9 0.33333333333333331 3 2 1 4 2 6 13 3 9 4 3 0 3 6 7 0 0 1 2
21510096 898 2 2 2 1 0 1 1 0 0 0 0 0 2 0 1 0 0 0 3 13 4 0 3 5 4 1 3 6 4 2
21510097 929 8 3 2 3 1 3 2 3 1 1 0 1 1 0 0 0 0 2 2 4 3 3 3 5 2 5 3 3 0 3 7 13 0 2 1 0
21510098 817 0 1 0 1 1 0 0 0 0 0 0 0 0 2 3 3 3 4 13 1 1 2 5 3 2 3 0 0
21510099 914 3 1 3 3 1 0 2 1 0 0 0 0 1 0 2 4 1 4 2 0 3 3 13 0 2 8 6 1 0 0 3
21510100 967 0 1 0 1 1 0 0 0 0 0 0 0 0 3 3 4 3 7 13 5 3 4 3 6 2 0 0 4
21510101 869 1 1 1 0 2 1 0 0 0 0 1 0 0 0 0 0 2 3 1 6 2 4 5 3 1 6 13 3 7
21510102 863 6 2 1 1 3 1 2 1 0 3 1 0 0 0 0 3 2 1 3 4 1 0 1 7 6 5 3 2 4 3 2 2 13 0
21510103 976 0 1 0 3 1 0 0 0 0 0 0 0 1 4 3 13 2 6 3 3 0 3 4 3 0 0 0 3
21510104 859 11 2 2 1 1 2 1 3 3 3 1 3 1 0 2 1 0 0 0 0 4 3 4 3 13 4 2 6 4 5 0 3 4 8 1 0 0 3 0
21510105 865 9 1 2 3 2 1 2 3 1 2 1 0 3 1 0 0 0 0 3 4 2 0 3 0 1 7 2 3 0 8 7 3 1 13 3 0 0
21510106 936 10 2 2 3 3 1 2 2 3 3 1 1 0 1 1 0 0 0 0 2 4 4 0 0 2 1 0 0 2 3 0 4 5 4 1 13 3 1
21510107 838 0 1 0 1 1 0 0 0 0 0 0 0 0 2 0 0 0 2 7 6 1 2 0 13 0 0 3 1
21510109 927 7 1 3 2 1 3 1 3 1 0 3 1 0 0 0 0 3 1 3 2 3 2 3 0 5 3 5 0 3 1 13 0 2 0 0
21510110 899 2 1 1 1 0 2 1 0 0 0 0 2 0 0 2 3 6 2 1 4 3 13 0 5 3 3 0 0 0 3
21510111 924 8 1 3 3 3 2 3 2 2 1 0 2 1 0 0 0 0 1 3 4 1 5 3 0 3 4 1 4 13 3 2 1 0 0 1 0
21510112 1009 5 3 2 3 1 3 1 0 2 1 0 0 0 0 1 1 3 3 0 2 1 2 4 3 2 0 13 3 1 1 1 4 3
21510113 965 8 2 1 3 1 2 2 1 3 3 1 8 0.33333333333333331 9 0.33333333333333331 10 0.33333333333333331 3 3 2 13 2 4 1 3 6 4 2 1 3 0 0 0 0 3 0
21510117 854 2 3 3 1 0 1 1 0 0 0 0 0 0 2 0 0 3 0 13 4 3 2 5 4 1 1 2 2 3 0
21510118 816 0 1 0 3 1 0 0 0 0 0 0 0 0 4 0 2 1 3 1 0 1 5 3 3 13 2 2 3
21510119 953 8 3 2 2 1 3 1 2 1 1 0 2 1 0 0 0 0 3 3 2 13 3 1 4 2 5 4 0 4 3 0 0 0 1 3 0
21510123 964 8 1 2 2 3 3 3 2 1 1 0 1 1 0 0 0 0 2 3 3 0 3 2 2 0 7 4 3 0 0 3 1 1 3 4 13
21510126 898 8 2 2 3 1 3 1 1 2 1 0 1 1 0 0 0 0 3 3 2 0 3 0 3 13 7 2 2 1 6 4 3 3 3 3 3
21510127 760 6 2 3 1 1 3 1 1 0 2 1 0 0 0 0 3 1 2 3 0 3 3 6 3 1 0 5 2 0 0 13 8 2 0
21510128 982 2 2 3 1 0 1 1 0 0 0 0 0 1 1 0 0 2 0 0 2 3 13 3 1 5 3 1 3 4 6
21510129 948 11 3 3 3 2 2 1 1 3 1 2 1 1 0 2 1 0 0 0 0 4 3 4 3 3 4 13 3 4 3 8 0 0 4 3 0 3 5 7
21510130 888 6 2 1 1 1 3 3 1 0 3 1 0 0 0 0 3 1 2 3 4 13 7 4 3 2 2 1 5 0 0 4 2 3 0
21510131 948 11 1 2 3 2 3 2 1 3 1 3 1 1 0 2 1 0 0 0 0 4 3 4 0 2 3 0 1 2 3 3 0 5 13 5 4 3 5 1
21510133 773 2 1 3 1 0 2 1 0 0 0 0 1 0 1 1 4 3 13 2 4 1 4 0 7 3 2 0 1 3 2
21510134 976 2 3 2 1 0 3 1 0 0 0 0 0 1 1 2 3 5 13 8 1 4 3 0 1 5 3 0 0 1 2
21510136 854 6 1 2 1 2 3 1 1 0 3 1 0 0 0 0 3 2 1 2 2 0 0 1 3 5 6 3 3 3 3 3 4 13 0
21510137 845 7 1 3 2 2 2 3 1 1 0 3 1 0 0 0 0 2 3 2 3 6 7 13 3 5 4 3 0 2 0 1 0 0 0 1
21510138 941 1 1 1 0 2 1 0 0 0 0 1 0 0 0 0 4 1 13 2 2 1 9 5 3 0 3 3 4 0
21510139 814 0 1 0 1 1 0 0 0 0 0 0 0 0 1 1 13 3 1 8 3 0 5 4 5 2 2 2 2
21510145 962 11 1 2 1 1 2 2 2 3 3 1 3 1 0 3 1 0 0 0 0 4 4 3 1 0 4 13 2 5 4 1 3 2 7 4 0 1 0 2
21510146 880 2 2 1 1 0 3 1 0 0 0 0 1 1 0 3 13 2 2 5 6 4 3 0 2 1 3 0 0 1 1
21510147 943 9 1 2 1 3 1 3 3 1 2 1 0 2 1 0 0 0 0 4 2 3 2 4 13 5 3 2 1 4 0 4 6 4 0 0 0 3
21510148 804 5 3 3 1 2 2 1 0 3 1 0 0 0 0 1 2 2 1 1 2 3 5 7 5 4 0 2 4 1 0 3 3 13
21510149 897 7 1 3 2 2 3 2 3 1 0 1 1 0 0 0 0 1 3 3 0 0 0 2 0 0 1 1 0 2 7 3 1 3 6 13
21510150 1012 7 2 1 3 2 3 3 3 1 0 1 1 0 0 0 0 1 2 4 4 13 0 0 3 2 8 2 5 4 1 2 1 1 6 0
21510152 957 3 2 3 1 1 0 2 1 0 0 0 0 1 1 1 1 3 1 13 2 6 5 2 3 1 4 6 2 0 1 0
21510153 947 0 3 1 5 0.33333333333333331 6 0.33333333333333331 7 0.33333333333333331 0 0 0 0 0 3 13 0 2 6 5 1 2 4 1 0 0 0 3
21510155 872 7 2 3 3 3 2 1 1 1 0 2 1 0 0 0 0 2 2 3 0 1 0 0 3 4 13 2 3 5 1 4 7 5 1 2
21510157 773 5 1 1 3 2 2 1 0 3 1 0 0 0 0 2 2 1 0 4 6 5 0 3 13 4 3 0 0 3 3 0 0 0
21510159 913 3 3 1 1 1 0 2 1 0 0 0 0 2 0 1 13 0 3 0 3 6 3 2 2 5 4 1 3 3 3 0
21510161 917 4 2 1 2 3 1 0 2 1 0 0 0 0 1 2 1 3 1 5 1 13 3 0 0 5 0 2 1 3 5 0 0
21510162 797 1 2 1 0 3 1 0 0 0 0 0 1 0 13 3 4 3 4 7 5 1 4 3 0 0 3 0 0 0
21510163 981 10 1 3 2 1 3 3 1 3 1 2 3 1 6 0.33333333333333331 7 0.33333333333333331 8 0.33333333333333331 4 2 4 0 7 5 2 3 1 3 0 13 1 2 2 3 1 2 2
21510164 998 5 3 1 2 3 3 1 0 1 1 0 0 0 0 1 1 3 0 3 1 0 3 2 1 2 2 2 6 5 1 5 13 0
21510165 943 4 1 3 1 1 1 0 3 1 0 0 0 0 3 0 1 2 2 3 1 2 13 4 7 3 0 3 2 0 1 2 9
21510166 921 10 1 1 3 3 2 2 1 1 2 2 1 0 3 1 0 0 0 0 4 4 2 3 4 2 1 0 5 4 3 3 6 7 1 0 2 8 13
21510168 968 11 1 1 3 3 1 2 3 1 2 3 2 1 0 2 1 0 0 0 0 4 3 4 3 2 0 0 0 5 4 1 3 4 7 1 0 13 4 2
21510169 929 11 2 3 2 3 1 1 2 1 1 3 2 1 0 3 1 0 0 0 0 4 4 3 1 3 4 13 0 3 6 3 0 0 3 3 0 2 0 0
21510170 921 11 3 1 1 2 3 1 2 1 2 3 2 1 0 3 1 0 0 0 0 4 4 3 2 3 0 5 0 0 3 4 3 1 8 3 0 4 3 13
21510171 848 7 1 3 1 3 1 3 2 1 0 2 1 0 0 0 0 3 1 3 2 0 6 0 2 0 5 3 0 5 3 4 1 3 8 13
21510172 890 9 1 3 1 1 1 2 3 3 2 3 1 7 0.33333333333333331 8 0.33333333333333331 9 0.33333333333333331 4 2 3 3 0 3 0 4 4 8 2 2 13 3 1 2 2 1 0
21510173 1022 6 3 1 1 1 3 3 3 1 5 0.33333333333333331 6 0.33333333333333331 7 0.33333333333333331 3 0 3 0 2 5 13 0 3 4 5 3 0 3 3 0 0 2 2
21510175 903 10 1 3 2 1 3 1 3 2 2 1 1 0 2 1 0 0 0 0 4 3 3 0 3 0 0 0 0 3 13 0 3 5 4 3 0 2 1
21510177 706 6 2 2 3 1 1 2 1 0 2 1 0 0 0 0 2 3 1 0 5 8 7 0 9 3 1 1 3 4 13 0 0 3 0
21510178 1032 5 3 2 1 2 1 1 0 2 1 0 0 0 0 2 2 1 13 3 1 3 5 5 1 2 5 3 3 0 0 0 3 0
21510179 891 9 1 3 3 3 2 1 1 1 2 1 0 2 1 0 0 0 0 4 2 3 0 0 0 2 1 4 4 3 5 6 2 1 3 2 3 13
21510180 889 1 2 1 0 1 1 0 0 0 0 0 1 0 4 13 3 0 4 3 2 1 5 0 5 0 2 1 3 0
21510182 908 9 1 1 2 2 3 1 3 1 2 1 0 3 1 0 0 0 0 4 3 2 2 5 0 0 1 6 1 3 0 1 13 2 4 2 2 3
21510184 865 4 2 1 3 1 1 0 3 1 0 0 0 0 2 1 1 0 0 0 2 0 2 3 3 1 13 3 0 3 3 4 5
21510185 906 0 1 0 3 1 0 0 0 0 0 0 0 2 0 1 0 0 0 4 4 0 3 5 7 3 3 3 13
21510186 986 10 3 2 1 1 1 2 3 2 1 3 1 0 3 1 0 0 0 0 4 3 3 0 0 2 0 0 1 13 3 3 1 5 3 2 2 4 3
21510187 941 6 1 3 3 2 1 3 1 0 2 1 0 0 0 0 2 1 3 0 0 2 0 4 3 2 0 6 4 5 8 13 1 4 1
21510188 885 0 1 0 1 1 0 0 0 0 0 0 0 13 3 3 0 2 7 5 1 2 4 4 2 1 3 0 0
21510190 797 3 2 3 1 3 1 4 0.33333333333333331 5 0.33333333333333331 6 0.33333333333333331 1 1 1 0 13 3 1 0 2 5 3 1 2 8 4 0 1 3 2
21510191 904 0 1 0 3 1 0 0 0 0 0 0 0 1 0 3 6 0 7 13 6 3 2 4 2 0 0 3 1
21510192 806 2 3 1 1 0 2 1 0 0 0 0 1 0 1 0 1 0 2 0 1 4 3 2 4 6 8 3 3 13 3
21510195 769 5 1 2 1 3 2 1 0 1 1 0 0 0 0 2 2 1 2 4 3 3 4 6 13 4 3 3 3 6 0 0 3 0
21510196 1045 8 3 1 3 3 3 1 1 2 1 0 2 1 0 0 0 0 3 1 4 13 6 5 2 1 2 8 2 3 4 5 1 2 1 3 0
21510197 964 2 2 1 1 0 1 1 0 0 0 0 1 1 0 0 2 0 0 1 5 2 3 3 3 4 13 0 4 3 3
21510200 858 11 1 3 1 3 2 1 2 2 1 3 3 1 0 2 1 0 0 0 0 4 3 4 1 3 0 1 3 5 2 2 13 4 3 0 3 0 0 0
21510201 878 2 2 3 1 0 2 1 0 0 0 0 0 1 1 1 5 13 4 1 3 6 3 0 5 0 2 0 3 3 1
21510202 819 7 2 2 1 3 3 1 3 1 0 2 1 0 0 0 0 2 2 3 0 0 4 3 1 5 4 2 0 13 6 1 2 0 1 3
21510203 791 2 1 2 1 0 3 1 0 0 0 0 1 1 0 0 4 3 4 2 0 5 3 0 1 13 5 0 2 0 1
21510204 969 6 3 1 1 3 3 2 1 0 1 1 0 0 0 0 2 1 3 0 13 3 2 0 3 4 1 0 2 2 4 1 0 0 2
21510205 928 2 1 1 1 0 2 1 0 0 0 0 2 0 0 13 6 1 2 4 7 3 0 1 4 6 0 2 3 2 0
21510206 897 4 2 1 3 1 1 0 3 1 0 0 0 0 2 1 1 2 5 13 2 3 3 3 0 3 1 2 0 0 0 1 0
21510207 945 2 3 3 1 0 1 1 0 0 0 0 0 0 2 13 2 1 2 2 4 5 1 4 0 1 0 2 0 0 0
21510209 863 0 1 0 3 1 0 0 0 0 0 0 0 0 1 4 0 3 5 6 2 3 3 3 3 3 13 6 4
21510210 798 2 2 1 1 0 1 1 0 0 0 0 1 1 0 3 2 5 3 1 4 7 8 2 1 2 13 0 0 3 3
21510211 828 11 3 3 1 3 2 2 2 2 1 1 1 1 0 3 1 0 0 0 0 4 4 3 3 0 0 3 0 3 4 1 0 0 4 2 0 6 8 13
21510212 914 4 1 2 1 2 1 0 2 1 0 0 0 0 2 2 0 13 2 0 0 5 3 4 1 5 0 3 0 3 0 1 3
21510214 981 0 1 0 1 1 0 0 0 0 0 0 0 3 0 3 0 4 8 1 3 6 4 0 0 13 3 2 2
21510215 866 6 3 3 2 1 3 2 1 0 3 1 0 0 0 0 1 2 3 2 8 13 3 0 5 3 5 1 3 0 0 1 0 0 0
21510216 868 4 2 3 1 1 1 0 2 1 0 0 0 0 2 1 1 1 0 2 1 0 4 7 1 0 3 2 13 3 4 2 4
21510218 929 3 1 3 2 1 0 2 1 0 0 0 0 1 1 1 3 2 0 1 0 0 1 4 0 0 13 6 0 4 4 3
21510220 889 1 3 1 0 2 1 0 0 0 0 0 0 1 3 13 7 5 9 5 5 3 3 0 2 1 0 1 0 0
21510221 968 1 1 1 0 2 1 0 0 0 0 1 0 0 2 3 0 1 4 4 0 0 6 1 3 0 13 3 2 0
21510222 904 5 2 1 3 1 1 1 0 1 1 0 0 0 0 3 1 1 2 0 0 3 0 5 7 2 5 7 13 3 3 8 5 2
21510223 983 3 1 1 3 1 0 1 1 0 0 0 0 2 0 1 4 2 3 4 2 2 13 7 0 3 6 2 1 4 5 3
21510224 892 4 1 1 2 2 1 0 1 1 0 0 0 0 2 2 0 1 2 0 0 0 2 5 4 0 3 2 4 0 7 13 1
21510225 978 8 2 3 1 2 3 3 2 1 1 0 3 1 0 0 0 0 2 3 3 2 3 1 3 6 5 4 13 1 0 2 3 0 0 1 0
21510226 986 4 2 1 3 1 1 0 2 1 0 0 0 0 2 1 1 0 4 4 13 3 6 5 7 3 4 3 4 3 1 0 2
21510227 954 1 3 1 0 3 1 0 0 0 0 0 0 1 1 5 2 0 6 7 4 2 4 7 2 1 13 1 3 0
21510229 910 0 1 0 3 1 0 0 0 0 0 0 0 0 2 6 0 0 1 4 13 6 1 6 4 0 3 2 5
21510230 935 5 2 1 2 3 1 1 0 1 1 0 0 0 0 2 2 1 0 3 13 2 0 2 4 1 1 4 6 3 0 3 2 3
21510231 946 6 3 2 2 3 3 2 3 1 7 0.33333333333333331 8 0.33333333333333331 9 0.33333333333333331 0 3 3 2 13 1 3 1 8 6 2 1 4 8 1 0 1 0 3
21510232 693 6 2 2 2 1 3 3 1 0 3 1 0 0 0 0 1 3 2 3 13 7 4 0 4 5 4 0 1 7 2 0 1 1 0
21510234 758 9 1 3 2 1 2 3 2 3 1 1 0 1 1 0 0 0 0 3 3 3 2 5 2 3 7 3 4 8 13 7 6 0 0 6 1 0
21510235 1062 9 3 2 1 1 2 2 1 3 1 1 0 3 1 0 0 0 0 4 3 2 7 5 4 13 1 2 3 3 0 0 3 3 0 0 2 0
21510236 822 10 1 3 2 3 2 1 1 2 3 3 1 0 2 1 0 0 0 0 3 3 4 3 13 4 5 1 2 4 2 4 0 3 0 1 1 0 0
21510237 994 6 3 2 1 1 3 2 3 1 7 0.33333333333333331 8 0.33333333333333331 9 0.33333333333333331 2 2 2 4 3 13 3 4 5 3 0 2 4 0 0 0 0 0 1
21510238 901 1 1 1 0 3 1 0 0 0 0 1 0 0 0 4 0 3 1 8 6 13 3 2 4 6 0 3 2 5
21510239 857 1 2 1 0 2 1 0 0 0 0 0 1 0 13 3 1 4 1 5 5 3 1 2 7 0 1 0 2 0
21510240 1122 9 1 3 2 2 3 2 1 3 3 1 0 1 1 0 0 0 0 2 3 4 0 0 0 1 2 3 2 0 6 6 4 1 13 7 6 7
21510241 1013 7 1 2 3 1 2 2 3 1 0 2 1 0 0 0 0 2 3 2 0 0 2 1 13 2 3 3 1 5 5 7 1 3 1 3
21510242 971 7 2 1 1 3 1 2 1 1 0 2 1 0 0 0 0 4 2 1 0 6 4 3 2 3 13 4 0 0 0 4 0 0 0 3
21510243 858 11 1 2 1 3 2 3 3 1 2 2 3 1 0 1 1 0 0 0 0 3 4 4 0 0 0 1 2 5 3 2 3 6 4 0 13 4 1 0
21510244 870 6 1 3 3 2 2 3 1 0 1 1 0 0 0 0 1 2 3 3 3 2 0 1 13 6 0 3 2 4 3 1 5 0 3
21510246 926 11 3 2 2 1 3 2 3 2 3 1 1 1 0 1 1 0 0 0 0 3 4 4 0 0 3 2 1 6 7 13 3 4 5 8 2 1 3 3
21510247 972 4 3 2 1 2 1 0 1 1 0 0 0 0 1 2 1 3 4 2 3 2 3 4 1 13 3 1 0 0 0 6 3
21510248 871 7 2 3 2 3 2 1 1 1 0 3 1 0 0 0 0 2 3 2 13 4 2 0 5 5 7 0 1 1 2 3 1 3 0 0
21510249 979 2 2 1 1 0 3 1 0 0 0 0 1 1 0 0 3 5 2 0 2 5 3 8 1 1 7 1 2 3 13
21510252 974 7 2 1 1 3 1 2 2 1 0 3 1 0 0 0 0 3 3 1 1 2 4 3 0 4 3 8 0 13 4 7 2 0 1 3
21510253 846 5 2 3 1 1 3 1 0 1 1 0 0 0 0 2 1 2 3 2 0 0 3 4 4 2 13 3 4 1 3 2 3 3
21510254 976 7 2 3 1 3 1 1 2 1 0 2 1 0 0 0 0 3 2 2 3 0 3 0 1 1 2 2 13 4 6 0 3 4 3 3
21510255 897 10 2 3 3 2 1 2 1 1 3 2 1 0 3 1 0 0 0 0 3 4 3 13 3 2 3 2 7 1 0 1 8 4 3 0 3 1 0
21510256 969 9 2 3 3 3 3 2 1 2 1 1 0 1 1 0 0 0 0 2 3 4 0 1 0 0 2 5 3 2 6 4 1 2 13 1 3 0
21510257 915 10 2 1 2 2 1 2 3 3 3 3 1 0 1 1 0 0 0 0 2 4 4 1 0 2 3 0 3 13 4 8 5 4 3 0 6 4 1
21510260 910 11 2 3 2 3 2 1 1 1 2 3 3 1 0 1 1 0 0 0 0 3 4 4 2 0 3 0 4 1 5 4 13 6 2 0 7 7 3 1
21510262 1000 2 3 2 1 0 1 1 0 0 0 0 0 1 1 2 5 0 0 1 3 3 0 2 2 13 0 1 1 5 3
21510263 729 9 1 3 3 1 1 1 2 2 2 1 0 3 1 0 0 0 0 4 3 2 0 7 3 5 0 0 3 3 2 4 3 4 3 3 13 3
21510264 937 6 1 3 1 3 2 3 1 0 2 1 0 0 0 0 2 1 3 2 2 0 0 3 2 5 3 1 1 1 1 4 3 13 2
21510265 811 4 3 2 1 2 1 0 1 1 0 0 0 0 1 2 1 0 0 3 7 1 6 5 6 2 3 13 1 2 7 3 4
21510266 1069 3 3 1 2 1 0 3 1 0 0 0 0 1 1 1 13 8 3 1 4 6 5 2 3 3 4 0 0 0 3 5
21510267 902 4 1 3 3 1 1 0 3 1 0 0 0 0 2 0 2 1 3 5 13 0 5 3 3 2 2 0 2 0 3 0 0
21510269 900 10 1 3 1 1 2 1 3 3 3 2 1 0 2 1 0 0 0 0 4 2 4 13 8 1 1 7 5 5 2 2 2 1 0 0 3 2 0
21510270 870 3 2 2 2 1 0 3 1 0 0 0 0 0 3 0 1 1 2 3 1 3 5 3 0 1 5 13 0 6 6 4
21510271 801 8 2 1 1 2 1 3 1 2 1 0 2 1 0 0 0 0 4 3 1 13 3 2 3 6 5 1 0 4 0 3 0 0 0 3 0
21510272 1020 9 3 1 2 1 3 2 3 1 3 1 0 1 1 0 0 0 0 3 2 4 2 0 8 0 0 3 6 3 0 5 5 13 2 2 1 3
21510274 888 6 2 3 1 2 3 2 1 0 3 1 0 0 0 0 1 3 2 0 0 3 4 1 8 3 5 3 3 6 13 0 0 1 0
21510275 856 1 1 1 0 1 1 0 0 0 0 1 0 0 8 2 2 4 3 7 4 1 1 5 6 13 2 4 3 2
21510277 885 7 1 3 3 1 2 1 3 1 0 2 1 0 0 0 0 3 1 3 0 13 2 2 0 1 3 0 1 6 3 1 2 0 3 2
21510280 812 10 1 1 2 2 3 1 3 3 2 1 1 0 3 1 0 0 0 0 4 3 3 2 5 13 0 4 3 1 0 0 1 3 2 2 0 0 0
21510281 862 4 3 2 1 1 1 0 1 1 0 0 0 0 2 1 1 1 3 2 13 0 3 4 6 2 2 5 8 0 5 3 4
21510284 855 3 2 1 1 3 1 7 0.33333333333333331 8 0.33333333333333331 9 0.33333333333333331 2 1 0 13 5 3 1 2 4 3 2 1 3 6 3 2 0 0 0
21510285 877 2 3 1 1 0 2 1 0 0 0 0 1 0 1 3 0 0 0 0 3 4 2 2 5 4 7 1 1 4 13
21510288 893 1 1 1 0 3 1 0 0 0 0 1 0 0 1 3 3 0 1 2 7 5 13 4 2 2 0 3 3 0
21510289 1029 6 1 1 3 1 3 2 1 0 2 1 0 0 0 0 3 1 2 0 0 6 0 0 0 0 3 3 1 4 2 2 5 4 13
21510290 971 11 1 1 3 1 3 2 2 1 3 2 2 1 0 3 1 0 0 0 0 4 4 3 0 2 0 0 0 3 0 0 3 6 5 4 3 5 13 1
21510291 762 7 1 1 1 3 2 2 3 1 0 2 1 0 0 0 0 3 2 2 1 0 0 0 4 7 3 3 4 4 3 0 13 2 3 0
21510292 954 8 1 3 2 2 2 1 2 1 1 0 3 1 0 0 0 0 3 4 1 1 5 3 1 13 0 0 0 5 2 3 0 6 3 0 0
21510294 879 5 2 2 3 2 2 1 0 3 1 0 0 0 0 0 4 1 0 0 0 1 0 0 5 4 0 0 3 13 3 1 1 1
21510295 984 6 2 3 1 1 1 2 1 0 1 1 0 0 0 0 3 2 1 0 13 4 5 0 4 3 3 2 5 3 0 0 0 0 2
21510296 847 4 1 3 3 3 1 0 1 1 0 0 0 0 1 0 3 3 3 3 2 4 5 0 0 4 13 0 0 0 2 0 0
21510297 947 7 2 3 3 2 1 1 2 1 0 2 1 0 0 0 0 2 3 2 2 7 1 0 3 4 5 0 3 5 4 0 13 1 1 3
21510298 952 11 3 3 1 2 2 1 1 1 2 3 2 1 0 3 1 0 0 0 0 4 4 3 3 2 0 0 13 4 0 0 6 3 3 2 1 1 5 3
21510299 917 6 3 1 3 1 3 2 1 0 1 1 0 0 0 0 2 1 3 0 2 0 0 0 6 1 13 0 0 4 5 3 2 2 4
21510301 891 6 3 2 1 2 3 1 1 0 1 1 0 0 0 0 2 2 2 2 3 5 13 0 5 3 5 2 2 1 1 0 3 0 0
21510303 865 10 1 2 1 3 1 2 3 1 3 2 1 0 3 1 0 0 0 0 4 3 3 3 0 0 2 4 2 0 0 3 4 4 0 3 13 1 0
21510304 833 4 2 1 3 2 1 0 3 1 0 0 0 0 1 2 1 2 3 2 3 5 6 7 1 1 1 1 13 0 3 0 2
21510306 863 10 3 3 2 2 1 3 1 2 1 2 1 0 3 1 0 0 0 0 3 4 3 1 2 1 3 1 3 4 2 13 6 3 2 0 4 1 0
21510308 973 3 2 2 1 1 0 1 1 0 0 0 0 1 2 0 0 13 2 4 3 5 4 1 0 4 1 0 2 3 4 0
21510309 915 11 2 3 1 1 3 2 2 1 1 2 3 1 0 3 1 0 0 0 0 4 4 3 13 4 2 5 4 1 4 0 2 3 0 0 3 1 0 0
21510310 875 10 2 2 2 2 3 1 1 3 1 3 1 0 1 1 0 0 0 0 3 4 3 13 3 3 0 7 6 0 0 3 5 4 0 0 3 0 3
21510311 838 8 2 3 2 1 3 3 1 2 1 0 3 1 0 0 0 0 2 3 3 0 2 0 0 1 2 4 1 0 4 4 1 0 13 5 3
21510313 893 3 1 3 3 1 0 1 1 0 0 0 0 1 0 2 3 0 2 0 5 3 3 0 3 6 13 2 3 4 3 0
21510314 852 8 3 2 1 3 1 2 1 1 1 0 3 1 0 0 0 0 4 2 2 3 13 3 3 1 7 4 2 7 0 7 2 0 0 2 3
21510315 991 3 1 3 3 1 0 3 1 0 0 0 0 1 0 2 2 5 13 0 4 4 5 0 2 3 3 2 0 1 1 0
21510316 913 10 2 3 1 2 2 3 1 1 3 3 1 0 2 1 0 0 0 0 3 3 4 1 2 3 0 4 6 4 0 4 8 2 1 1 3 7 13
21510317 842 11 1 3 1 2 1 3 2 2 3 2 1 1 0 3 1 0 0 0 0 4 4 3 3 4 3 1 4 7 2 5 3 1 1 4 8 13 2 2
21510318 1031 2 3 3 1 0 2 1 0 0 0 0 0 0 2 0 3 4 13 0 1 4 6 0 3 3 3 1 2 4 0
21510320 894 7 2 1 3 1 3 1 2 1 0 2 1 0 0 0 0 3 2 2 13 4 6 0 4 7 3 2 7 5 6 0 3 3 3 1
21510321 821 3 1 2 3 1 0 2 1 0 0 0 0 1 1 1 0 1 0 0 3 3 2 13 1 5 4 5 0 2 1 3
21510322 886 11 3 2 3 1 3 1 2 1 2 2 1 1 0 3 1 0 0 0 0 4 4 3 0 3 13 3 0 1 3 5 0 4 7 3 2 2 1 0
21510324 926 1 2 1 0 2 1 0 0 0 0 0 1 0 1 2 4 13 2 3 5 6 0 0 1 3 0 0 1 1
21510328 960 2 3 2 1 0 3 1 0 0 0 0 0 1 1 4 0 5 0 6 3 2 3 6 3 1 1 13 6 3 0
21510330 959 3 3 1 1 1 0 3 1 0 0 0 0 2 0 1 3 6 0 9 2 3 6 3 0 3 13 4 3 4 2 3
21510331 949 8 1 1 2 2 2 3 3 1 1 0 3 1 0 0 0 0 3 3 2 1 3 5 4 2 4 7 3 0 3 3 13 0 1 2 0
21510334 755 11 1 3 1 1 2 2 1 3 2 2 3 1 0 3 1 0 0 0 0 4 4 3 3 1 3 13 0 3 4 6 0 2 5 5 0 0 3 3
21510336 754 9 2 3 1 3 2 1 1 1 3 1 0 2 1 0 0 0 0 4 2 3 3 4 3 2 0 0 5 13 2 3 4 1 6 3 0 0
21510337 866 0 1 0 2 1 0 0 0 0 0 0 0 0 0 0 3 0 4 3 13 3 3 6 7 1 3 4 6
21510338 820 10 3 1 2 1 3 2 1 2 2 1 1 0 3 1 0 0 0 0 4 4 2 2 3 3 0 13 2 2 0 1 1 9 3 4 4 1 3
21510339 889 10 3 1 3 2 1 3 3 2 2 1 1 0 2 1 0 0 0 0 3 3 4 0 0 1 3 0 2 3 5 2 1 5 13 0 0 0 1
21510341 814 2 3 3 1 0 1 1 0 0 0 0 0 0 2 0 2 5 2 0 1 4 13 0 3 4 1 3 0 2 3
21510344 845 11 3 3 2 1 3 1 2 1 3 1 2 1 0 2 1 0 0 0 0 4 3 4 2 1 3 6 3 4 8 4 5 2 13 0 0 1 0 0
21510346 908 9 3 1 2 1 2 1 3 1 3 1 0 2 1 0 0 0 0 4 2 3 2 1 0 3 1 3 5 0 7 5 2 2 13 8 3 0
21510348 851 8 1 3 2 3 1 1 2 2 1 0 3 1 0 0 0 0 3 3 2 0 2 5 13 0 4 4 1 1 0 0 4 0 2 0 0
21510353 832 1 3 1 0 2 1 0 0 0 0 0 0 1 3 4 13 0 3 8 3 0 4 4 1 2 0 9 1 0
21510357 1020 10 3 2 3 2 1 1 1 3 1 2 1 0 2 1 0 0 0 0 4 3 3 0 0 0 2 3 13 5 1 0 3 4 3 0 1 2 4
21510358 794 2 1 2 1 0 3 1 0 0 0 0 1 1 0 3 1 4 1 13 3 0 0 3 5 2 2 6 6 0 3
21510359 882 7 1 2 1 3 1 3 3 3 1 4 0.33333333333333331 5 0.33333333333333331 6 0.33333333333333331 3 1 3 0 1 0 0 2 3 0 0 4 0 2 0 4 6 13 2
21510360 934 2 1 1 1 0 2 1 0 0 0 0 2 0 0 0 0 2 0 0 1 0 3 2 4 5 5 0 13 7 6
21510361 933 1 3 1 0 3 1 0 0 0 0 0 0 1 4 6 3 4 5 7 1 2 4 3 13 0 1 2 0 0
21510362 740 11 3 3 1 2 2 1 3 2 3 1 2 1 0 1 1 0 0 0 0 3 4 4 0 0 0 3 2 3 4 0 3 5 7 0 13 1 3 3
21510363 830 11 2 3 3 3 2 1 1 2 1 1 3 1 0 2 1 0 0 0 0 4 3 4 3 7 0 0 3 3 1 0 3 4 1 0 13 2 4 2
21510365 926 8 3 1 3 1 2 2 3 1 1 0 2 1 0 0 0 0 3 2 3 3 1 5 3 13 1 2 0 0 4 2 3 0 2 1 0
21510366 870 11 2 1 1 1 2 3 2 3 3 1 3 1 0 2 1 0 0 0 0 4 3 4 1 3 4 3 3 6 6 2 0 5 3 13 0 2 0 1
21510367 882 9 3 2 2 3 1 3 3 1 1 1 0 2 1 0 0 0 0 3 2 4 1 4 0 0 5 0 2 0 5 3 0 2 13 6 1 0
21510368 970 5 3 1 3 3 3 1 0 2 1 0 0 0 0 1 0 4 0 0 2 0 0 0 0 2 1 6 4 1 6 13 1 2
21510369 869 1 2 1 0 2 1 0 0 0 0 0 1 0 0 1 1 0 0 4 4 4 0 5 7 8 4 3 3 13
21510372 876 6 1 3 1 2 2 1 3 1 4 0.33333333333333331 5 0.33333333333333331 6 0.33333333333333331 3 2 1 7 5 13 7 1 4 9 2 0 4 3 7 2 0 0 0
21510373 915 2 2 3 1 0 2 1 0 0 0 0 0 1 1 1 1 4 2 0 7 1 13 0 6 4 4 0 3 2 1
21510375 867 9 3 2 2 1 3 1 2 2 3 3 1 7 0.33333333333333331 8 0.33333333333333331 9 0.33333333333333331 2 4 3 4 4 5 1 7 4 3 2 13 1 0 3 1 0 0 0
21510378 885 2 2 1 1 0 3 1 0 0 0 0 1 1 0 13 1 4 6 3 3 3 3 0 2 2 0 1 4 0 0
21510379 912 9 2 1 2 3 3 1 3 1 2 1 0 2 1 0 0 0 0 3 3 3 3 1 13 3 3 2 6 1 0 3 3 2 0 0 4 1
21510382 867 10 2 3 3 1 2 2 1 1 3 1 1 0 3 1 0 0 0 0 4 3 3 3 5 13 1 3 6 2 2 0 1 5 0 2 0 0 0
21510383 917 4 3 1 2 3 1 0 3 1 0 0 0 0 1 1 2 3 5 3 3 13 7 6 1 1 3 2 0 0 0 0 2
21510384 881 3 1 2 2 1 0 3 1 0 0 0 0 1 2 0 2 1 0 5 0 6 5 4 0 1 13 4 0 3 0 3
21510385 934 3 1 3 1 1 0 2 1 0 0 0 0 2 0 1 1 3 5 13 2 4 7 8 0 3 3 3 0 0 0 2
21510386 823 10 1 2 3 1 2 1 3 3 1 2 1 0 3 1 0 0 0 0 4 3 3 3 7 2 3 1 4 3 13 2 4 1 2 0 0 1 2
21510387 895 11 3 3 1 2 2 1 1 2 2 3 3 1 0 1 1 0 0 0 0 3 4 4 0 1 2 0 3 6 4 3 13 5 2 0 4 3 3 1
21510388 855 1 2 1 0 2 1 0 0 0 0 0 1 0 3 0 3 0 5 13 3 1 1 1 2 2 1 3 0 0
21510391 819 11 3 3 3 2 1 1 3 2 2 1 2 1 0 1 1 0 0 0 0 3 4 4 2 4 3 3 1 3 5 4 0 3 4 13 0 0 3 0
21510392 777 0 1 0 3 1 0 0 0 0 0 0 0 3 3 3 0 0 1 5 1 3 2 6 4 0 13 2 3
21510393 790 2 1 3 1 0 1 1 0 0 0 0 1 0 1 0 5 5 13 2 4 4 3 0 2 1 3 0 0 0 2
21510394 861 3 1 1 1 1 0 2 1 0 0 0 0 3 0 0 3 0 2 0 0 2 3 4 1 3 2 4 0 4 3 13
21510395 1037 1 2 1 0 3 1 0 0 0 0 0 1 0 4 0 1 0 3 3 6 0 8 4 2 1 3 8 13 0
21510396 924 2 3 1 1 0 2 1 0 0 0 0 1 0 1 0 2 0 1 1 3 5 4 0 2 6 7 3 4 4 13
21510397 854 11 2 3 1 3 2 1 3 1 3 1 2 1 0 2 1 0 0 0 0 4 3 4 3 5 9 13 0 3 5 5 0 0 3 4 0 0 1 2
21510398 781 2 1 1 1 0 3 1 0 0 0 0 2 0 0 0 2 5 1 0 4 6 3 0 0 1 13 2 2 2 6
21510399 957 1 1 3 1 7 0.33333333333333331 8 0.33333333333333331 9 0.33333333333333331 1 0 0 2 13 5 3 0 3 3 3 0 5 2 0 0 0 0 1
21510400 907 2 3 3 1 0 2 1 0 0 0 0 0 0 2 1 5 0 2 3 5 8 0 13 2 1 0 1 4 0 0
21510401 941 1 1 1 0 2 1 0 0 0 0 1 0 0 0 3 5 2 0 1 3 1 2 1 13 4 0 0 2 0
21510402 916 7 1 3 2 1 2 3 2 1 0 1 1 0 0 0 0 2 3 2 0 3 0 1 2 4 2 5 0 4 13 4 0 1 6 4
21510403 1040 11 2 3 2 2 1 3 2 1 3 1 3 1 0 1 1 0 0 0 0 3 4 4 13 2 0 0 3 5 2 0 6 4 3 1 1 0 0 0
21510404 969 10 1 1 3 3 2 3 1 2 3 1 1 0 2 1 0 0 0 0 4 2 4 0 3 0 0 0 1 0 0 0 4 4 2 2 13 5 4
21510407 944 11 1 2 2 3 1 1 2 2 3 3 1 1 0 3 1 0 0 0 0 4 4 3 0 2 2 2 1 3 5 3 1 5 4 13 0 1 3 0
21510408 1024 6 3 1 2 1 2 2 1 0 3 1 0 0 0 0 2 3 1 13 6 4 2 7 1 4 0 4 9 1 0 4 0 0 0
21510409 950 8 1 2 2 2 3 3 1 1 1 0 3 1 0 0 0 0 3 3 2 2 0 0 0 3 0 2 1 0 1 5 5 0 4 3 13
21510410 1027 8 2 2 1 3 1 1 3 3 1 0 2 1 0 0 0 0 3 2 3 3 1 3 13 0 7 5 6 2 3 0 3 3 0 0 0
21510414 771 6 2 3 1 1 3 2 1 0 3 1 0 0 0 0 2 2 2 0 1 0 2 0 4 7 3 2 2 5 1 1 4 3 13
21510415 905 8 1 3 3 1 3 1 1 2 3 1 7 0.33333333333333331 8 0.33333333333333331 9 0.33333333333333331 4 1 3 3 0 0 0 4 3 2 0 5 5 6 0 13 3 2 2
21510416 967 10 3 2 1 1 1 2 3 1 3 2 1 0 2 1 0 0 0 0 4 3 3 3 4 4 3 4 5 13 1 2 3 2 1 0 0 3 3
21510418 901 0 1 0 3 1 0 0 0 0 0 0 0 4 3 2 0 3 13 6 0 1 3 0 1 2 5 0 0
21510419 756 10 2 2 1 3 3 3 1 2 3 1 1 0 2 1 0 0 0 0 3 3 4 5 1 0 0 3 13 4 0 4 3 4 1 5 1 2 2
21510420 862 4 3 2 1 1 1 0 2 1 0 0 0 0 2 1 1 0 2 1 13 0 4 5 2 0 2 5 3 1 0 3 1
21510421 831 0 1 0 3 1 0 0 0 0 0 0 0 2 0 2 1 0 3 3 0 1 6 4 2 0 13 4 1
21510423 974 5 1 3 1 2 3 1 0 1 1 0 0 0 0 2 1 2 1 0 0 0 2 2 0 0 3 13 0 0 4 6 2 3
21510424 954 11 2 1 1 3 2 1 2 3 1 2 3 1 0 3 1 0 0 0 0 4 4 3 1 1 13 3 0 5 4 4 3 4 1 2 3 2 0 2
21510426 932 7 1 1 2 3 1 3 2 1 0 2 1 0 0 0 0 3 2 2 0 4 2 4 1 2 1 2 3 5 13 5 5 9 3 1
21510429 974 11 3 2 3 3 1 2 2 1 3 1 1 1 0 2 1 0 0 0 0 4 3 4 0 3 2 1 1 5 0 3 2 9 4 1 2 3 13 7
21510431 975 8 1 3 3 1 2 1 3 2 1 0 2 1 0 0 0 0 3 2 3 2 2 3 13 0 1 6 3 0 0 4 3 0 1 3 0
21510432 1014 11 1 3 3 3 1 2 1 2 1 3 2 1 0 2 1 0 0 0 0 4 3 4 3 4 0 2 2 7 1 0 1 3 5 3 3 4 13 0
21510435 867 7 2 3 1 1 3 1 3 1 0 2 1 0 0 0 0 3 1 3 4 1 3 13 0 3 2 3 2 6 0 3 0 0 3 0
21510436 832 11 3 2 2 2 2 3 3 1 3 1 1 1 0 1 1 0 0 0 0 3 4 4 0 3 0 3 13 3 4 0 5 1 3 2 2 5 1 0
21510438 857 9 3 3 1 1 2 3 3 2 1 3 1 5 0.33333333333333331 6 0.33333333333333331 7 0.33333333333333331 3 2 4 3 5 3 2 4 4 8 13 1 4 6 2 3 0 1 2
21510439 772 5 2 1 2 2 3 1 0 1 1 0 0 0 0 1 3 1 2 4 3 13 1 6 3 4 0 3 1 3 0 0 5 3
21510441 965 1 2 1 0 2 1 0 0 0 0 0 1 0 1 0 0 0 0 4 3 4 3 0 3 3 1 4 4 13
21510443 1016 9 3 2 2 3 2 1 3 1 1 1 0 3 1 0 0 0 0 3 3 3 1 1 2 4 6 3 2 0 13 5 7 2 0 3 0 1
21510444 833 4 2 1 1 3 3 1 4 0.33333333333333331 5 0.33333333333333331 6 0.33333333333333331 2 1 1 3 2 0 0 3 3 1 3 4 5 6 2 13 4 0 0
21510445 966 6 3 3 2 2 3 1 1 0 2 1 0 0 0 0 1 2 3 13 1 0 0 3 5 0 2 6 3 1 0 1 3 0 0
21510446 888 1 3 1 0 3 1 0 0 0 0 0 0 1 1 5 0 0 2 3 5 1 4 2 5 8 0 2 1 13
21510447 836 7 2 1 3 3 2 1 3 1 0 2 1 0 0 0 0 2 2 3 9 1 6 0 6 7 3 0 3 6 5 1 13 3 2 0
21510448 873 3 2 2 3 1 0 2 1 0 0 0 0 0 2 1 3 1 4 1 1 6 4 1 13 3 2 0 3 0 0 0
21510450 869 6 1 2 3 3 2 1 1 0 3 1 0 0 0 0 2 2 2 1 3 0 0 7 13 2 1 5 6 2 2 1 5 3 0
21510451 884 2 2 2 1 0 3 1 0 0 0 0 0 2 0 0 2 1 0 0 5 0 3 5 6 4 1 6 1 13 3
21510453 908 8 1 3 1 2 1 1 2 3 1 0 3 1 0 0 0 0 4 2 2 13 5 3 0 7 6 3 2 0 2 0 0 3 0 0 0
21510454 952 11 3 2 1 1 2 1 3 3 2 1 3 1 0 2 1 0 0 0 0 4 3 4 6 7 1 0 7 5 1 3 4 13 2 1 2 2 4 0
21510455 908 3 1 3 2 1 0 3 1 0 0 0 0 1 1 1 0 0 0 2 0 4 3 5 0 1 4 3 2 3 13 1
21510456 788 0 1 0 3 1 0 0 0 0 0 0 0 3 2 0 2 6 1 3 0 13 7 0 0 4 3 1 0
21510457 955 10 3 2 1 2 3 1 3 2 2 3 1 0 1 1 0 0 0 0 2 4 4 0 2 4 1 2 4 5 3 1 4 1 13 0 0 0 3
21510458 815 2 2 2 1 0 3 1 0 0 0 0 0 2 0 3 0 1 0 3 13 1 3 3 1 3 0 5 5 2 3
21510459 827 9 2 2 1 2 1 3 2 3 1 1 0 1 1 0 0 0 0 3 4 2 3 8 5 3 13 3 0 0 1 3 4 2 3 3 0 3
21510461 903 10 2 3 2 2 1 2 1 3 1 3 1 0 3 1 0 0 0 0 3 4 3 1 0 1 4 5 7 4 6 0 2 3 13 0 7 0 0
21510462 979 4 3 1 2 2 1 0 3 1 0 0 0 0 1 2 1 1 0 0 0 4 1 13 3 0 0 3 2 4 3 4 4
21510465 1026 0 1 0 1 1 0 0 0 0 0 0 0 13 0 3 0 5 4 3 1 4 3 2 0 3 0 0 2
21510467 885 9 3 1 3 3 1 1 2 2 3 1 0 2 1 0 0 0 0 3 2 4 3 0 4 0 4 4 2 0 6 1 13 2 1 0 0 0
21510470 1003 9 3 1 2 2 3 1 1 3 2 1 0 2 1 0 0 0 0 3 3 3 13 3 5 3 3 1 0 3 2 4 0 0 0 1 0 0
21510471 1023 5 2 3 3 2 2 1 0 3 1 0 0 0 0 0 3 2 2 3 0 0 5 1 1 1 13 5 4 0 1 3 3 0
21510472 990 10 3 1 1 2 2 1 1 3 2 3 1 0 2 1 0 0 0 0 4 3 3 0 1 0 3 2 1 2 2 3 5 4 0 13 6 1 0
21510475 874 7 1 2 3 2 1 1 3 1 0 1 1 0 0 0 0 3 2 2 13 3 3 2 4 7 6 0 3 4 2 3 0 0 3 3
21510477 923 6 3 1 2 3 2 1 1 0 2 1 0 0 0 0 2 2 2 0 0 0 2 1 1 1 4 0 2 5 5 0 3 7 13
21510479 907 11 3 2 1 2 3 2 1 3 1 2 3 1 0 1 1 0 0 0 0 3 4 4 0 1 0 1 0 3 5 3 3 13 2 3 0 0 2 0
21510480 884 0 1 0 1 1 0 0 0 0 0 0 0 1 4 6 13 4 5 7 8 0 3 3 4 0 2 2 0
21510481 926 11 2 1 3 3 2 2 1 2 1 3 1 1 0 3 1 0 0 0 0 4 4 3 13 6 5 2 4 5 4 1 0 1 0 0 2 0 0 0
21510482 908 7 2 3 2 3 1 1 3 1 0 3 1 0 0 0 0 2 2 3 1 0 0 0 4 2 13 0 3 3 3 1 3 4 6 2
21510483 1004 7 1 1 1 1 2 2 2 1 0 3 1 0 0 0 0 4 3 0 4 5 2 2 2 4 1 13 0 0 4 4 0 0 1 3
21510484 942 3 3 2 1 1 0 1 1 0 0 0 0 1 1 1 0 0 0 3 2 2 4 1 13 7 5 0 5 1 2 0
21510485 1006 11 1 2 1 2 2 3 3 3 1 2 1 1 0 3 1 0 0 0 0 4 4 3 0 2 0 0 3 1 0 0 6 13 1 4 2 6 4 3
21510486 914 5 1 3 1 1 2 1 0 3 1 0 0 0 0 3 1 1 13 5 3 1 5 3 4 2 2 3 3 0 0 0 0 2
21510487 837 0 1 0 1 1 0 0 0 0 0 0 0 3 3 0 2 5 5 0 0 13 4 3 0 1 2 3 0
21510488 875 2 3 2 3 1 4 0.33333333333333331 5 0.33333333333333331 6 0.33333333333333331 0 1 1 0 0 1 0 0 2 3 7 0 4 3 5 3 1 4 13
21510489 888 11 1 3 1 2 1 2 1 2 3 3 3 1 0 2 1 0 0 0 0 4 3 4 3 1 1 4 3 4 3 6 2 3 7 13 0 3 2 3
21510491 953 5 1 1 2 2 1 1 0 2 1 0 0 0 0 3 2 0 13 9 5 5 2 1 2 3 4 4 0 0 0 0 1 0
21510493 860 7 1 3 1 1 1 3 2 1 0 3 1 0 0 0 0 4 1 2 0 6 0 2 13 3 4 0 2 5 4 1 2 2 0 3
21510495 849 1 1 1 0 3 1 0 0 0 0 1 0 0 0 2 3 0 0 0 6 4 2 1 4 4 0 13 8 5
21510496 928 3 1 2 1 1 0 2 1 0 0 0 0 2 1 0 13 5 3 0 4 4 2 3 3 3 4 1 2 0 1 0
21510497 964 8 2 3 3 2 2 2 1 1 1 0 3 1 0 0 0 0 2 4 2 3 1 13 1 3 9 4 3 3 3 4 0 3 2 1 0
21510499 789 1 3 1 0 1 1 0 0 0 0 0 0 1 0 2 2 1 3 6 4 3 0 4 8 13 1 2 4 4
21510500 819 7 1 3 2 2 1 2 3 1 0 3 1 0 0 0 0 2 3 2 0 1 0 5 0 3 0 4 0 3 1 5 2 5 13 3
21510502 964 11 3 3 2 2 1 1 3 3 1 2 1 1 0 2 1 0 0 0 0 4 3 4 2 9 0 0 0 6 4 13 1 3 4 1 2 2 1 4
21510504 786 9 1 2 1 1 2 3 3 2 3 1 0 2 1 0 0 0 0 3 3 3 1 3 13 0 2 4 5 0 3 3 1 7 0 0 3 0
21510506 956 6 3 2 3 3 1 3 1 0 2 1 0 0 0 0 1 1 4 13 5 1 2 3 5 0 0 4 2 3 1 0 1 0 0
21510507 868 7 2 3 3 2 2 1 3 1 0 1 1 0 0 0 0 1 3 3 0 1 0 1 2 3 13 2 0 1 3 4 0 3 3 4
21510508 938 11 3 2 1 2 3 3 2 2 1 3 1 1 0 1 1 0 0 0 0 3 4 4 0 0 7 0 0 13 4 2 0 3 4 3 1 5 0 3
21510509 871 9 3 1 3 2 2 2 1 1 2 1 0 3 1 0 0 0 0 3 4 2 4 2 0 1 6 8 2 0 5 7 3 0 1 1 13 0
21510510 910 9 2 1 2 1 1 1 3 3 3 1 0 2 1 0 0 0 0 4 2 3 0 2 0 0 2 13 1 3 1 5 0 0 3 4 3 2
21510511 953 10 1 2 3 2 1 3 3 1 1 2 1 0 3 1 0 0 0 0 4 3 3 0 2 0 0 13 3 5 1 3 2 1 3 2 4 1 2
21510513 950 1 1 1 0 1 1 0 0 0 0 1 0 0 2 2 5 1 4 13 4 3 0 2 3 4 1 0 2 0
21510514 994 3 1 3 1 1 0 2 1 0 0 0 0 2 0 1 0 3 0 0 2 4 1 0 4 4 4 4 13 3 5 2
21510516 1045 4 2 1 3 2 1 0 3 1 0 0 0 0 1 2 1 2 3 0 0 1 5 2 0 4 3 3 0 3 1 13 1
21510518 981 5 2 2 2 3 3 1 0 1 1 0 0 0 0 0 3 2 0 4 6 13 3 3 5 4 0 9 1 3 0 0 0 1
21510519 1067 4 3 2 1 1 1 0 3 1 0 0 0 0 2 1 1 4 4 1 0 5 2 3 0 3 4 13 2 2 1 0 0
21510521 766 11 1 3 2 1 3 1 2 3 2 2 3 1 0 1 1 0 0 0 0 3 4 4 13 8 3 3 3 3 3 4 4 2 0 7 0 1 0 0
21510523 836 7 2 3 2 2 1 3 3 1 0 2 1 0 0 0 0 1 3 3 1 1 1 1 1 4 3 4 0 2 3 3 0 0 13 2
21510524 976 2 3 2 1 0 1 1 0 0 0 0 0 1 1 0 0 3 0 0 0 3 13 1 1 5 6 2 2 3 3
21510527 960 2 3 1 1 0 3 1 0 0 0 0 1 0 1 13 3 2 2 6 5 5 1 4 4 2 0 0 1 0 0
21510528 936 5 2 1 2 2 1 1 0 1 1 0 0 0 0 2 3 0 3 4 0 0 3 5 1 2 4 6 4 0 5 8 13 0
21510529 924 11 3 3 1 2 1 3 1 2 3 1 2 1 0 2 1 0 0 0 0 4 3 4 0 0 0 3 1 2 4 3 3 5 6 3 5 13 3 0
21510530 892 2 3 2 1 0 3 1 0 0 0 0 0 1 1 1 2 3 0 3 4 13 3 5 4 4 0 3 0 1 0
21510533 939 8 1 3 3 3 1 1 2 2 1 0 3 1 0 0 0 0 3 2 3 0 0 3 3 2 5 3 1 0 4 4 3 2 4 8 13
21510534 888 0 1 0 2 1 0 0 0 0 0 0 0 3 13 3 3 2 3 5 1 5 7 3 0 1 4 3 0
21510536 937 3 3 2 1 1 0 3 1 0 0 0 0 1 1 1 0 13 3 4 2 1 6 3 0 3 2 0 0 0 0 1
21510537 815 3 2 3 2 1 0 3 1 0 0 0 0 0 2 1 13 1 2 2 1 4 3 0 1 4 5 3 1 0 6 0
21510538 1052 8 3 3 1 1 2 2 3 2 1 0 1 1 0 0 0 0 2 3 3 2 0 3 3 0 3 6 1 0 0 5 13 0 0 5 8
21510539 911 4 1 3 1 3 1 0 1 1 0 0 0 0 2 0 2 2 0 0 0 13 2 3 0 5 4 7 6 3 1 2 2
21510540 925 8 2 2 2 2 3 3 1 1 1 0 1 1 0 0 0 0 2 4 2 1 0 0 0 4 1 13 0 0 3 3 3 3 4 3 2
21510541 905 7 2 1 3 3 1 1 3 1 0 2 1 0 0 0 0 3 1 3 2 0 0 2 1 3 1 4 2 3 2 3 13 4 1 0
21510542 897 1 1 1 0 1 1 0 0 0 0 1 0 0 0 2 0 2 0 2 3 8 0 3 0 5 3 13 4 1
21510543 824 5 3 2 1 1 2 1 0 1 1 0 0 0 0 2 2 1 8 4 13 3 2 4 3 0 3 5 1 6 2 0 0 0
21510545 811 7 3 2 2 1 1 2 3 1 0 1 1 0 0 0 0 2 3 2 0 1 0 3 4 3 2 3 2 2 1 0 13 3 5 1
21510546 819 4 1 2 1 3 1 0 3 1 0 0 0 0 2 1 1 0 0 7 2 0 2 0 13 1 3 5 7 0 0 0 4
21510548 885 0 1 0 1 1 0 0 0 0 0 0 0 0 1 6 13 0 3 1 4 5 3 2 3 3 2 2 3
21510550 983 9 3 3 3 1 2 1 3 1 2 1 0 2 1 0 0 0 0 3 2 4 0 3 13 4 0 5 3 1 1 3 2 0 0 2 0 0
21510552 874 2 1 3 1 0 1 1 0 0 0 0 1 0 1 2 3 7 5 3 7 5 3 13 4 2 0 3 0 6 3
21510553 955 11 3 3 3 1 2 3 1 2 2 2 1 1 0 1 1 0 0 0 0 3 4 4 0 0 3 1 3 0 4 2 7 3 2 3 0 4 1 13
21510554 899 4 3 1 1 1 1 0 3 1 0 0 0 0 3 0 1 0 3 2 2 9 2 2 4 0 7 13 4 4 6 3 1
21510555 944 4 2 2 3 2 1 0 1 1 0 0 0 0 0 3 1 13 3 3 1 2 4 9 6 3 1 10 1 3 0 3 0
21510556 753 9 3 2 2 2 2 3 3 1 1 1 0 1 1 0 0 0 0 2 4 3 4 13 0 1 4 3 2 0 4 3 1 0 1 2 3 0
21510558 853 0 1 0 2 1 0 0 0 0 0 0 0 8 1 5 3 2 13 3 2 5 0 1 0 1 0 3 0
21510559 910 10 2 3 2 1 2 2 1 1 1 3 1 0 3 1 0 0 0 0 4 4 2 1 3 13 4 2 5 1 0 3 2 7 6 3 4 0 0
21510560 854 11 2 1 1 2 3 3 1 2 3 2 3 1 0 1 1 0 0 0 0 3 4 4 0 0 3 1 6 1 2 7 2 4 6 3 3 3 7 13
21510561 889 5 1 1 2 3 1 1 0 3 1 0 0 0 0 3 1 1 0 2 1 2 0 4 4 6 3 13 3 5 0 0 0 2
21510562 798 2 3 1 1 0 1 1 0 0 0 0 1 0 1 0 0 2 0 0 13 1 3 0 1 4 2 2 4 2 5
21510565 807 3 2 3 3 1 0 1 1 0 0 0 0 0 1 2 1 2 1 0 9 13 3 0 6 5 4 1 2 2 1 2
21510566 975 7 3 2 2 1 1 3 3 1 0 2 1 0 0 0 0 2 2 3 13 3 3 1 3 7 4 6 1 5 3 0 2 3 0 0
21510567 742 11 3 2 2 1 3 1 2 1 2 3 1 1 0 3 1 0 0 0 0 4 4 3 0 4 1 13 2 4 1 4 2 4 2 3 0 0 0 1
21510568 941 1 2 1 0 1 1 0 0 0 0 0 1 0 1 6 1 5 5 1 13 8 9 5 2 3 2 2 3 0
21510572 835 8 3 1 2 2 3 2 1 3 3 1 4 0.33333333333333331 5 0.33333333333333331 6 0.33333333333333331 2 3 3 3 9 0 0 3 5 3 0 3 6 2 1 13 1 3 0
21510573 790 3 1 2 2 1 0 3 1 0 0 0 0 1 2 0 0 1 3 13 3 1 5 4 0 6 3 3 0 0 4 2
21510574 890 4 3 1 3 3 1 0 1 1 0 0 0 0 1 0 3 0 0 4 3 0 1 5 2 3 5 3 2 0 13 2 3
21510575 900 3 3 2 3 1 0 2 1 0 0 0 0 0 1 2 0 1 9 0 6 0 3 3 1 6 4 3 0 13 3 4
21510577 774 7 3 1 2 2 3 1 1 1 0 1 1 0 0 0 0 3 2 2 2 0 0 0 13 1 4 3 4 6 2 0 4 0 2 0
21510578 899 10 2 3 1 1 3 2 3 2 2 1 1 0 1 1 0 0 0 0 3 4 3 3 0 0 0 13 3 0 1 2 6 6 1 2 2 1 0
21510579 806 6 1 1 2 2 1 2 1 0 3 1 0 0 0 0 3 3 0 7 4 1 3 3 2 7 8 3 1 4 13 0 5 2 3
21510580 847 3 1 1 2 1 0 3 1 0 0 0 0 2 1 0 0 0 0 1 0 4 7 13 2 7 4 8 2 2 3 1
21510581 962 5 3 2 1 1 2 1 0 3 1 0 0 0 0 2 2 1 1 2 5 1 0 2 5 6 0 4 3 13 0 1 2 0
21510583 864 2 3 3 1 0 1 1 0 0 0 0 0 0 2 0 0 1 3 0 2 0 4 2 6 13 3 3 3 5 4
21510587 751 11 3 3 1 1 1 1 2 3 2 2 3 1 0 2 1 0 0 0 0 4 3 4 3 6 4 13 2 2 4 1 0 1 0 0 0 0 3 0
21510589 987 7 2 3 2 3 3 1 1 1 0 3 1 0 0 0 0 2 2 3 0 1 0 2 0 0 5 3 0 13 3 4 2 3 1 3
21510590 792 9 1 2 3 1 3 2 2 3 1 1 0 1 1 0 0 0 0 3 3 3 3 3 5 13 2 4 6 4 0 0 1 3 0 0 3 2
21510592 856 8 3 2 1 3 2 2 1 1 1 0 1 1 0 0 0 0 3 3 2 0 2 0 0 1 3 2 3 4 13 0 3 5 3 3 0
21510593 905 5 3 3 3 2 1 1 0 2 1 0 0 0 0 1 1 3 0 13 1 1 0 5 1 4 3 3 2 3 0 2 0 6
21510594 857 6 3 1 2 2 1 1 1 0 1 1 0 0 0 0 3 2 1 0 3 4 13 0 4 3 4 3 2 3 4 0 0 2 3
21510595 919 11 2 1 1 2 3 3 2 3 1 2 3 1 0 1 1 0 0 0 0 3 4 4 4 3 3 0 13 5 4 2 4 2 1 0 1 0 4 0
21510597 1026 10 1 3 3 2 2 3 1 2 1 3 1 0 1 1 0 0 0 0 3 3 4 0 3 2 0 1 5 5 8 3 4 2 3 2 1 3 13
21510598 1021 0 1 0 3 1 0 0 0 0 0 0 0 0 1 0 2 0 3 1 5 1 2 4 2 0 4 13 3
21510602 918 10 1 3 3 1 3 2 2 3 1 1 1 0 2 1 0 0 0 0 4 2 4 2 13 4 1 3 8 4 3 0 0 5 3 0 0 0 2
21510603 945 2 2 2 1 0 3 1 0 0 0 0 0 2 0 0 6 0 1 0 7 2 3 1 4 4 8 3 1 4 13
21510604 892 7 3 1 3 2 1 3 2 1 0 2 1 0 0 0 0 2 2 3 1 3 1 4 0 4 3 2 2 5 13 0 0 1 0 0
21510605 853 6 3 2 3 3 2 1 1 0 3 1 0 0 0 0 1 2 3 0 0 3 3 3 4 6 4 2 7 13 3 0 1 1 3
21510607 893 4 1 1 2 1 1 0 2 1 0 0 0 0 3 1 0 9 4 3 1 0 0 13 5 3 2 2 2 1 0 0 3
21510609 920 2 2 3 1 0 2 1 0 0 0 0 0 1 1 3 1 2 0 3 4 3 1 0 3 1 3 0 13 3 4
21510610 930 10 1 1 2 3 3 2 3 2 3 2 1 0 1 1 0 0 0 0 2 4 4 0 0 0 1 1 13 5 3 2 3 1 6 0 2 4 4
21510612 1079 4 2 1 1 3 1 0 2 1 0 0 0 0 2 1 1 1 13 3 8 3 8 9 0 2 5 4 1 2 3 0 0
21510614 972 0 1 0 3 1 0 0 0 0 0 0 0 0 5 0 0 1 0 0 0 4 2 5 1 3 13 5 2
21510615 949 7 2 3 2 3 1 3 1 1 0 1 1 0 0 0 0 2 2 3 1 3 3 13 2 5 4 3 0 0 2 3 0 0 3 0
21510616 893 0 1 0 2 1 0 0 0 0 0 0 0 0 3 1 0 13 2 1 1 3 4 5 0 4 1 2 2
21510617 893 1 3 1 0 2 1 0 0 0 0 0 0 1 1 3 0 0 1 4 2 1 3 4 5 0 2 13 0 0
21510620 943 3 1 3 3 1 0 3 1 0 0 0 0 1 0 2 1 3 0 0 2 4 2 0 3 3 1 1 13 2 2 0
21510622 1033 11 3 2 2 3 1 3 1 2 3 1 2 1 0 1 1 0 0 0 0 3 4 4 0 1 6 0 3 5 4 3 0 3 13 3 4 6 3 2
21510623 841 6 3 1 1 2 3 1 1 0 2 1 0 0 0 0 3 1 2 0 4 3 3 3 3 4 13 0 2 5 2 0 3 1 3
21510624 969 6 1 3 1 2 3 2 1 0 3 1 0 0 0 0 2 2 2 1 0 3 2 0 2 4 8 1 3 5 3 0 3 13 3
21510625 881 3 2 2 1 1 0 3 1 0 0 0 0 1 2 0 0 0 0 3 6 0 1 1 4 5 2 0 13 6 4 3
21510626 972 6 1 2 3 3 1 2 1 0 2 1 0 0 0 0 2 2 2 3 1 2 0 1 4 4 1 2 5 8 0 13 2 3 1
21510627 835 8 1 2 2 1 1 2 3 1 1 0 3 1 0 0 0 0 4 3 1 0 0 3 3 0 13 4 0 0 5 2 3 2 1 3 3
21510628 961 3 1 3 3 1 0 2 1 0 0 0 0 1 0 2 1 5 6 4 3 4 2 3 1 2 13 1 0 2 3 3
21510630 925 2 3 2 1 0 2 1 0 0 0 0 0 1 1 0 4 1 1 7 1 2 0 4 1 8 5 13 3 2 0
21510631 904 6 2 1 2 2 3 3 1 0 2 1 0 0 0 0 1 3 2 0 3 7 13 0 4 4 5 3 0 4 1 0 0 1 1
21510632 1096 3 3 1 2 1 0 2 1 0 0 0 0 1 1 1 3 1 1 0 13 9 5 2 6 4 1 3 2 2 1 0
21510634 1002 1 1 1 0 3 1 0 0 0 0 1 0 0 0 0 0 3 2 4 2 2 0 1 3 4 0 1 4 13
21510635 853 2 1 3 1 0 3 1 0 0 0 0 1 0 1 3 4 4 2 0 4 7 3 0 0 13 3 0 0 0 8
21510636 1099 2 3 2 1 0 3 1 0 0 0 0 0 1 1 1 0 1 0 2 0 4 1 13 4 7 0 4 3 2 5
21510637 932 2 3 1 1 0 3 1 0 0 0 0 1 0 1 0 0 0 7 0 1 6 13 1 4 4 5 3 2 2 2
21510638 982 5 2 3 1 3 2 1 0 2 1 0 0 0 0 1 2 2 3 13 1 5 1 3 3 0 0 1 7 3 0 2 6 0
21510642 871 9 3 3 2 1 3 2 1 1 1 1 0 2 1 0 0 0 0 4 2 3 3 4 0 0 1 3 5 0 2 4 3 2 3 4 13 0
21510645 898 1 2 3 1 5 0.33333333333333331 6 0.33333333333333331 7 0.33333333333333331 0 1 0 5 0 3 9 4 2 8 1 9 3 7 1 13 3 3 0
21510646 789 5 1 1 2 2 2 1 0 3 1 0 0 0 0 2 3 0 0 3 0 1 1 2 3 3 4 5 0 0 3 3 13 0
21510648 964 7 2 1 2 2 2 3 1 1 0 3 1 0 0 0 0 2 4 1 3 4 4 1 2 1 4 1 13 2 3 0 0 0 0 1
21510650 889 1 2 1 0 1 1 0 0 0 0 0 1 0 3 2 4 13 0 1 1 3 0 3 5 3 0 2 0 3
21510651 1046 9 3 2 3 2 3 2 1 1 3 1 0 2 1 0 0 0 0 2 3 4 3 3 3 3 1 4 5 0 3 13 1 0 2 1 0 0
21510653 966 1 3 1 0 3 1 0 0 0 0 0 0 1 0 0 1 2 3 4 4 0 4 1 2 0 13 3 4 0
21510655 1006 4 1 3 1 3 1 0 2 1 0 0 0 0 2 0 2 2 3 0 0 4 4 4 0 5 3 3 0 1 7 13 2
21510656 794 8 1 2 3 1 2 2 3 2 1 0 1 1 0 0 0 0 2 4 2 3 13 1 3 0 3 4 4 0 3 2 3 0 1 0 0
21510658 756 1 2 1 0 1 1 0 0 0 0 0 1 0 3 1 5 2 0 2 5 4 3 2 4 1 3 1 3 13
21510661 979 3 1 2 2 1 0 3 1 0 0 0 0 1 2 0 0 1 0 0 0 3 1 4 6 4 2 2 3 13 1 3
21510662 933 10 3 2 1 2 1 1 1 2 2 3 1 0 3 1 0 0 0 0 4 4 2 1 3 0 0 4 2 0 0 7 4 2 1 4 13 8 4
21510664 986 7 1 3 2 3 1 3 2 1 0 2 1 0 0 0 0 2 2 3 0 2 3 13 0 1 3 9 0 1 6 3 4 8 0 0
21510665 884 3 1 2 3 1 0 2 1 0 0 0 0 1 1 1 0 0 3 1 0 0 4 4 3 4 2 13 3 4 1 3
21510666 909 4 2 3 1 3 1 0 2 1 0 0 0 0 1 1 2 0 1 1 13 1 1 3 6 2 2 5 3 0 0 2 3
21510668 954 6 2 1 1 3 2 3 1 0 3 1 0 0 0 0 2 2 2 0 0 2 0 4 13 3 3 1 5 4 6 4 3 3 0
21510669 831 1 1 1 0 3 1 0 0 0 0 1 0 0 0 0 4 4 0 3 3 4 0 0 3 13 3 0 2 0
21510670 903 6 2 3 3 2 1 2 1 0 2 1 0 0 0 0 1 3 2 3 1 4 13 0 3 1 4 0 3 5 9 1 0 3 0
21510671 899 9 3 1 3 2 1 1 2 2 3 1 0 3 1 0 0 0 0 3 3 3 0 0 0 2 0 2 3 4 5 4 5 4 1 1 10 13
21510672 856 6 1 3 3 2 1 1 1 0 2 1 0 0 0 0 3 1 2 0 0 1 2 3 3 7 2 0 3 5 3 4 3 3 13
21510675 909 7 3 1 2 2 2 2 1 1 0 1 1 0 0 0 0 2 4 1 0 3 3 0 0 5 6 4 0 0 4 3 6 6 1 13
21510680 886 11 3 2 2 1 3 3 3 1 2 1 2 1 0 1 1 0 0 0 0 3 4 4 3 4 9 1 1 3 6 13 0 2 3 3 0 2 0 7
21510681 970 10 2 2 3 3 2 1 3 1 1 1 1 0 3 1 0 0 0 0 4 3 3 4 4 1 2 1 2 4 3 0 3 13 4 0 2 0 7
21510683 1063 9 2 3 2 2 1 1 3 2 1 1 0 3 1 0 0 0 0 3 4 2 0 0 0 1 3 13 4 3 3 5 4 2 0 0 3 1
21510685 1000 9 3 2 2 3 3 1 1 2 2 1 0 1 1 0 0 0 0 2 4 3 1 4 3 0 4 13 0 3 6 2 0 0 4 1 0 0
21510686 980 0 1 0 1 1 0 0 0 0 0 0 0 0 1 0 1 3 7 5 2 4 3 2 2 3 5 13 0
21510688 958 11 1 2 3 3 3 2 2 2 3 1 1 1 0 1 1 0 0 0 0 3 4 4 1 1 0 0 3 2 0 0 4 5 2 2 13 8 4 1
21510690 881 7 3 2 3 2 3 3 1 1 0 1 1 0 0 0 0 1 2 4 13 7 3 0 3 4 1 0 3 5 3 2 2 0 1 0
21510691 934 11 1 2 1 3 2 1 2 1 3 2 3 1 0 3 1 0 0 0 0 4 4 3 0 0 4 2 0 5 4 2 0 3 13 1 1 0 2 1
21510693 925 10 1 1 1 2 2 3 2 1 3 2 1 0 3 1 0 0 0 0 4 4 2 0 2 13 1 3 6 7 3 3 4 4 4 0 2 1 0
21510694 934 8 3 2 1 3 1 2 3 2 1 0 1 1 0 0 0 0 2 3 3 0 2 0 0 3 1 2 6 0 1 4 5 0 0 3 13
21510697 909 7 3 1 2 3 1 3 1 1 0 2 1 0 0 0 0 3 1 3 13 4 4 0 5 1 1 2 2 3 3 0 0 2 0 0
21510700 929 2 3 1 1 0 1 1 0 0 0 0 1 0 1 13 8 7 2 3 7 0 2 5 3 2 0 0 0 1 0
21510701 877 11 3 1 2 1 3 2 3 1 1 2 2 1 0 3 1 0 0 0 0 4 4 3 0 13 4 2 4 2 6 4 1 5 0 1 0 0 3 3
21510703 890 1 3 1 0 1 1 0 0 0 0 0 0 1 3 3 3 7 6 5 4 2 0 3 13 2 0 1 0 3
21510705 863 0 1 0 3 1 0 0 0 0 0 0 0 3 0 2 0 0 9 5 2 1 0 6 2 3 1 1 13
21510706 850 2 2 3 1 0 3 1 0 0 0 0 0 1 1 1 4 1 3 2 3 5 13 0 0 1 3 0 0 0 2
21510707 1011 2 3 1 1 0 1 1 0 0 0 0 1 0 1 0 3 0 0 0 2 3 0 0 7 3 4 2 13 6 5
21510714 962 1 3 1 0 3 1 0 0 0 0 0 0 1 1 0 3 2 0 5 5 1 0 3 13 3 0 4 2 3
21510715 976 2 2 2 1 0 3 1 0 0 0 0 0 2 0 13 3 1 4 3 3 7 1 2 7 4 3 0 0 0 1
21510716 898 1 1 1 0 3 1 0 0 0 0 1 0 0 0 1 7 0 0 2 3 2 3 3 7 6 3 3 6 13
21510717 1041 10 3 1 2 2 1 3 3 1 2 1 1 0 2 1 0 0 0 0 4 3 3 2 2 4 1 0 4 3 4 0 0 1 13 3 0 0 3
21510718 959 0 1 0 1 1 0 0 0 0 0 0 0 13 7 6 3 3 7 3 0 2 3 4 0 3 0 0 0
21510719 911 6 1 3 2 2 2 1 1 0 3 1 0 0 0 0 2 3 1 3 1 2 3 5 1 5 0 3 5 13 0 1 2 0 0
21510721 954 8 3 1 1 3 3 2 2 1 1 0 2 1 0 0 0 0 3 2 3 0 3 0 0 13 1 3 0 3 5 4 0 3 3 0 2
21510723 854 4 1 3 1 1 1 0 2 1 0 0 0 0 3 0 1 0 0 3 0 3 3 3 0 13 4 5 2 3 6 3 2
21510725 881 3 1 3 2 1 0 1 1 0 0 0 0 1 1 1 1 2 4 3 3 5 6 8 13 4 7 0 3 2 3 0
21510729 882 3 1 2 3 1 0 3 1 0 0 0 0 1 1 1 4 5 3 0 1 4 1 0 2 13 0 0 0 2 3 3
21510730 863 5 2 3 1 3 3 3 1 6 0.33333333333333331 7 0.33333333333333331 8 0.33333333333333331 1 1 3 6 5 2 0 1 4 2 4 13 3 1 2 0 1 0 0
21510731 949 5 2 2 3 1 1 1 0 2 1 0 0 0 0 2 2 1 3 4 4 13 0 2 4 4 0 1 3 1 0 0 0 3
21510732 867 3 1 3 2 1 0 3 1 0 0 0 0 1 1 1 3 8 0 2 6 6 3 0 2 13 0 0 3 1 1 0
21510733 940 11 1 1 2 3 2 3 1 2 3 2 3 3 1 4 0.33333333333333331 5 0.33333333333333331 6 0.33333333333333331 3 4 4 13 1 3 0 2 5 3 7 3 3 4 0 7 0 3 1
21510735 934 1 1 1 0 1 1 0 0 0 0 1 0 0 2 3 3 13 0 4 3 8 0 2 0 4 0 0 0 3
21510737 945 9 1 2 2 1 2 3 3 3 1 1 0 3 1 0 0 0 0 3 3 3 0 0 2 1 4 3 2 0 4 3 5 1 3 13 0 0
21510738 1010 1 3 1 0 2 1 0 0 0 0 0 0 1 0 2 0 4 4 2 6 1 1 5 4 8 0 1 4 13
21510740 976 1 1 1 0 3 1 0 0 0 0 1 0 0 0 1 6 13 0 1 6 4 2 2 7 4 0 2 0 0
21510742 880 9 3 3 2 3 2 2 3 1 1 1 0 1 1 0 0 0 0 2 3 4 2 3 2 1 4 3 6 3 0 3 13 7 4 3 6 1
21510744 1084 1 2 1 0 1 1 0 0 0 0 0 1 0 3 8 4 6 6 4 4 8 4 3 5 13 0 0 0 3
21510745 859 3 3 3 1 1 0 2 1 0 0 0 0 1 0 2 13 5 3 4 3 7 3 1 2 2 5 0 1 0 0 0
21510746 801 1 2 1 0 3 1 0 0 0 0 0 1 0 3 5 13 2 0 3 6 5 3 1 1 3 0 0 3 0
21510748 859 4 1 3 2 3 1 0 1 1 0 0 0 0 1 1 2 2 3 4 1 3 6 3 2 2 0 3 13 3 1 7 3
21510750 970 0 1 0 3 1 0 0 0 0 0 0 0 3 0 0 0 3 3 0 3 13 4 2 0 4 6 5 1
21510752 851 10 2 1 1 2 1 3 3 3 3 2 1 0 1 1 0 0 0 0 3 3 4 3 3 2 2 4 13 5 0 4 5 1 0 5 3 0 0
21510753 965 9 3 2 2 1 3 1 1 1 2 1 0 3 1 0 0 0 0 4 3 2 1 4 4 13 3 0 5 7 0 3 4 2 6 0 2 0
21510755 913 3 2 3 3 1 0 3 1 0 0 0 0 0 1 2 3 4 3 2 3 13 3 1 7 0 5 0 3 0 1 0
21510756 975 9 2 2 3 1 2 1 3 3 1 1 0 3 1 0 0 0 0 3 3 3 3 1 0 0 6 3 1 0 2 6 7 1 2 13 4 2
21510757 902 9 1 3 3 2 2 1 3 3 2 1 0 1 1 0 0 0 0 2 3 4 4 4 3 1 4 4 2 0 1 13 0 0 2 0 0 0
21510759 876 11 3 2 1 2 2 1 3 1 3 3 2 1 0 1 1 0 0 0 0 3 4 4 0 1 0 0 1 2 4 5 0 5 5 3 2 13 6 3
21510761 897 4 1 3 2 3 1 0 1 1 0 0 0 0 1 1 2 0 3 3 0 2 0 5 9 0 4 4 6 0 3 3 13
21510763 897 4 3 2 2 3 1 0 1 1 0 0 0 0 0 2 2 3 1 4 13 3 4 2 3 0 0 1 3 0 0 0 3
21510764 892 9 3 2 1 1 3 1 2 1 3 1 0 2 1 0 0 0 0 4 2 3 0 0 3 2 3 2 5 1 3 2 1 13 0 3 4 3
21510766 790 4 2 2 3 3 1 0 1 1 0 0 0 0 0 2 2 0 3 1 4 1 6 2 5 2 0 4 13 0 6 1 3
21510769 856 10 2 2 2 2 1 3 3 1 1 3 1 0 1 1 0 0 0 0 3 4 3 0 2 3 0 1 6 7 0 6 4 3 0 3 5 13 3
21510770 987 0 1 0 2 1 0 0 0 0 0 0 0 7 3 0 0 3 3 0 0 5 0 1 3 13 6 3 0
21510772 841 10 2 1 3 2 2 1 3 1 3 2 1 0 3 1 0 0 0 0 3 4 3 1 0 0 1 3 2 3 0 5 5 2 3 1 13 3 0
21510776 950 2 3 3 1 0 2 1 0 0 0 0 0 0 2 0 0 2 0 5 4 3 0 4 8 3 0 4 1 13 1
21510777 977 11 1 2 2 3 3 2 3 1 1 2 1 1 0 3 1 0 0 0 0 4 4 3 2 3 2 4 0 3 4 1 0 3 5 13 1 0 3 0
21510780 773 10 2 2 3 3 2 1 3 1 3 1 1 0 1 1 0 0 0 0 3 3 4 0 0 0 2 1 8 4 3 4 5 4 5 2 3 3 13
21510781 897 7 1 3 1 1 3 3 2 1 0 3 1 0 0 0 0 3 1 3 0 2 6 13 2 4 7 5 0 0 3 3 0 0 1 2
21510782 933 10 2 2 3 3 3 2 1 3 2 1 1 0 1 1 0 0 0 0 2 4 4 1 0 3 0 0 0 5 3 0 3 7 4 0 3 13 4
21510783 911 7 3 2 2 3 1 1 3 1 0 2 1 0 0 0 0 2 2 3 2 2 1 1 3 5 4 3 1 6 1 13 0 2 3 0
21510784 930 0 1 0 2 1 0 0 0 0 0 0 0 1 1 13 2 0 6 4 4 2 7 8 3 0 6 0 1
21510785 809 11 2 3 2 2 3 3 2 1 1 1 3 1 0 1 1 0 0 0 0 3 4 4 3 2 0 0 2 1 3 1 3 6 8 13 1 7 5 2
21510787 859 5 2 2 2 3 1 1 0 2 1 0 0 0 0 1 3 1 1 3 1 7 5 4 1 1 2 13 4 0 3 0 6 0
21510792 927 8 1 2 2 3 1 3 3 2 3 1 8 0.33333333333333331 9 0.33333333333333331 10 0.33333333333333331 2 3 3 0 1 0 1 2 3 1 5 0 2 3 3 0 0 3 13
21510793 887 7 2 1 2 1 3 3 2 1 0 1 1 0 0 0 0 2 3 2 0 0 3 4 3 4 4 5 1 3 7 13 0 2 3 0
21510795 903 7 2 3 2 1 1 2 2 1 0 3 1 0 0 0 0 2 4 1 4 4 2 3 3 6 3 0 3 4 1 1 13 3 1 0
21510796 900 11 1 2 1 3 2 2 1 3 3 3 1 1 0 2 1 0 0 0 0 4 3 4 0 0 0 2 0 1 1 2 2 1 4 4 0 3 4 13
21510797 799 4 2 2 1 2 1 0 3 1 0 0 0 0 1 3 0 0 0 1 4 0 0 0 6 1 4 3 3 0 13 5 4
21510798 950 1 2 1 0 3 1 0 0 0 0 0 1 0 0 1 0 0 3 3 0 2 3 3 3 5 13 6 5 1
21510799 835 2 2 2 1 0 1 1 0 0 0 0 0 2 0 2 3 1 3 0 13 3 4 0 0 4 3 0 3 0 1
21510800 741 10 2 1 3 2 1 3 1 3 2 3 1 0 2 1 0 0 0 0 3 3 4 3 0 1 2 7 6 13 3 0 3 3 3 0 1 0 0
21510801 942 2 1 3 1 0 1 1 0 0 0 0 1 0 1 0 0 2 2 0 0 4 3 0 2 1 6 3 0 7 13
21510802 940 2 1 2 1 0 3 1 0 0 0 0 1 1 0 0 0 3 13 0 5 5 2 3 1 3 3 0 3 0 0
21510805 805 5 1 2 2 2 3 1 0 3 1 0 0 0 0 1 3 1 2 1 1 0 2 4 0 0 5 8 1 0 3 1 13 8
21510808 894 8 1 1 1 2 3 3 2 1 1 0 3 1 0 0 0 0 4 2 2 0 3 0 2 4 1 2 2 3 1 6 0 13 3 2 4
21510810 837 5 2 3 3 1 1 1 0 2 1 0 0 0 0 2 1 2 1 2 3 1 0 2 2 2 0 5 1 3 0 13 5 1
21510812 1016 11 2 2 1 1 3 3 2 3 2 3 1 1 0 1 1 0 0 0 0 3 4 4 2 2 0 1 6 5 3 1 4 3 5 5 3 13 7 3
21510813 1009 11 1 3 2 2 1 1 2 3 3 3 1 1 0 2 1 0 0 0 0 4 3 4 13 2 1 3 6 7 4 6 8 5 3 0 0 1 2 0
21510816 1128 3 1 3 3 1 0 3 1 0 0 0 0 1 0 2 0 13 5 3 2 8 5 3 0 2 3 3 1 0 2 1
21510819 892 2 1 1 1 0 2 1 0 0 0 0 2 0 0 0 2 0 0 13 1 4 0 4 4 6 4 1 2 4 2
21510820 796 10 2 3 3 3 1 1 2 2 2 3 1 0 1 1 0 0 0 0 2 4 4 0 5 7 13 0 3 3 4 2 1 3 0 0 0 1 0
21510824 970 1 2 3 1 5 0.33333333333333331 6 0.33333333333333331 7 0.33333333333333331 0 1 0 0 0 0 2 0 1 0 1 7 4 4 1 2 3 4 13
21510825 912 9 1 1 2 3 3 2 2 3 2 1 0 1 1 0 0 0 0 2 4 3 4 3 0 0 2 5 1 0 13 5 4 0 1 0 0 3
21510826 780 5 2 2 1 3 2 1 0 1 1 0 0 0 0 1 3 1 0 3 2 0 3 0 3 1 3 2 5 1 13 6 1 0
21510827 750 6 2 3 1 1 2 1 1 0 3 1 0 0 0 0 3 2 1 1 0 4 2 0 3 8 6 0 0 6 13 0 3 4 2
21510831 822 7 1 3 2 2 3 3 1 1 0 2 1 0 0 0 0 2 2 3 0 1 0 7 0 3 2 3 3 7 6 4 1 4 13 5
21510834 868 3 2 3 3 1 0 1 1 0 0 0 0 0 1 2 3 0 0 0 0 0 3 2 1 3 6 13 0 4 5 3
21510835 916 4 1 1 1 2 3 1 7 0.33333333333333331 8 0.33333333333333331 9 0.33333333333333331 3 1 0 0 2 0 3 2 5 4 3 3 3 2 8 0 1 6 13
21510836 815 9 2 1 2 3 3 1 2 2 3 1 0 3 1 0 0 0 0 2 4 3 1 7 3 13 3 3 5 7 0 1 2 4 0 0 0 1
21510838 1050 8 3 3 1 1 2 3 3 2 1 0 2 1 0 0 0 0 2 2 4 0 0 5 2 5 1 3 2 1 8 6 1 13 3 3 4
21510840 810 3 1 1 2 1 0 2 1 0 0 0 0 2 1 0 1 4 3 1 6 4 4 2 3 4 13 0 2 8 0 0
21510841 857 1 2 1 0 3 1 0 0 0 0 0 1 0 13 1 3 0 4 3 5 6 2 6 1 2 0 1 0 0
21510843 951 4 2 2 3 2 1 0 3 1 0 0 0 0 0 3 1 0 3 3 0 0 3 2 3 0 4 4 1 1 13 1 1
21510845 843 2 2 3 3 1 8 0.33333333333333331 9 0.33333333333333331 10 0.33333333333333331 0 1 1 2 3 9 13 0 5 5 4 0 3 3 1 0 0 1 5
21510846 847 0 1 0 2 1 0 0 0 0 0 0 0 0 3 3 4 3 1 3 6 1 7 3 13 0 2 3 0
21510848 769 3 2 1 3 1 0 1 1 0 0 0 0 1 1 1 2 3 0 0 4 3 3 0 3 6 2 0 13 4 0 1
21510849 1068 0 1 0 3 1 0 0 0 0 0 0 0 0 0 2 0 0 0 1 13 0 0 3 9 3 3 3 5
21510851 796 3 2 2 1 1 0 2 1 0 0 0 0 1 2 0 0 2 13 4 1 4 5 4 0 3 3 5 0 1 1 0
21510852 888 5 1 2 3 3 2 1 0 3 1 0 0 0 0 1 2 2 3 2 6 3 0 3 13 6 0 4 4 5 1 1 0 3
21510855 804 0 1 0 1 1 0 0 0 0 0 0 0 1 4 1 2 2 13 5 0 2 1 5 0 0 0 2 0
21510856 975 11 2 3 2 3 1 1 3 2 1 3 1 1 0 2 1 0 0 0 0 4 3 4 3 13 4 3 3 5 1 1 0 2 8 0 0 0 3 2
21510857 894 4 1 2 1 1 1 0 1 1 0 0 0 0 3 1 0 9 6 7 13 3 6 4 2 5 4 2 3 0 0 2 0
21510858 1003 6 1 3 2 3 2 1 1 0 1 1 0 0 0 0 2 2 2 0 5 2 13 3 0 5 7 0 1 3 5 0 0 4 2
21510859 981 7 2 1 1 3 2 1 3 1 0 1 1 0 0 0 0 3 2 2 4 2 3 0 3 7 13 5 6 5 2 3 1 0 0 2
21510860 948 9 1 1 2 3 1 3 2 2 3 1 0 2 1 0 0 0 0 3 3 3 4 1 13 0 3 3 2 3 4 0 0 0 3 0 1 0
21510864 877 3 3 3 2 1 0 2 1 0 0 0 0 0 1 2 13 3 1 3 3 4 1 0 3 6 3 0 0 2 4 1
21510865 995 5 1 2 1 1 2 1 0 1 1 0 0 0 0 3 2 0 2 2 2 0 2 8 4 0 5 1 13 3 1 3 0 0
21510866 1019 6 3 2 1 2 3 1 1 0 3 1 0 0 0 0 2 2 2 13 2 3 3 4 4 4 0 1 1 5 0 0 2 3 0
21510868 1044 3 2 1 3 1 0 2 1 0 0 0 0 1 1 1 4 0 7 0 1 5 4 0 2 3 13 0 0 1 0 3
21510873 1041 3 2 1 1 1 0 2 1 0 0 0 0 2 1 0 0 3 1 1 4 6 3 2 3 7 10 6 3 2 4 13
21510875 880 6 3 2 1 1 3 1 1 0 1 1 0 0 0 0 3 1 2 0 0 3 0 0 3 4 6 0 3 2 8 2 2 3 13
21510876 857 9 3 2 2 1 1 2 3 1 1 1 0 3 1 0 0 0 0 4 3 2 13 5 0 3 8 7 3 0 6 5 7 3 1 3 2 2
21510877 760 8 3 2 3 1 3 1 1 3 1 0 2 1 0 0 0 0 3 1 4 2 5 0 0 3 4 1 2 4 3 4 1 3 2 13 0
21510878 986 11 3 2 1 1 2 3 3 2 1 1 2 1 0 3 1 0 0 0 0 4 4 3 0 1 5 13 3 7 4 3 0 0 4 6 1 2 0 2
21510879 888 8 3 1 1 1 2 1 2 3 1 0 2 1 0 0 0 0 4 2 2 7 5 3 3 6 6 13 4 0 3 1 2 0 0 2 0
21510881 803 7 1 2 1 3 3 1 2 1 0 3 1 0 0 0 0 3 2 2 0 1 2 0 0 4 0 3 0 3 2 4 2 7 13 1
21510882 916 11 3 1 1 1 3 1 2 2 2 3 3 1 0 2 1 0 0 0 0 4 3 4 3 4 13 0 3 3 6 3 1 5 4 3 2 0 0 0
21510884 802 1 3 1 0 1 1 0 0 0 0 0 0 1 8 3 3 1 9 13 0 0 5 4 2 2 3 4 0 0
21510885 868 3 1 1 3 3 1 7 0.33333333333333331 8 0.33333333333333331 9 0.33333333333333331 2 0 1 2 13 4 0 6 4 0 0 4 7 0 7 3 2 0 0
21510887 843 3 3 3 2 1 0 2 1 0 0 0 0 0 1 2 2 1 3 0 13 5 1 0 3 3 1 3 0 4 4 3
21510888 758 10 1 1 3 3 1 2 3 1 3 2 1 0 2 1 0 0 0 0 4 2 4 0 0 0 2 1 2 3 1 3 5 6 4 2 4 13 4
21510890 958 5 3 3 1 2 1 1 0 2 1 0 0 0 0 2 1 2 0 0 5 3 0 13 4 1 0 2 2 1 3 3 2 1
21510891 686 7 2 2 3 1 1 1 3 1 0 3 1 0 0 0 0 3 2 2 5 3 13 2 1 6 3 3 7 4 0 4 3 3 2 0
21510892 906 3 3 3 2 1 0 2 1 0 0 0 0 0 1 2 13 3 2 0 6 1 1 0 2 6 1 1 1 0 0 2
21510893 993 1 2 1 0 3 1 0 0 0 0 0 1 0 4 3 13 2 1 5 1 4 0 0 3 0 0 0 3 0
21510894 932 3 3 3 2 1 0 2 1 0 0 0 0 0 1 2 3 1 8 13 2 7 7 4 0 1 5 3 0 0 3 1
21510896 866 5 2 1 3 2 1 1 0 3 1 0 0 0 0 2 2 1 0 0 0 3 3 1 4 8 0 2 6 1 0 0 2 13
21510897 978 5 1 1 3 2 1 1 0 2 1 0 0 0 0 3 1 1 2 0 1 2 7 4 1 1 3 13 4 4 2 5 2 5
21510898 925 9 3 3 1 2 2 3 1 2 1 1 0 3 1 0 0 0 0 3 3 3 3 0 2 1 4 5 4 0 3 13 0 0 5 4 0 0
21510900 843 2 2 1 1 0 3 1 0 0 0 0 1 1 0 7 4 2 2 1 4 5 13 0 1 6 4 0 3 4 3
21510901 817 6 2 3 3 1 2 1 1 0 3 1 0 0 0 0 2 2 2 2 3 0 3 3 3 4 0 4 13 1 0 3 2 1 0
21510904 901 8 1 3 3 3 3 1 1 2 1 0 2 1 0 0 0 0 3 1 4 2 0 0 0 13 7 4 0 1 4 7 2 7 3 2 1
21510906 1027 5 3 3 3 2 3 1 0 1 1 0 0 0 0 0 1 4 2 13 3 8 5 7 7 2 4 3 3 5 1 1 0 4
21510908 931 4 2 1 3 3 1 0 1 1 0 0 0 0 1 1 2 0 0 2 0 1 6 2 0 4 4 5 0 13 3 3 3
21510909 866 1 3 1 0 2 1 0 0 0 0 0 0 1 3 1 0 3 9 13 3 0 6 4 3 1 3 5 2 0
21510913 924 9 3 3 1 1 2 1 2 3 2 1 0 1 1 0 0 0 0 3 3 3 0 0 3 0 0 5 3 13 0 1 4 4 2 2 3 3
21510916 951 0 1 0 1 1 0 0 0 0 0 0 0 0 2 2 0 0 1 4 0 8 3 6 3 0 13 8 5
21510918 858 11 1 3 2 1 2 3 3 2 1 3 2 1 0 1 1 0 0 0 0 3 4 4 0 1 13 2 4 3 4 2 7 5 8 2 0 1 4 1
21510919 951 11 1 3 2 2 2 1 3 2 3 1 3 1 0 1 1 0 0 0 0 3 4 4 1 5 6 3 8 13 4 3 4 4 2 0 5 1 2 0
21510920 916 11 1 2 2 1 3 2 3 3 1 1 2 1 0 3 1 0 0 0 0 4 4 3 3 2 6 4 4 2 1 0 13 7 3 1 0 9 0 6
21510921 962 10 2 1 3 2 2 1 1 3 1 3 1 0 3 1 0 0 0 0 4 3 3 13 8 6 2 5 2 3 0 1 3 0 1 0 4 0 2
21510922 811 8 1 3 2 1 3 1 2 1 1 0 3 1 0 0 0 0 4 2 2 13 3 3 2 6 3 2 0 4 5 0 0 3 3 0 0
21510924 832 4 1 2 3 1 1 0 3 1 0 0 0 0 2 1 1 0 3 0 0 13 4 3 2 4 4 9 6 1 2 3 0
21510925 955 8 3 1 2 1 1 2 2 2 1 0 1 1 0 0 0 0 3 4 1 0 3 0 1 0 0 3 3 3 4 3 2 3 6 7 13
21510926 965 9 1 2 3 3 2 3 2 1 1 1 0 2 1 0 0 0 0 3 3 3 3 0 0 0 1 1 1 4 0 5 4 4 0 2 13 2
21510928 1021 0 3 1 8 0.33333333333333331 9 0.33333333333333331 10 0.33333333333333331 0 0 0 3 7 13 3 5 5 4 0 8 0 3 0 2 1 0 0
21510929 833 8 1 1 2 3 2 3 3 3 1 0 1 1 0 0 0 0 2 2 4 2 0 0 0 1 2 0 3 0 3 4 4 4 5 6 13
21510930 754 7 1 1 3 1 2 3 1 1 0 3 1 0 0 0 0 4 1 2 2 0 3 3 1 6 7 4 0 3 7 13 2 2 3 2
21510931 900 1 3 1 0 2 1 0 0 0 0 0 0 1 0 4 8 13 0 2 5 1 1 0 2 4 1 0 0 0
21510932 887 9 2 3 2 2 3 1 1 3 2 1 0 3 1 0 0 0 0 2 4 3 0 13 4 1 1 4 6 2 0 0 1 2 0 0 0 1
21510933 974 5 3 2 1 3 2 1 0 3 1 0 0 0 0 1 2 2 0 1 0 0 4 6 2 2 1 6 3 0 13 4 6 1
21510934 746 9 2 1 1 2 1 2 3 1 3 1 0 3 1 0 0 0 0 4 3 2 0 2 3 3 0 3 4 4 1 3 4 2 2 1 3 13
21510935 1030 3 1 2 2 1 0 2 1 0 0 0 0 1 2 0 8 8 0 0 13 6 4 3 3 8 5 1 1 4 5 3
21510936 978 3 3 1 2 1 0 1 1 0 0 0 0 1 1 1 0 0 3 2 0 3 5 7 1 4 2 3 0 13 4 3
21510939 852 3 3 2 1 1 0 1 1 0 0 0 0 1 1 1 1 4 13 1 5 3 4 7 3 1 2 2 0 0 2 2
21510940 866 7 2 3 3 2 1 3 2 1 0 1 1 0 0 0 0 1 3 3 6 0 1 0 7 2 4 3 13 4 2 1 3 5 1 4
21510942 989 1 1 1 0 2 1 0 0 0 0 1 0 0 3 8 9 3 4 13 5 2 4 5 4 4 0 1 0 0
21510943 995 7 3 1 3 2 2 1 2 1 0 3 1 0 0 0 0 2 3 2 0 2 3 13 5 5 4 7 4 3 3 4 0 1 1 0
21510944 902 8 3 2 2 1 1 3 2 2 1 0 3 1 0 0 0 0 2 4 2 0 0 3 0 0 0 1 0 1 3 8 4 0 5 3 13
21510945 1119 4 3 1 1 2 1 0 3 1 0 0 0 0 2 1 1 3 0 0 3 0 0 5 3 0 1 2 4 0 4 2 13
21510946 833 3 1 3 3 1 0 2 1 0 0 0 0 1 0 2 2 1 0 0 0 3 2 4 0 1 5 3 0 0 3 13
21510947 942 2 1 2 1 0 2 1 0 0 0 0 1 1 0 0 0 2 0 1 1 4 3 1 13 3 4 2 3 5 3
21510948 877 0 1 0 1 1 0 0 0 0 0 0 0 3 4 1 13 1 3 6 9 0 4 2 4 0 2 3 2
21510950 779 2 1 3 1 0 3 1 0 0 0 0 1 0 1 1 2 0 0 0 2 13 2 4 5 1 0 4 7 3 4
21510951 1044 2 1 1 1 0 3 1 0 0 0 0 2 0 0 1 2 0 0 4 2 4 0 2 6 2 0 13 1 4 3
21510953 901 3 3 3 3 1 0 1 1 0 0 0 0 0 0 3 0 3 0 0 0 0 13 1 2 3 4 2 4 5 3 4
21510954 756 7 3 3 2 2 2 1 1 1 0 2 1 0 0 0 0 2 3 2 4 3 1 3 3 13 1 3 4 3 0 0 6 0 3 0
21510957 805 0 1 0 2 1 0 0 0 0 0 0 0 0 0 3 0 0 6 1 1 0 7 13 2 1 2 3 3
21510959 941 7 1 2 3 1 2 1 3 1 0 3 1 0 0 0 0 3 2 2 3 0 0 0 4 2 1 2 6 5 8 0 13 3 1 2
21510961 794 0 1 0 1 1 0 0 0 0 0 0 0 0 3 0 2 3 5 5 1 3 6 7 3 13 5 2 0
21510964 914 3 2 3 1 1 0 1 1 0 0 0 0 1 1 1 0 2 0 0 3 3 0 0 4 6 0 0 13 9 6 3
21510965 1008 1 2 3 1 6 0.33333333333333331 7 0.33333333333333331 8 0.33333333333333331 0 1 0 13 3 6 0 4 2 4 3 1 4 1 0 2 1 0 3
21510966 999 9 2 3 2 1 2 3 1 1 3 1 0 2 1 0 0 0 0 3 3 3 13 4 5 3 1 1 2 2 3 1 4 3 1 0 3 2
21510969 888 7 3 1 2 1 2 2 2 1 0 1 1 0 0 0 0 2 4 1 0 0 1 0 4 4 0 3 5 3 3 0 13 6 4 0
21510971 924 10 1 2 1 3 1 2 2 3 3 2 1 0 3 1 0 0 0 0 3 4 3 6 1 0 0 1 2 2 3 4 5 3 1 3 7 3 13
21510974 950 1 3 1 0 2 1 0 0 0 0 0 0 1 0 1 3 3 0 6 5 3 2 3 4 3 1 3 13 3
21510975 921 5 2 1 3 2 3 1 0 3 1 0 0 0 0 1 2 2 3 3 1 2 6 4 5 1 13 3 6 1 0 0 2 0
21510976 792 2 2 3 1 0 1 1 0 0 0 0 0 1 1 2 3 3 6 4 1 6 3 5 4 13 1 0 0 2 3
21510977 921 3 2 3 2 1 0 1 1 0 0 0 0 0 2 1 2 1 4 8 4 13 1 0 3 4 4 0 3 3 3 0
21510978 775 6 2 2 2 2 3 1 1 0 1 1 0 0 0 0 1 4 1 0 1 4 13 0 1 6 5 1 0 2 8 0 0 3 3
21510979 793 10 1 3 2 3 1 1 3 1 3 2 1 0 2 1 0 0 0 0 4 2 4 13 4 3 2 3 5 0 0 3 7 0 0 3 0 0 0
21510980 992 11 2 1 2 2 3 3 3 2 1 1 1 3 1 8 0.33333333333333331 9 0.33333333333333331 10 0.33333333333333331 4 4 3 13 3 3 2 9 4 6 3 3 3 0 0 3 1 0 0
21510981 810 6 1 3 3 2 2 1 1 0 1 1 0 0 0 0 2 2 2 0 3 0 0 3 2 3 0 4 4 2 0 3 5 13 1
21510982 835 4 1 3 1 2 1 0 2 1 0 0 0 0 2 1 1 0 3 5 3 0 2 4 1 0 3 4 8 1 2 5 13
21510985 930 6 2 1 2 3 3 2 1 0 1 1 0 0 0 0 1 3 2 9 13 1 4 0 5 5 4 0 3 3 1 0 2 0 0
21510986 917 7 1 1 1 3 2 3 2 1 0 2 1 0 0 0 0 3 2 2 4 4 4 13 1 7 5 8 3 1 2 5 2 0 6 0
21510988 1034 8 3 2 1 2 1 1 3 3 1 0 1 1 0 0 0 0 3 2 3 3 1 0 0 1 3 2 0 3 4 5 2 13 4 2 2
21510989 951 5 2 2 3 1 1 1 0 3 1 0 0 0 0 2 2 1 13 3 1 0 3 6 2 4 1 4 2 0 3 0 2 1
21510990 886 2 3 2 1 0 1 1 0 0 0 0 0 1 1 3 0 5 3 0 3 3 5 0 3 6 4 0 13 3 5
21510992 856 6 1 1 3 1 2 2 1 0 3 1 0 0 0 0 3 2 1 0 0 0 1 3 2 0 0 2 3 5 4 0 13 7 4
21510994 814 10 3 1 3 3 2 1 1 3 1 2 1 0 2 1 0 0 0 0 4 2 4 4 0 0 2 5 2 0 0 3 5 1 0 13 3 3 0
21510996 914 0 1 0 3 1 0 0 0 0 0 0 0 3 3 13 6 3 5 7 4 2 2 3 1 3 0 0 1
21510997 784 2 1 3 1 0 2 1 0 0 0 0 1 0 1 0 0 3 3 0 5 4 7 2 3 6 1 0 4 8 13
21510999 807 11 2 1 3 3 1 2 3 1 2 2 3 1 0 1 1 0 0 0 0 3 4 4 0 0 2 0 2 1 3 0 4 1 2 0 13 6 5 1
21511002 863 8 1 2 1 2 3 1 1 3 1 0 2 1 0 0 0 0 4 2 2 0 0 3 13 3 3 6 7 3 4 3 4 0 0 2 3
21511003 906 2 2 3 1 0 3 1 0 0 0 0 0 1 1 1 0 2 1 0 3 5 1 0 4 5 13 0 7 6 2
21511004 1021 10 2 2 3 1 1 3 3 2 1 1 1 0 2 1 0 0 0 0 4 3 3 4 5 1 4 1 6 3 1 4 2 13 0 2 2 4 3
21511006 966 3 3 1 1 1 0 2 1 0 0 0 0 2 0 1 2 5 1 0 13 1 3 2 7 4 2 4 0 3 0 3
21511007 944 4 2 1 2 3 1 0 3 1 0 0 0 0 1 2 1 3 1 4 3 13 7 1 0 5 4 0 0 2 3 0 0
21511008 1068 1 1 1 0 2 1 0 0 0 0 1 0 0 0 3 0 0 4 2 3 1 1 7 6 2 13 3 4 0
21511011 1010 2 2 1 1 0 2 1 0 0 0 0 1 1 0 3 1 3 1 1 13 0 0 2 6 4 2 5 6 4 0
21511012 896 3 1 2 1 1 0 3 1 0 0 0 0 2 1 0 0 0 0 2 3 0 3 0 3 5 3 4 4 3 13 7
21511013 898 3 2 3 1 1 0 1 1 0 0 0 0 1 1 1 5 2 4 3 0 6 4 2 0 13 1 4 0 8 0 3
21511014 959 5 3 2 1 2 3 1 0 2 1 0 0 0 0 1 2 2 13 8 4 5 5 5 7 3 4 3 3 1 0 0 0 1
21511015 1032 0 1 0 2 1 0 0 0 0 0 0 0 0 0 1 0 13 3 3 2 1 1 5 3 3 3 6 2
21511016 899 9 1 3 3 2 2 3 1 2 3 1 0 2 1 0 0 0 0 2 3 4 13 4 2 0 6 5 3 1 3 3 1 0 0 0 0 1
21511017 1023 9 3 2 3 2 1 2 1 1 3 1 0 1 1 0 0 0 0 3 3 3 13 5 3 0 4 4 3 0 3 0 0 0 3 2 0 3
21511018 873 8 3 3 2 1 2 1 1 2 1 0 1 1 0 0 0 0 3 3 2 0 4 3 3 0 4 5 2 0 3 13 7 3 0 0 4
21511019 821 2 3 1 1 0 2 1 0 0 0 0 1 0 1 3 5 1 3 6 5 2 0 13 3 2 0 0 5 1 3
21511022 944 7 1 1 3 2 3 3 1 1 0 2 1 0 0 0 0 3 1 3 0 2 5 1 0 5 1 4 0 3 13 3 2 0 0 2
21511023 853 5 3 3 1 3 2 1 0 2 1 0 0 0 0 1 1 3 3 0 0 0 4 5 3 6 5 13 1 8 3 0 0 0
21511026 1031 5 1 1 1 2 2 1 0 1 1 0 0 0 0 3 2 0 1 3 3 0 3 4 6 2 6 4 4 0 13 6 2 2
21511030 862 3 1 3 1 1 0 2 1 0 0 0 0 2 0 1 2 1 2 1 3 13 2 0 4 5 1 4 4 3 2 0
21511032 856 10 2 1 3 3 2 1 1 3 1 2 1 0 3 1 0 0 0 0 4 3 3 0 3 2 13 0 1 3 5 0 0 3 8 2 0 3 3
21511034 1017 10 1 1 2 1 3 3 1 2 3 3 1 0 2 1 0 0 0 0 4 2 4 2 2 0 0 3 6 4 1 3 4 1 0 13 3 3 2
21511036 905 7 3 3 1 2 1 3 2 1 0 1 1 0 0 0 0 2 2 3 0 0 1 0 3 2 4 3 2 5 1 2 9 5 13 0
21511039 940 5 2 2 1 2 3 1 0 3 1 0 0 0 0 1 3 1 2 1 3 13 1 1 4 5 0 3 2 3 0 0 0 1
21511040 906 0 1 0 1 1 0 0 0 0 0 0 0 2 0 0 0 0 4 2 4 0 3 7 4 3 5 1 13
21511041 791 8 2 2 1 2 3 3 2 3 1 0 3 1 0 0 0 0 1 4 3 0 1 1 0 1 4 5 0 2 5 3 0 13 6 5 1
21511043 926 5 2 3 1 2 1 1 0 3 1 0 0 0 0 2 2 1 4 3 13 0 3 2 4 1 1 3 8 2 3 0 0 0
21511045 959 7 2 1 3 3 1 3 2 1 0 2 1 0 0 0 0 2 2 3 0 0 2 0 0 1 4 13 1 6 4 4 8 7 2 1
21511046 856 8 2 1 2 2 3 2 3 1 1 0 3 1 0 0 0 0 2 4 2 3 9 0 0 3 4 3 1 4 6 5 0 13 8 6 1
21511048 880 0 1 0 2 1 0 0 0 0 0 0 0 13 5 2 0 5 4 2 3 1 1 4 0 4 0 0 1
21511050 906 0 1 0 2 1 0 0 0 0 0 0 0 2 5 3 1 7 5 13 0 3 4 1 4 3 1 0 2
21511051 918 11 2 1 2 1 2 1 1 3 3 3 2 1 0 3 1 0 0 0 0 4 4 3 0 2 3 0 1 1 2 0 0 5 4 1 0 13 2 4
21511052 1089 11 1 3 3 3 2 2 1 1 2 3 2 1 0 1 1 0 0 0 0 3 4 4 0 0 4 3 2 4 8 1 2 8 1 4 1 9 2 13
21511056 882 0 1 0 2 1 0 0 0 0 0 0 0 1 2 0 0 13 6 4 0 3 4 0 0 5 2 1 1
21511058 930 1 2 1 0 1 1 0 0 0 0 0 1 0 3 0 2 6 0 0 2 13 0 3 6 1 3 4 1 4
21511059 842 1 3 1 0 3 1 0 0 0 0 0 0 1 1 2 2 4 0 6 13 1 0 3 2 7 0 0 1 4
21511061 929 7 2 3 1 1 2 3 1 1 0 2 1 0 0 0 0 3 2 2 0 4 1 0 3 3 1 2 4 1 13 0 2 3 2 3
21511063 905 1 3 1 0 2 1 0 0 0 0 0 0 1 0 0 0 3 0 3 4 3 1 6 3 4 2 1 3 13
21511064 793 11 3 1 2 3 3 1 2 1 1 3 2 1 0 2 1 0 0 0 0 4 3 4 0 1 2 0 1 1 5 3 3 4 2 3 2 0 13 4
21511065 790 11 3 3 3 1 2 1 1 2 3 2 1 1 0 2 1 0 0 0 0 4 3 4 0 3 2 0 0 0 8 13 2 6 5 5 3 4 1 1
21511066 1047 6 1 2 3 3 2 1 1 0 3 1 0 0 0 0 2 2 2 1 2 0 0 0 5 2 13 3 3 5 6 4 1 6 3
21511069 928 3 1 3 2 1 0 2 1 0 0 0 0 1 1 1 3 5 0 3 13 6 1 3 2 4 0 0 1 3 0 0
21511070 940 9 1 3 3 2 2 1 2 2 1 1 0 3 1 0 0 0 0 3 4 2 0 3 0 3 2 2 3 1 1 6 6 1 0 7 4 13
21511072 796 11 3 1 3 3 2 1 1 3 2 2 1 1 0 2 1 0 0 0 0 4 3 4 3 2 8 13 6 4 1 1 0 5 4 4 0 2 2 1
21511073 1000 11 3 2 1 1 2 1 2 3 2 3 3 1 0 1 1 0 0 0 0 3 4 4 1 3 0 0 1 2 13 6 0 8 6 1 0 2 2 4
21511075 971 0 1 0 3 1 0 0 0 0 0 0 0 0 1 3 2 2 0 3 13 2 5 3 4 0 1 3 1
21511076 1028 6 1 1 3 1 1 3 1 0 2 1 0 0 0 0 4 0 2 13 2 0 0 2 4 0 0 5 3 3 2 3 0 3 0
21511078 959 5 2 3 3 2 2 1 0 1 1 0 0 0 0 0 3 2 3 0 0 1 3 5 0 0 5 3 1 0 13 3 3 0
21511079 970 3 2 2 3 1 0 1 1 0 0 0 0 0 2 1 4 3 13 0 3 1 4 3 3 2 1 0 1 4 2 3
21511081 813 3 1 3 3 1 0 3 1 0 0 0 0 1 0 2 2 2 0 0 1 1 5 4 1 4 2 0 2 13 1 2
21511082 853 8 1 3 1 1 2 2 3 2 1 0 1 1 0 0 0 0 3 3 2 0 3 0 0 3 2 3 13 0 0 4 8 4 2 4 1
21511087 914 3 3 3 3 1 0 1 1 0 0 0 0 0 0 3 3 0 0 0 1 2 1 13 2 6 7 2 0 3 3 3
21511088 988 11 3 2 1 1 1 3 1 3 3 2 2 1 0 2 1 0 0 0 0 4 3 4 0 1 4 13 0 4 7 2 0 3 5 4 3 0 2 1
21511091 718 4 1 1 3 2 1 0 3 1 0 0 0 0 2 1 1 0 1 2 2 0 3 7 9 1 2 3 3 0 3 4 13
21511092 971 11 1 2 3 3 2 3 2 2 1 1 3 1 0 1 1 0 0 0 0 3 4 4 2 13 2 3 3 3 7 1 1 3 1 2 6 0 0 3
21511094 1121 11 1 3 1 2 2 3 2 2 1 3 3 1 0 1 1 0 0 0 0 3 4 4 13 4 4 4 4 5 3 1 2 3 0 0 1 2 0 0
21511095 792 2 1 2 1 0 2 1 0 0 0 0 1 1 0 1 3 3 4 13 5 1 2 3 3 0 0 0 3 0 0
21511096 901 3 1 3 3 1 0 2 1 0 0 0 0 1 0 2 1 0 1 0 7 3 2 3 4 4 9 2 5 5 13 3
21511097 849 0 1 0 2 1 0 0 0 0 0 0 0 0 0 1 2 4 1 4 6 1 2 4 13 0 10 3 4
21511098 903 10 3 3 3 2 2 1 2 3 1 1 1 0 2 1 0 0 0 0 3 3 4 0 2 1 1 13 5 3 0 2 8 4 3 4 6 5 1
21511100 962 9 1 2 1 3 3 1 3 3 2 1 0 2 1 0 0 0 0 3 2 4 2 0 3 0 0 13 10 3 1 7 4 4 6 4 3 3
21511103 1005 10 3 2 2 1 3 2 1 1 1 3 1 0 2 1 0 0 0 0 4 3 3 3 3 0 0 2 4 6 5 0 1 5 13 0 3 5 3
21511104 919 5 1 1 2 3 2 1 0 2 1 0 0 0 0 2 2 1 0 4 8 13 0 4 8 1 3 1 7 3 0 0 2 3
21511105 943 6 3 2 3 1 1 3 1 0 1 1 0 0 0 0 2 1 3 2 1 2 2 5 4 3 3 0 3 3 13 3 0 0 0
21511106 825 4 3 1 1 1 1 0 2 1 0 0 0 0 3 0 1 0 3 0 1 2 4 3 2 2 2 13 4 3 4 1 3
21511107 832 8 3 1 3 2 3 1 2 1 1 0 2 1 0 0 0 0 3 2 3 1 4 7 13 3 5 1 2 0 3 3 2 0 3 0 0
21511108 968 2 1 2 1 0 3 1 0 0 0 0 1 1 0 0 3 6 13 3 3 5 7 0 0 4 1 0 0 0 2
21511113 874 7 1 2 2 3 1 3 2 1 0 3 1 0 0 0 0 2 3 2 2 0 3 1 3 1 3 1 4 3 0 0 2 13 0 0
21511114 1055 1 2 1 0 1 1 0 0 0 0 0 1 0 3 2 0 0 6 5 5 3 13 8 1 0 3 3 0 0
21511115 864 6 3 3 1 2 1 3 1 0 3 1 0 0 0 0 2 1 3 0 3 7 13 0 2 5 3 1 5 1 2 0 0 0 2
21511117 916 8 3 2 2 2 2 1 3 1 1 0 3 1 0 0 0 0 2 4 2 0 0 1 0 1 4 7 13 3 4 6 5 0 0 4 4
21511118 876 10 2 3 1 2 1 2 1 3 3 1 1 0 2 1 0 0 0 0 4 3 3 5 4 2 0 3 4 13 3 3 6 3 0 1 0 4 0
21511122 874 8 1 3 3 2 1 1 3 1 1 0 2 1 0 0 0 0 4 1 3 2 0 3 0 0 2 2 0 5 4 7 1 0 3 13 4
21511123 823 5 2 3 1 3 2 1 0 2 1 0 0 0 0 1 2 2 13 1 1 1 2 3 5 3 3 5 8 2 1 4 0 0
21511124 863 5 3 2 1 2 2 3 1 5 0.33333333333333331 6 0.33333333333333331 7 0.33333333333333331 1 3 1 1 3 2 0 4 1 6 0 4 3 8 0 13 1 4 3
21511125 937 11 1 2 1 2 2 2 1 3 1 3 3 1 0 3 1 0 0 0 0 4 4 3 13 3 1 4 1 6 1 0 3 2 8 2 0 0 3 2
21511127 891 1 1 1 0 3 1 0 0 0 0 1 0 0 0 0 0 4 0 6 4 3 2 1 13 3 0 3 2 6
21511128 874 10 1 3 2 3 1 2 3 1 3 1 1 0 2 1 0 0 0 0 4 2 4 5 4 13 2 1 5 4 0 2 0 0 0 3 0 0 0
21511130 1003 4 3 1 1 3 1 0 2 1 0 0 0 0 2 0 2 0 3 0 2 0 7 13 3 2 3 4 1 0 1 3 2
21511131 1015 6 3 2 3 3 2 3 1 0 1 1 0 0 0 0 0 2 4 2 0 0 2 3 1 0 0 5 1 1 0 2 4 13 1
21511132 959 2 2 1 1 0 2 1 0 0 0 0 1 1 0 5 1 0 0 4 1 4 2 13 5 4 0 2 8 1 0
21511133 966 1 2 1 0 1 1 0 0 0 0 0 1 0 0 0 0 2 3 5 3 13 6 4 3 5 1 2 6 1
21511134 901 4 2 1 1 1 1 0 1 1 0 0 0 0 3 1 0 4 3 3 2 1 13 4 2 5 3 3 0 2 0 2 3
21511136 927 8 2 3 1 1 1 2 2 1 1 0 2 1 0 0 0 0 4 3 1 0 0 3 4 0 2 0 6 3 6 5 1 3 4 13 3
21511138 935 8 1 1 2 3 1 3 2 1 1 0 3 1 0 0 0 0 4 2 2 0 3 0 0 2 3 2 2 0 13 4 1 2 1 4 3
21511139 1003 3 3 1 2 3 1 5 0.33333333333333331 6 0.33333333333333331 7 0.33333333333333331 1 1 1 4 2 1 3 1 3 5 13 3 4 3 3 3 0 2 0
21511140 898 6 3 1 3 1 1 2 1 0 1 1 0 0 0 0 3 1 2 3 0 0 2 0 13 1 4 3 8 4 2 3 6 2 2
21511142 942 4 1 2 3 2 1 0 1 1 0 0 0 0 1 2 1 3 2 3 13 2 9 6 4 2 6 1 2 3 1 1 1
21511144 920 1 2 3 1 4 0.33333333333333331 5 0.33333333333333331 6 0.33333333333333331 0 1 0 3 3 3 13 3 9 5 8 3 4 4 4 1 0 0 0
21511146 1072 1 1 1 0 1 1 0 0 0 0 1 0 0 5 3 2 0 4 4 13 3 1 3 2 0 2 0 0 0
21511147 822 11 3 2 1 1 3 3 1 2 3 2 2 1 0 1 1 0 0 0 0 3 4 4 6 2 13 0 4 4 3 0 7 3 0 1 0 0 0 3
21511149 865 10 3 3 2 2 3 1 3 2 2 1 1 0 1 1 0 0 0 0 2 4 4 1 13 5 4 0 3 4 3 0 5 5 3 0 2 4 1
21511152 964 3 2 3 2 1 0 1 1 0 0 0 0 0 2 1 1 0 0 0 0 1 0 2 4 3 4 0 4 13 6 3
21511154 851 9 2 1 3 1 3 1 2 3 2 1 0 1 1 0 0 0 0 3 3 3 0 0 3 2 2 13 3 4 0 1 3 3 0 1 3 2
21511156 971 10 1 2 1 3 3 1 1 3 3 2 1 0 2 1 0 0 0 0 4 2 4 2 0 0 5 0 3 3 3 3 13 5 4 0 3 4 3
21511157 799 5 3 2 2 1 3 1 0 3 1 0 0 0 0 1 2 2 0 0 2 0 13 1 1 0 4 4 0 2 6 1 4 3
21511158 747 0 3 1 4 0.33333333333333331 5 0.33333333333333331 6 0.33333333333333331 0 0 0 4 8 3 2 3 13 1 0 3 3 3 0 0 2 3 1
21511160 904 2 2 2 1 0 1 1 0 0 0 0 0 2 0 0 9 5 3 1 0 3 4 0 3 4 13 2 4 6 1
21511161 881 9 3 2 3 1 1 3 2 3 1 1 0 2 1 0 0 0 0 3 2 4 9 0 0 0 1 5 2 8 13 4 2 1 3 7 4 0
21511162 806 6 3 1 2 3 2 1 1 0 3 1 0 0 0 0 2 2 2 4 13 2 0 3 8 2 1 4 1 4 2 3 1 0 0
21511163 784 5 1 3 1 1 2 1 0 3 1 0 0 0 0 3 1 1 0 4 6 13 3 2 6 3 1 0 3 3 0 0 2 2
21511165 1075 6 2 1 3 2 3 2 1 0 1 1 0 0 0 0 1 3 2 0 0 1 0 5 3 4 0 3 4 3 0 4 6 13 6
21511166 895 5 1 1 3 2 2 1 0 3 1 0 0 0 0 2 2 1 13 3 3 0 8 5 9 0 3 8 3 2 0 0 3 1
21511167 947 3 1 1 3 1 0 2 1 0 0 0 0 2 0 1 2 13 2 0 2 3 5 3 3 4 3 0 1 3 0 1
21511168 962 3 2 3 1 1 0 1 1 0 0 0 0 1 1 1 1 2 3 4 0 3 13 3 1 4 2 8 0 2 0 4
21511169 948 2 1 2 1 0 3 1 0 0 0 0 1 1 0 3 4 1 3 3 4 1 0 2 2 13 2 0 1 0 0
21511170 1012 3 3 1 3 1 0 2 1 0 0 0 0 1 0 2 0 0 2 0 4 1 4 3 2 3 4 1 3 5 13 0
21511171 872 0 1 0 1 1 0 0 0 0 0 0 0 3 2 2 0 8 3 2 0 1 1 3 4 13 5 3 3
21511174 975 11 1 1 3 2 3 1 3 2 3 1 2 1 0 2 1 0 0 0 0 4 3 4 1 2 2 0 4 2 3 5 1 4 5 13 0 3 1 3
21511176 932 2 2 1 1 0 3 1 0 0 0 0 1 1 0 13 7 4 0 4 2 3 0 3 1 4 0 3 1 2 3
21511178 851 7 2 1 3 1 1 3 3 1 0 2 1 0 0 0 0 3 1 3 0 4 0 2 3 3 3 3 8 4 2 0 13 1 3 0
21511180 897 6 3 2 2 1 3 1 1 0 3 1 0 0 0 0 2 2 2 3 4 0 0 3 7 4 0 8 3 2 1 13 5 3 0
21511181 968 2 1 3 1 0 3 1 0 0 0 0 1 0 1 13 0 1 2 4 5 2 4 3 4 3 1 3 2 0 0
21511182 865 8 2 3 1 1 3 3 2 3 1 0 2 1 0 0 0 0 2 2 4 0 0 2 0 3 0 0 0 4 13 4 1 2 1 4 1
21511184 967 11 1 3 2 3 1 2 1 1 3 2 2 1 0 3 1 0 0 0 0 4 4 3 0 1 3 2 8 6 3 0 13 8 3 0 2 3 5 1
21511187 947 6 2 3 1 1 3 3 1 0 2 1 0 0 0 0 2 1 3 1 3 13 4 0 2 6 4 0 5 0 5 0 0 2 1
21511188 883 6 2 3 3 1 3 2 1 0 1 1 0 0 0 0 1 2 3 0 2 2 13 0 7 4 1 6 4 3 3 0 0 1 3
21511189 811 11 1 2 3 1 3 3 2 3 1 2 2 1 0 1 1 0 0 0 0 3 4 4 3 4 3 1 4 7 4 4 0 2 13 2 1 0 0 0
21511191 941 8 2 3 2 1 1 3 2 3 1 0 3 1 0 0 0 0 2 3 3 0 0 0 1 4 5 0 1 2 1 2 4 4 1 13 2
21511192 963 8 2 1 2 3 1 1 2 3 1 0 2 1 0 0 0 0 3 3 2 13 3 3 0 5 1 4 3 4 3 2 0 3 0 1 0
21511193 794 11 1 3 1 3 1 2 3 2 2 2 1 1 0 3 1 0 0 0 0 4 4 3 3 0 3 0 0 1 4 1 0 0 5 2 0 4 2 13
21511195 780 9 1 3 1 2 3 2 2 2 3 1 0 1 1 0 0 0 0 2 4 3 4 13 3 4 4 8 0 0 2 6 1 3 1 0 0 0
21511197 1006 6 3 2 1 1 2 2 1 0 3 1 0 0 0 0 2 3 1 1 0 0 1 2 0 5 6 2 4 3 4 3 13 3 1
21511198 827 6 3 3 1 3 3 2 1 0 2 1 0 0 0 0 1 1 4 3 13 3 0 3 7 3 1 3 5 0 0 1 2 0 0
21511199 874 9 2 2 3 3 1 3 2 2 1 1 0 1 1 0 0 0 0 2 4 3 2 4 5 1 0 0 0 13 3 4 5 4 1 3 0 9
21511200 867 6 3 2 1 2 3 2 1 0 3 1 0 0 0 0 1 3 2 1 0 0 0 4 3 2 0 4 5 1 0 13 4 0 1
