21510002 1454 11 2 1 1 1 3 2 2 3 1 3 2 1 0 3 1 0 0 0 0 4 4 3 3 5 3 4 7 1 14 6 2 5 3 3 0 2 0 1
21510003 1381 7 3 1 2 3 1 1 2 1 0 2 1 0 0 0 0 3 2 2 14 4 1 3 9 8 3 2 5 0 5 3 0 3 0 0
21510009 1496 0 1 0 2 1 0 0 0 0 0 0 0 4 7 3 3 1 6 7 3 0 2 4 14 0 1 0 3
21510012 1302 1 2 1 0 3 1 0 0 0 0 0 1 0 3 14 7 4 4 5 6 8 4 4 4 1 0 1 2 0
21510015 1760 3 3 2 2 1 0 1 1 0 0 0 0 0 2 1 1 0 6 2 5 4 3 5 4 1 6 3 3 14 2 1
21510031 1428 7 1 3 1 2 1 2 3 1 0 3 1 0 0 0 0 3 2 2 2 2 4 1 4 14 3 4 3 4 7 3 0 2 3 1
21510033 1446 2 3 1 1 0 1 1 0 0 0 0 1 0 1 0 5 5 3 0 1 2 14 0 0 0 3 2 0 2 0
21510035 1538 0 3 1 9 0.33333333333333331 10 0.33333333333333331 11 0.33333333333333331 0 0 0 0 0 0 1 0 3 2 3 4 5 0 0 14 2 1 0
21510041 1352 9 2 3 2 1 1 2 1 2 3 1 0 3 1 0 0 0 0 3 4 2 3 3 14 4 9 4 7 1 0 2 1 4 0 3 3 0
21510042 1210 3 2 3 2 1 0 1 1 0 0 0 0 0 2 1 4 0 3 0 1 2 0 0 4 4 1 0 2 1 14 10
21510044 1553 8 3 2 1 2 2 2 1 3 1 0 3 1 0 0 0 0 2 4 2 3 0 6 1 3 5 14 0 4 7 4 0 1 8 6 3
21510045 1716 4 2 3 2 1 1 0 3 1 0 0 0 0 1 2 1 0 9 14 1 2 2 5 4 0 1 7 3 1 3 0 0
21510049 1351 11 3 2 1 3 3 1 2 1 2 2 1 1 0 3 1 0 0 0 0 4 4 3 1 0 0 1 2 2 2 3 0 3 4 1 5 4 14 3
21510055 1568 4 1 2 2 3 1 0 1 1 0 0 0 0 1 2 1 4 4 3 0 5 8 1 0 14 4 2 1 3 3 2 0
21510061 1545 11 1 2 1 3 2 3 1 3 2 2 1 1 0 3 1 0 0 0 0 4 4 3 1 3 3 0 3 5 4 0 14 1 0 2 2 8 3 5
21510062 1279 9 2 3 3 1 2 1 3 2 1 1 0 2 1 0 0 0 0 3 3 3 0 3 0 4 0 5 3 3 0 1 8 4 1 2 14 3
21510072 1388 1 1 1 0 3 1 0 0 0 0 1 0 0 2 1 0 0 1 3 14 2 5 6 4 3 3 3 2 4
21510073 1377 0 1 0 2 1 0 0 0 0 0 0 0 3 1 14 1 5 5 2 1 3 3 0 4 0 0 2 0
21510075 1392 7 1 1 2 3 1 3 2 1 0 2 1 0 0 0 0 3 2 2 0 2 0 3 6 3 3 3 1 7 5 2 3 5 14 1
21510082 1499 10 1 1 3 3 1 2 2 3 2 2 1 0 1 1 0 0 0 0 3 4 3 14 1 2 3 2 6 4 1 2 3 0 0 1 0 0 0
21510088 1512 4 2 2 1 1 1 0 1 1 0 0 0 0 2 2 0 3 2 4 14 2 3 3 4 0 0 5 3 0 0 6 1
21510093 1509 4 2 1 3 1 1 0 1 1 0 0 0 0 2 1 1 2 0 2 0 1 3 8 7 4 14 4 3 3 7 2 9
21510101 1257 2 1 1 1 0 2 1 0 0 0 0 2 0 0 8 4 14 3 2 4 4 1 0 2 2 3 1 0 0 7
21510102 1457 2 3 1 1 0 1 1 0 0 0 0 1 0 1 0 0 8 3 0 2 3 7 3 5 9 2 3 3 4 14
21510103 1372 5 3 2 2 3 1 1 0 2 1 0 0 0 0 1 2 2 1 8 3 0 3 7 7 1 1 3 5 2 4 6 14 3
21510104 1265 7 2 1 1 2 2 3 3 1 0 3 1 0 0 0 0 2 3 2 0 0 1 3 0 0 3 5 3 4 4 2 1 14 6 4
21510106 1468 11 1 1 2 2 3 3 1 2 3 2 3 1 0 1 1 0 0 0 0 3 4 4 3 8 2 3 2 8 14 1 5 8 3 4 1 2 0 1
21510107 1361 5 2 2 2 1 1 1 0 1 1 0 0 0 0 2 3 0 0 3 4 3 3 3 3 8 1 5 6 3 3 14 3 2
21510112 1283 3 3 2 1 1 0 1 1 0 0 0 0 1 1 1 0 0 2 0 2 0 2 1 4 3 4 1 3 5 14 3
21510113 1504 8 1 3 3 1 1 2 2 2 1 0 3 1 0 0 0 0 3 3 2 9 3 0 0 2 3 5 1 14 8 5 0 4 4 1 2
21510126 1493 0 1 0 2 1 0 0 0 0 0 0 0 3 0 1 2 5 4 3 2 0 0 4 14 1 3 1 10
21510129 1407 6 3 1 3 1 2 2 1 0 3 1 0 0 0 0 2 2 2 2 4 4 14 0 1 6 7 1 7 8 9 0 3 0 2
21510134 1581 7 3 1 2 2 3 3 2 1 0 2 1 0 0 0 0 1 3 3 3 2 6 4 0 1 14 5 0 1 4 1 1 3 0 0
21510136 1386 11 3 2 1 2 1 2 2 3 1 3 1 1 0 3 1 0 0 0 0 4 4 3 2 0 0 1 1 0 2 4 2 3 14 2 1 5 1 3
21510145 1516 0 1 0 3 1 0 0 0 0 0 0 0 0 0 0 1 1 4 2 2 3 7 14 0 6 4 3 3
21510148 1332 10 2 2 3 1 1 2 1 1 3 3 1 0 3 1 0 0 0 0 4 3 3 3 5 1 3 2 3 2 14 3 7 6 2 0 4 1 4
21510149 1358 5 3 1 2 2 3 1 0 3 1 0 0 0 0 1 2 2 1 2 8 3 0 4 14 1 3 4 5 8 1 3 6 2
21510162 1306 3 2 2 1 1 0 1 1 0 0 0 0 1 2 0 1 2 0 1 7 3 4 3 2 0 1 5 2 14 5 3
21510170 1371 3 3 1 2 1 0 3 1 0 0 0 0 1 1 1 2 7 1 0 3 4 1 0 14 0 3 2 3 5 4 0
21510175 1485 2 2 1 1 0 2 1 0 0 0 0 1 1 0 3 6 3 1 14 0 3 2 4 7 3 1 4 3 0 0
21510180 1337 6 2 2 1 3 1 3 1 0 1 1 0 0 0 0 2 2 2 5 4 8 4 0 3 14 4 3 0 2 2 1 0 0 0
21510188 1358 4 3 2 3 1 1 0 1 1 0 0 0 0 1 1 2 0 3 2 1 0 8 0 3 0 4 4 2 4 3 14 8
21510190 1412 4 3 3 1 2 3 1 4 0.33333333333333331 5 0.33333333333333331 6 0.33333333333333331 1 1 2 0 4 2 0 1 6 3 0 3 6 3 1 14 7 2 0
21510191 1484 2 2 3 1 0 1 1 0 0 0 0 0 1 1 0 0 0 1 1 3 0 3 0 3 0 3 2 2 5 14
21510200 1444 8 2 3 3 2 1 1 2 3 1 0 3 1 0 0 0 0 2 3 3 14 2 7 1 1 2 6 5 3 9 3 1 1 2 0 0
21510201 1344 3 2 1 2 1 0 1 1 0 0 0 0 1 2 0 2 3 0 0 4 5 3 0 4 7 6 4 4 14 1 3
21510203 1295 0 1 0 3 1 0 0 0 0 0 0 0 2 3 1 3 4 7 4 3 0 1 14 4 0 4 8 2
21510205 1506 1 1 1 0 1 1 0 0 0 0 1 0 0 0 1 9 14 0 0 4 3 2 4 5 4 0 2 0 2
21510220 1451 1 3 1 0 2 1 0 0 0 0 0 0 1 4 1 2 0 1 5 0 0 3 14 1 0 0 5 3 2
21510225 1523 3 1 3 2 1 0 2 1 0 0 0 0 1 1 1 3 1 0 0 4 3 3 0 14 5 0 0 3 4 0 3
21510226 1589 8 3 1 1 3 3 1 2 2 1 0 2 1 0 0 0 0 3 2 3 0 2 3 1 0 0 5 14 2 2 3 1 1 0 7 3
21510229 1665 1 3 1 0 2 1 0 0 0 0 0 0 1 0 1 5 3 3 0 2 14 0 1 1 6 2 3 4 3
21510236 1354 6 3 3 3 1 1 2 1 0 1 1 0 0 0 0 2 1 3 6 0 0 3 1 3 5 2 9 7 6 3 2 6 14 2
21510242 1503 1 2 1 0 3 1 0 0 0 0 0 1 0 0 1 1 0 6 4 4 1 14 5 4 0 2 8 10 2
21510247 1572 8 1 3 1 3 2 2 1 3 1 0 3 1 0 0 0 0 3 2 3 3 2 0 0 4 2 0 1 3 14 2 0 1 1 4 2
21510248 1335 2 2 3 1 0 3 1 0 0 0 0 0 1 1 0 2 2 4 0 1 4 14 1 3 4 3 0 1 0 3
21510256 1497 0 1 0 2 1 0 0 0 0 0 0 0 3 1 1 0 5 4 4 3 14 2 2 0 0 3 1 0
21510260 1391 5 2 1 2 2 1 1 0 2 1 0 0 0 0 2 3 0 3 3 0 3 10 4 5 6 14 1 1 0 5 3 0 0
21510264 1407 8 1 3 2 3 1 2 2 3 1 0 1 1 0 0 0 0 2 3 3 9 1 8 2 2 6 2 3 9 14 5 3 1 4 1 3
21510265 1250 3 1 1 3 1 0 2 1 0 0 0 0 2 0 1 3 14 9 2 3 3 3 4 2 0 6 3 2 0 1 1
21510266 1704 3 2 3 3 1 0 2 1 0 0 0 0 0 1 2 2 3 3 0 4 14 3 10 5 1 7 5 1 5 1 0
21510270 1107 1 1 1 0 1 1 0 0 0 0 1 0 0 4 4 4 2 14 5 2 0 7 6 6 0 8 9 5 0
21510277 1246 4 3 1 3 2 1 0 2 1 0 0 0 0 1 1 2 0 8 3 0 3 14 2 0 3 4 3 1 3 1 4 0
21510280 1285 3 2 1 3 1 0 1 1 0 0 0 0 1 1 1 4 10 8 3 0 6 7 3 0 3 14 1 1 2 2 2
21510281 1291 4 2 2 3 2 1 0 1 1 0 0 0 0 0 3 1 1 14 3 6 7 5 4 4 0 5 6 1 0 0 1 2
21510288 1375 9 2 2 1 3 3 1 2 1 3 1 0 2 1 0 0 0 0 3 3 3 3 0 0 1 0 5 0 5 1 6 2 6 3 3 14 3
21510290 1539 2 3 2 1 0 3 1 0 0 0 0 0 1 1 1 4 2 4 14 2 0 3 9 4 0 0 1 4 1 0
21510291 1268 6 2 3 1 1 2 3 1 0 3 1 0 0 0 0 2 2 2 0 0 2 0 0 3 0 3 5 2 1 6 1 4 14 3
21510296 1336 2 3 3 1 0 1 1 0 0 0 0 0 0 2 6 4 2 0 14 2 1 0 9 3 5 3 1 2 0 3
21510303 1171 6 2 1 3 3 1 1 1 0 3 1 0 0 0 0 3 1 2 2 4 2 0 3 14 4 0 1 6 3 0 5 2 4 3
21510304 1381 7 3 2 3 1 1 1 2 1 0 3 1 0 0 0 0 3 2 2 0 0 1 1 2 0 5 5 0 2 2 14 0 0 3 3
21510306 1256 0 1 0 1 1 0 0 0 0 0 0 0 3 0 0 3 0 5 3 4 0 0 2 14 1 3 6 2
21510313 1450 8 1 3 3 2 1 3 1 2 1 0 1 1 0 0 0 0 3 2 3 0 0 0 2 1 4 2 3 4 7 14 5 2 3 5 4
21510324 1416 10 1 2 2 1 1 3 1 2 2 3 1 0 3 1 0 0 0 0 4 4 2 2 14 3 3 3 2 5 0 4 1 1 0 3 0 0 3
21510334 1424 10 3 3 2 1 3 1 2 2 3 1 1 0 2 1 0 0 0 0 3 3 4 4 6 3 0 14 5 3 1 6 3 1 0 2 3 3 0
21510339 1259 11 1 2 1 2 3 2 3 3 3 1 1 1 0 2 1 0 0 0 0 4 3 4 0 4 0 2 0 3 5 1 2 1 5 14 0 4 7 3
21510346 1416 6 1 3 2 2 3 2 1 0 3 1 0 0 0 0 1 3 2 0 1 0 3 3 2 4 2 7 14 1 3 1 3 6 1
21510353 1459 1 2 1 0 3 1 0 0 0 0 0 1 0 14 2 0 0 1 5 0 2 1 3 7 0 3 4 1 0
21510359 1408 6 1 2 3 2 1 2 1 0 1 1 0 0 0 0 2 3 1 0 0 3 3 3 7 0 2 8 1 3 2 5 1 14 4
21510360 1643 11 1 3 2 3 3 2 1 2 2 3 1 1 0 1 1 0 0 0 0 3 4 4 0 1 0 3 0 3 0 0 3 2 3 1 14 5 2 0
21510361 1382 3 3 3 2 1 0 1 1 0 0 0 0 0 1 2 0 2 2 14 2 4 1 1 0 4 1 3 7 6 1 2
21510367 1490 7 2 1 2 3 1 1 2 1 0 2 1 0 0 0 0 3 3 1 0 3 1 4 0 14 4 3 3 3 4 2 0 1 0 0
21510378 1379 2 3 1 1 0 2 1 0 0 0 0 1 0 1 0 4 0 2 0 2 2 1 1 3 5 14 0 5 4 1
21510392 1153 5 2 3 1 2 1 3 1 4 0.33333333333333331 5 0.33333333333333331 6 0.33333333333333331 2 2 1 1 3 4 4 0 2 14 1 3 2 8 4 0 2 0 1
21510395 1446 0 1 0 1 1 0 0 0 0 0 0 0 3 0 1 2 0 1 0 3 3 4 2 10 0 5 14 2
21510397 1471 3 2 2 1 1 0 3 1 0 0 0 0 1 2 0 1 0 3 3 0 4 5 2 0 4 7 14 1 5 6 7
21510400 1697 4 1 2 1 1 1 0 1 1 0 0 0 0 3 1 0 0 2 2 6 3 5 14 4 0 3 3 4 0 2 0 3
21510403 1605 3 2 2 1 1 0 1 1 0 0 0 0 1 2 0 3 1 3 3 2 3 0 0 4 3 0 0 14 4 0 0
21510404 1422 5 2 2 3 1 1 1 0 3 1 0 0 0 0 2 2 1 0 1 0 0 3 0 6 3 0 0 4 2 3 14 4 5
21510407 1327 9 3 3 1 3 1 2 3 2 2 1 0 1 1 0 0 0 0 2 3 4 0 1 14 1 4 2 6 5 2 4 5 3 0 2 1 3
21510414 1213 11 2 1 1 3 1 3 2 3 1 2 3 1 0 2 1 0 0 0 0 4 3 4 1 3 3 0 2 6 14 3 4 6 2 0 5 3 1 7
21510415 1689 10 2 3 1 2 1 2 3 3 2 1 1 0 1 1 0 0 0 0 3 4 3 2 5 1 3 0 8 14 7 1 3 2 6 0 0 0 3
21510418 1268 3 3 2 1 1 0 3 1 0 0 0 0 1 1 1 1 3 0 0 3 4 0 4 3 2 1 2 14 3 5 3
21510424 1581 8 3 1 3 2 1 2 3 2 1 0 2 1 0 0 0 0 2 3 3 1 0 0 0 1 3 3 3 2 6 5 1 3 7 14 4
21510435 1341 2 2 3 1 0 1 1 0 0 0 0 0 1 1 0 4 4 1 0 5 7 3 2 0 3 14 8 4 3 7
21510436 1235 10 3 2 1 2 1 3 1 2 1 2 1 0 3 1 0 0 0 0 4 4 2 0 0 2 0 3 1 4 3 3 3 14 3 2 5 4 1
21510439 1318 5 2 3 1 2 3 1 0 2 1 0 0 0 0 1 2 2 0 2 14 3 1 3 8 3 0 0 4 3 1 0 5 1
21510444 1200 10 1 2 3 1 1 2 3 2 1 3 1 0 3 1 0 0 0 0 4 3 3 0 2 2 0 9 7 0 0 3 5 6 1 4 4 14 9
21510447 1296 11 1 3 2 3 1 1 3 2 1 2 2 1 0 3 1 0 0 0 0 4 4 3 0 3 1 2 0 2 14 4 1 2 4 1 0 2 1 3
21510451 1576 8 3 2 2 3 1 2 3 3 1 0 1 1 0 0 0 0 1 3 4 0 2 4 4 0 4 1 4 0 4 5 14 1 7 3 3
21510456 1176 9 1 3 1 2 1 2 1 3 3 1 0 2 1 0 0 0 0 4 2 3 2 2 3 0 3 2 1 2 1 4 4 8 1 5 14 6
21510458 1093 4 3 2 1 3 1 0 2 1 0 0 0 0 1 1 2 1 4 0 2 0 3 4 3 3 6 14 5 0 3 3 1
21510461 1425 4 2 1 2 2 1 0 2 1 0 0 0 0 1 3 0 3 1 5 4 1 1 14 3 0 4 2 5 0 3 0 1
21510465 1517 9 2 3 3 3 1 3 1 2 2 1 0 1 1 0 0 0 0 2 3 4 0 0 0 2 0 0 4 3 0 5 3 3 1 3 9 14
21510472 1524 2 1 1 1 0 2 1 0 0 0 0 2 0 0 2 5 1 3 0 3 1 14 6 5 4 2 0 3 3 2
21510479 1460 2 2 3 1 0 3 1 0 0 0 0 0 1 1 1 0 0 3 0 14 1 2 5 3 3 3 1 2 2 1
21510483 1737 4 2 2 1 2 1 0 3 1 0 0 0 0 1 3 0 3 14 1 5 1 2 6 3 3 1 2 0 0 1 3 0
21510484 1420 5 2 2 1 1 2 1 0 3 1 0 0 0 0 2 3 0 1 3 3 14 0 9 8 4 0 0 8 4 0 0 3 3
21510486 1401 3 3 2 3 1 0 2 1 0 0 0 0 0 1 2 3 5 2 2 4 14 1 1 1 1 7 6 3 10 6 0
21510488 1345 11 1 2 1 1 3 3 3 2 2 1 2 1 0 3 1 0 0 0 0 4 4 3 2 2 8 14 0 3 3 4 8 4 5 6 0 0 1 1
21510493 1310 0 1 0 3 1 0 0 0 0 0 0 0 3 3 5 2 0 0 5 14 1 0 1 3 2 0 0 0
21510495 1354 7 3 3 3 2 1 2 3 1 0 2 1 0 0 0 0 1 2 4 3 2 5 2 1 0 4 14 1 1 3 1 0 2 0 1
21510496 1387 10 2 2 1 3 1 3 1 2 2 3 1 0 1 1 0 0 0 0 3 4 3 3 2 5 0 4 6 1 3 14 6 0 0 5 0 3 3
21510507 1368 10 1 3 2 3 3 2 1 2 2 1 1 0 1 1 0 0 0 0 3 4 3 0 2 3 3 0 5 4 1 7 6 3 4 3 3 14 3
21510510 1492 5 1 3 3 1 3 1 0 1 1 0 0 0 0 2 0 3 3 2 3 3 1 14 5 2 4 3 2 4 2 0 0 3
21510516 1377 7 1 2 3 1 3 3 3 1 0 1 1 0 0 0 0 2 1 4 2 0 0 1 6 2 4 0 14 8 2 0 3 4 3 4
21510524 1495 11 3 1 3 2 1 1 1 3 3 2 2 1 0 2 1 0 0 0 0 4 3 4 0 4 1 3 0 3 1 3 0 14 2 2 7 0 4 3
21510528 1349 2 3 1 1 0 1 1 0 0 0 0 1 0 1 3 5 14 1 2 1 2 1 0 4 5 3 0 2 2 2
21510529 1356 5 2 1 3 1 3 1 0 2 1 0 0 0 0 2 1 2 3 3 7 1 3 4 14 6 0 2 4 4 0 0 3 3
21510533 1376 2 1 2 3 1 9 0.33333333333333331 10 0.33333333333333331 11 0.33333333333333331 1 1 0 2 4 7 3 1 10 4 3 14 2 0 0 4 0 1 3
21510534 1359 8 2 3 1 3 3 1 1 2 1 0 2 1 0 0 0 0 3 2 3 1 0 0 0 0 3 0 0 3 4 4 2 1 14 4 2
21510539 1404 10 1 3 1 2 3 3 2 2 1 1 1 0 2 1 0 0 0 0 4 3 3 0 0 3 7 3 7 2 1 1 4 14 3 3 3 4 2
21510541 1516 11 2 2 3 1 1 3 1 2 2 3 1 1 0 3 1 0 0 0 0 4 4 3 3 3 0 2 4 1 4 3 3 7 14 4 2 1 8 5
21510554 1449 2 3 1 1 0 2 1 0 0 0 0 1 0 1 2 7 1 0 8 6 3 5 3 8 3 4 2 3 14 1
21510561 1532 3 1 1 3 1 0 1 1 0 0 0 0 2 0 1 2 3 0 2 3 7 8 2 8 5 5 6 0 4 14 4
21510567 1264 0 1 0 1 1 0 0 0 0 0 0 0 4 7 14 3 0 2 5 3 3 8 1 2 0 0 3 0
21510568 1523 6 2 3 1 1 2 1 1 0 3 1 0 0 0 0 3 2 1 14 6 2 0 4 3 2 0 3 3 0 1 3 0 0 0
21510587 1335 8 3 2 2 1 2 3 3 1 1 0 1 1 0 0 0 0 2 3 3 1 3 2 0 2 3 6 1 0 0 14 3 4 2 4 1
21510589 1442 5 3 2 2 1 1 1 0 3 1 0 0 0 0 2 2 1 3 4 5 4 0 5 8 4 2 1 3 14 0 0 0 3
21510595 1494 2 1 3 1 0 2 1 0 0 0 0 1 0 1 4 14 4 0 6 3 4 1 4 1 9 0 2 1 2 2
21510615 1486 11 3 2 2 1 3 1 3 1 3 2 1 1 0 2 1 0 0 0 0 4 3 4 1 4 5 2 0 1 6 3 0 0 3 14 0 0 2 4
21510626 1539 5 2 2 1 2 3 1 0 3 1 0 0 0 0 1 3 1 1 1 2 5 3 6 14 1 10 4 3 3 4 2 0 1
21510627 1426 0 1 0 2 1 0 0 0 0 0 0 0 1 4 5 0 2 3 7 1 14 6 4 0 5 4 2 1
21510635 1374 9 2 3 2 3 2 1 2 3 1 1 0 1 1 0 0 0 0 2 4 3 0 1 2 4 0 1 3 14 3 0 3 5 0 4 6 3
21510636 1512 5 3 1 1 2 2 1 0 1 1 0 0 0 0 2 2 1 9 3 2 3 5 7 2 0 4 4 14 3 6 0 0 1
21510651 1700 3 1 2 3 1 0 2 1 0 0 0 0 1 1 1 1 2 4 0 1 14 3 7 6 3 3 1 0 2 0 0
21510655 1569 6 2 3 1 2 2 1 1 0 3 1 0 0 0 0 2 3 1 0 3 0 3 2 5 3 0 14 1 0 0 3 8 4 1
21510656 1326 7 3 1 3 1 2 1 2 1 0 2 1 0 0 0 0 3 2 2 2 2 0 0 2 4 1 0 14 3 1 3 3 1 4 3
21510661 1462 11 1 2 1 3 2 2 3 2 3 1 3 1 0 1 1 0 0 0 0 3 4 4 6 0 5 1 0 4 4 3 1 14 3 4 2 4 2 8
21510662 1418 10 1 1 2 1 2 3 1 2 3 2 1 0 3 1 0 0 0 0 4 4 2 2 0 1 0 3 7 1 4 2 14 7 0 3 6 5 3
21510665 1591 9 3 2 2 3 3 2 1 2 1 1 0 1 1 0 0 0 0 2 4 3 0 1 0 3 1 3 0 0 3 7 2 0 3 14 5 0
21510666 1454 0 1 0 1 1 0 0 0 0 0 0 0 3 3 7 0 1 6 9 0 14 6 3 2 3 4 2 4
21510672 1381 6 3 2 2 2 3 1 1 0 1 1 0 0 0 0 1 3 2 1 0 1 2 2 3 1 4 5 14 5 0 0 0 6 0
21510691 1524 5 2 3 3 2 3 1 0 1 1 0 0 0 0 0 2 3 6 3 7 5 2 3 4 14 0 4 5 4 0 1 0 1
21510715 1470 7 2 3 3 3 2 3 1 1 0 1 1 0 0 0 0 1 2 4 3 1 0 0 4 2 2 0 1 4 2 1 14 6 4 0
21510717 1619 8 1 1 3 2 3 2 3 3 1 0 2 1 0 0 0 0 2 2 4 3 1 2 0 4 6 5 0 4 3 3 1 1 14 2 0
21510719 1227 7 3 2 3 3 2 1 3 1 0 1 1 0 0 0 0 1 2 4 4 2 4 1 3 2 6 2 2 1 14 4 1 4 3 1
21510721 1548 1 3 1 0 2 1 0 0 0 0 0 0 1 1 3 8 14 0 2 2 6 1 1 0 4 0 0 0 3
21510730 1206 6 3 3 1 2 2 3 1 0 1 1 0 0 0 0 1 2 3 9 2 1 0 14 3 0 0 3 5 7 1 4 3 6 2
21510732 1452 4 2 2 1 3 1 0 2 1 0 0 0 0 1 2 1 3 1 0 0 4 4 5 0 3 14 3 1 9 3 7 0
21510737 1501 6 3 3 2 2 1 1 1 0 3 1 0 0 0 0 2 2 2 0 1 0 4 4 1 5 7 0 0 5 14 2 2 3 4
21510738 1457 11 3 3 1 1 2 3 1 2 1 2 3 1 0 2 1 0 0 0 0 4 3 4 1 6 14 0 2 5 1 3 2 5 1 0 0 0 2 0
21510742 1281 11 3 3 2 1 2 1 2 2 3 3 1 1 0 1 1 0 0 0 0 3 4 4 3 0 1 3 0 8 2 2 0 3 14 3 1 6 8 10
21510746 1288 7 1 1 3 1 2 2 3 1 0 2 1 0 0 0 0 3 2 2 1 3 6 1 1 4 9 14 0 2 2 2 0 3 0 0
21510748 1414 1 2 1 0 2 1 0 0 0 0 0 1 0 1 0 0 3 0 1 6 1 0 2 3 14 6 5 3 4
21510752 1416 7 1 3 2 3 3 2 1 1 0 1 1 0 0 0 0 2 2 3 2 9 1 4 4 14 7 0 6 6 3 2 1 3 2 0
21510756 1523 3 1 3 3 1 0 2 1 0 0 0 0 1 0 2 0 0 0 3 0 2 0 2 7 6 1 0 3 14 3 1
21510759 1277 3 1 3 2 1 0 1 1 0 0 0 0 1 1 1 0 0 0 3 2 5 4 1 1 7 14 3 2 3 4 2
21510763 1256 3 2 1 2 1 0 3 1 0 0 0 0 1 2 0 1 3 2 3 5 8 14 6 1 1 3 2 3 4 3 0
21510769 1385 8 1 2 3 1 3 3 2 2 1 0 1 1 0 0 0 0 2 3 3 7 3 5 0 6 1 1 4 2 14 2 0 1 3 2 3
21510776 1473 9 1 1 3 3 3 2 2 3 1 1 0 2 1 0 0 0 0 3 2 4 2 2 3 4 1 3 14 3 5 1 5 1 2 0 0 3
21510785 1365 5 3 1 3 2 2 1 0 1 1 0 0 0 0 1 2 2 2 0 4 7 1 3 6 1 4 14 4 0 7 2 3 0
21510787 1293 2 3 1 1 0 3 1 0 0 0 0 1 0 1 4 0 9 2 6 1 6 3 5 14 5 3 3 4 2 3
21510797 1293 6 2 2 3 2 3 1 1 0 1 1 0 0 0 0 1 3 2 0 0 2 3 3 4 6 7 5 6 8 1 1 7 14 10
21510798 1236 3 1 1 2 1 0 3 1 0 0 0 0 2 1 0 0 3 2 3 2 8 4 6 4 4 2 7 3 1 14 1
21510805 1383 4 2 3 1 3 1 0 3 1 0 0 0 0 1 1 2 1 4 3 0 4 1 3 9 14 2 3 2 2 6 1 0
21510816 1945 9 3 1 2 3 3 2 1 2 1 1 0 1 1 0 0 0 0 3 3 3 0 0 2 0 3 6 3 3 5 4 3 0 14 5 3 4
21510824 1521 8 3 1 2 2 2 3 3 1 1 0 2 1 0 0 0 0 2 3 3 1 0 1 0 0 4 6 2 0 1 6 14 0 4 3 3
21510841 1365 10 2 1 1 2 3 2 1 1 3 3 1 0 2 1 0 0 0 0 4 3 3 3 6 0 2 1 9 4 4 4 5 7 1 14 2 8 6
21510849 1472 8 3 1 1 2 1 2 1 3 1 0 3 1 0 0 0 0 4 2 2 3 0 0 3 4 4 2 0 1 2 2 2 1 14 3 9
21510852 1415 2 1 1 1 0 1 1 0 0 0 0 2 0 0 0 0 2 0 0 0 2 3 3 1 14 6 2 6 4 2
21510856 1638 2 1 2 1 0 3 1 0 0 0 0 1 1 0 2 1 0 0 6 8 3 9 14 1 0 2 4 3 4 0
21510857 1376 2 3 3 1 0 3 1 0 0 0 0 0 0 2 0 1 2 0 3 6 9 14 0 3 4 5 2 1 7 3
21510858 1506 5 1 1 3 1 1 1 0 2 1 0 0 0 0 4 0 1 5 14 5 3 3 5 0 2 5 2 0 0 3 0 0 2
21510866 1605 3 1 3 2 1 0 1 1 0 0 0 0 1 1 1 0 3 2 0 1 4 0 4 2 5 2 1 3 6 14 3
21510868 1725 10 2 2 3 3 3 1 2 1 1 3 1 0 2 1 0 0 0 0 3 3 4 1 0 1 0 14 5 1 1 7 5 2 4 5 2 3 2
21510877 1402 0 1 0 1 1 0 0 0 0 0 0 0 0 0 3 0 14 4 2 1 4 8 5 2 5 2 1 0
21510878 1531 9 2 2 3 3 3 3 2 1 1 1 0 2 1 0 0 0 0 2 3 4 1 1 5 3 6 9 1 5 0 14 3 2 0 2 1 5
21510882 1649 1 3 1 0 1 1 0 0 0 0 0 0 1 9 0 3 0 2 2 5 0 3 4 14 3 6 4 1 0
21510885 1340 6 2 1 3 2 2 1 1 0 1 1 0 0 0 0 2 3 1 0 10 14 3 3 4 8 9 2 4 7 1 0 5 4 3
21510888 1279 9 1 3 1 2 2 1 1 3 2 1 0 3 1 0 0 0 0 4 3 2 2 0 1 0 3 4 6 3 8 4 3 2 2 14 1 0
21510890 1452 11 3 1 3 2 2 1 1 3 2 1 2 1 0 3 1 0 0 0 0 4 4 3 6 5 4 2 0 3 14 1 0 2 5 3 3 4 3 1
21510891 956 4 2 2 3 1 1 0 1 1 0 0 0 0 1 2 1 0 3 0 8 0 3 3 4 0 1 6 14 3 6 7 2
21510893 1583 1 1 1 0 1 1 0 0 0 0 1 0 0 5 4 4 0 2 10 5 2 5 14 4 0 8 7 3 3
21510894 1433 4 1 2 3 3 1 0 3 1 0 0 0 0 1 1 2 3 2 0 0 4 3 0 1 14 2 4 0 1 3 3 0
21510896 1232 7 1 3 2 3 1 2 2 1 0 3 1 0 0 0 0 2 3 2 3 14 2 1 7 5 6 1 4 0 2 0 1 3 0 0
21510898 1260 6 3 2 3 1 1 2 1 0 3 1 0 0 0 0 2 2 2 4 14 3 2 7 1 2 0 0 3 3 0 0 1 0 0
21510904 1460 0 1 0 2 1 0 0 0 0 0 0 0 14 4 3 2 2 5 1 3 1 3 0 0 1 0 0 0
21510913 1470 3 1 3 2 1 0 2 1 0 0 0 0 1 1 1 3 6 2 6 1 5 14 4 0 1 3 5 5 2 3 1
21510920 1319 3 3 1 3 1 0 2 1 0 0 0 0 1 0 2 2 1 0 0 3 2 3 3 8 0 7 4 9 14 4 1
21510934 1390 11 2 1 1 3 3 2 2 2 3 1 1 1 0 3 1 0 0 0 0 4 4 3 4 2 4 1 3 2 0 14 0 1 5 2 0 0 1 6
21510935 1518 9 3 1 2 1 3 1 2 2 1 1 0 2 1 0 0 0 0 4 3 2 0 2 5 3 4 7 6 1 3 3 2 14 4 8 1 3
21510942 1532 4 2 1 3 3 1 0 1 1 0 0 0 0 1 1 2 0 0 1 0 2 0 0 0 3 3 5 2 4 14 3 5
21510944 1391 3 1 2 1 1 0 3 1 0 0 0 0 2 1 0 0 6 0 0 0 5 0 0 2 6 5 4 2 1 14 4
21510947 1493 3 3 3 2 1 0 2 1 0 0 0 0 0 1 2 3 1 4 3 4 7 4 3 7 1 8 4 14 2 0 1
21510948 1547 1 1 1 0 2 1 0 0 0 0 1 0 0 3 1 9 0 14 7 3 1 7 3 0 2 2 0 0 0
21510950 1345 3 2 2 3 1 0 3 1 0 0 0 0 0 2 1 1 6 3 2 14 5 3 1 3 5 3 1 2 3 1 3
21510961 1318 4 3 1 3 3 1 0 2 1 0 0 0 0 1 0 3 1 2 14 4 2 4 1 1 0 2 3 1 0 2 5 3
21510969 1298 0 1 0 1 1 0 0 0 0 0 0 0 3 3 2 0 1 4 6 2 8 9 4 4 1 14 3 2
21510976 1204 1 2 1 0 3 1 0 0 0 0 0 1 0 6 1 5 3 10 5 5 14 3 2 5 3 0 0 0 1
21510977 1403 10 2 2 2 2 1 3 1 3 3 1 1 0 1 1 0 0 0 0 3 4 3 0 0 3 3 1 8 4 7 3 4 6 14 0 4 3 2
21510980 1425 11 3 3 3 2 1 2 1 2 1 1 2 1 0 3 1 0 0 0 0 4 4 3 3 5 2 0 3 3 4 1 2 14 1 1 0 0 0 2
21510996 1297 11 1 2 1 3 1 2 3 3 3 2 1 1 0 2 1 0 0 0 0 4 3 4 4 3 1 0 14 4 0 0 4 5 1 0 3 2 0 2
21510997 1239 4 3 3 3 2 1 0 2 1 0 0 0 0 0 1 3 0 1 1 3 2 3 4 7 5 3 14 3 0 4 5 1
21511007 1453 0 1 0 2 1 0 0 0 0 0 0 0 1 1 3 2 0 5 3 14 3 1 7 3 0 3 2 5
21511008 1645 11 2 2 3 2 3 1 2 1 1 3 3 1 0 1 1 0 0 0 0 3 4 4 4 7 2 3 8 6 5 3 14 4 4 0 1 7 3 0
21511011 1771 6 2 1 1 2 1 2 1 0 2 1 0 0 0 0 3 3 0 0 3 0 1 0 1 0 3 3 3 5 6 4 14 3 2
21511015 1559 8 2 1 2 3 3 2 2 3 1 0 1 1 0 0 0 0 1 4 3 3 1 4 3 3 1 14 1 4 7 2 3 0 0 4 0
21511016 1340 5 1 3 2 3 2 1 0 2 1 0 0 0 0 1 2 2 1 7 14 3 1 3 5 5 5 3 0 2 3 1 0 0
21511019 1425 4 1 2 2 3 1 0 1 1 0 0 0 0 1 2 1 3 2 3 4 0 2 5 4 0 1 6 5 0 1 3 14
21511030 1323 8 2 2 3 2 1 3 1 2 1 0 1 1 0 0 0 0 2 4 2 14 1 0 3 3 9 3 2 5 3 3 0 1 4 0 0
21511034 1532 11 2 3 3 1 1 2 3 1 2 1 2 1 0 3 1 0 0 0 0 4 4 3 2 4 3 0 14 4 1 0 6 2 0 3 0 1 0 0
21511040 1398 5 1 3 2 1 2 1 0 2 1 0 0 0 0 2 2 1 9 3 5 1 3 4 4 0 14 5 0 3 2 4 1 0
21511052 1529 3 1 1 1 1 0 2 1 0 0 0 0 3 0 0 2 6 5 6 5 7 1 3 10 14 4 4 2 3 2 0
21511058 1321 3 1 2 3 1 0 3 1 0 0 0 0 1 1 1 0 8 5 1 2 8 14 1 1 6 5 9 3 2 2 3
21511063 1475 1 2 1 0 1 1 0 0 0 0 0 1 0 2 0 0 1 2 4 1 7 1 2 5 8 3 5 14 3
21511066 1445 11 2 1 1 1 2 1 3 3 2 2 3 1 0 3 1 0 0 0 0 4 4 3 3 3 2 0 0 2 14 1 1 4 2 3 0 4 1 4
21511070 1551 8 2 2 1 3 1 3 2 1 1 0 1 1 0 0 0 0 3 3 2 2 3 6 5 3 1 5 14 3 6 8 3 0 0 2 3
21511072 1487 0 1 0 1 1 0 0 0 0 0 0 0 2 0 0 0 2 6 5 3 0 4 5 4 4 1 14 3
21511073 1610 9 2 2 2 3 1 1 3 3 1 1 0 3 1 0 0 0 0 3 3 3 0 1 6 2 2 1 5 3 0 4 3 14 0 0 3 4
21511076 1328 2 3 1 1 0 2 1 0 0 0 0 1 0 1 0 0 0 1 0 0 2 4 0 3 5 14 1 2 3 5
21511092 1440 10 3 2 2 1 1 1 3 3 1 2 1 0 3 1 0 0 0 0 4 3 3 1 3 4 2 1 4 7 8 9 4 5 14 0 2 2 3
21511094 1712 9 2 1 2 2 3 3 3 1 2 1 0 3 1 0 0 0 0 2 4 3 0 5 0 1 7 3 2 1 5 4 14 3 9 1 6 3
21511100 1422 9 1 2 1 1 2 1 3 2 2 1 0 3 1 0 0 0 0 4 4 1 3 14 8 5 1 0 6 2 3 2 1 3 0 3 0 4
21511107 1332 2 1 2 1 0 1 1 0 0 0 0 1 1 0 3 3 0 0 2 6 2 2 5 1 14 0 3 1 3 4
21511113 1333 5 3 1 2 1 3 1 0 3 1 0 0 0 0 2 1 2 4 8 4 8 5 14 3 0 3 4 0 0 2 0 2 1
21511114 1546 3 3 1 1 1 0 1 1 0 0 0 0 2 0 1 4 8 14 9 0 4 2 4 2 5 0 2 0 0 3 3
21511118 1480 6 3 3 3 1 2 2 1 0 1 1 0 0 0 0 1 2 3 0 1 2 0 3 0 4 1 1 5 3 5 5 14 2 2
21511123 1358 8 2 3 1 1 3 1 2 2 1 0 3 1 0 0 0 0 3 3 2 0 2 14 3 1 2 8 1 0 5 1 3 0 3 0 2
21511127 1333 11 3 3 2 3 2 1 3 2 1 1 2 1 0 1 1 0 0 0 0 3 4 4 0 4 5 14 0 3 1 3 3 2 3 0 0 0 3 0
21511128 1228 2 1 1 1 0 3 1 0 0 0 0 2 0 0 7 0 2 1 0 2 4 3 2 4 8 3 0 0 14 5
21511133 1468 8 1 3 3 2 2 2 3 1 1 0 1 1 0 0 0 0 2 3 3 3 4 0 3 0 5 14 2 1 6 2 7 0 4 1 8
21511134 1370 8 2 2 3 1 3 3 2 1 1 0 1 1 0 0 0 0 2 3 3 5 4 3 2 8 6 5 0 3 3 14 1 6 0 0 6
21511138 1503 5 1 1 2 3 2 1 0 1 1 0 0 0 0 2 2 1 0 0 0 3 0 0 3 3 3 5 7 14 2 3 3 5
21511154 1209 4 3 2 3 1 1 0 1 1 0 0 0 0 1 1 2 0 2 3 1 0 4 4 3 3 1 4 14 0 3 2 2
21511157 1328 7 2 1 2 1 1 2 3 1 0 2 1 0 0 0 0 3 3 1 3 3 9 3 1 6 2 4 7 14 1 0 4 2 6 1
21511158 1370 1 2 1 0 1 1 0 0 0 0 0 1 0 2 4 3 1 14 0 0 0 2 5 4 0 0 0 1 0
21511160 1272 2 1 3 1 0 2 1 0 0 0 0 1 0 1 0 3 2 3 0 14 3 5 2 1 5 8 0 0 3 1
21511161 1285 11 3 1 1 1 3 3 2 3 2 2 2 1 0 1 1 0 0 0 0 3 4 4 0 0 3 1 3 1 3 5 0 0 14 2 0 3 4 2
21511165 1706 0 1 0 1 1 0 0 0 0 0 0 0 4 14 6 0 1 5 3 4 2 3 2 3 3 0 0 0
21511166 1348 3 3 3 1 1 0 3 1 0 0 0 0 1 0 2 4 3 14 3 1 2 6 1 0 3 2 2 0 0 3 0
21511170 1579 8 3 2 3 3 2 1 1 2 1 0 1 1 0 0 0 0 2 3 3 1 0 1 2 3 6 3 6 6 14 5 3 3 6 4 2
21511180 1651 8 1 1 1 2 3 2 2 2 1 0 3 1 0 0 0 0 3 4 1 0 0 2 4 0 1 3 14 3 1 4 3 3 1 0 2
21511182 1309 2 3 3 1 0 3 1 0 0 0 0 0 0 2 14 3 3 0 2 3 2 5 6 4 4 1 1 0 0 0
21511193 1243 7 2 1 2 1 3 3 3 1 0 2 1 0 0 0 0 2 2 3 4 0 0 0 9 3 0 0 9 3 3 0 14 6 3 1
21511195 1222 6 2 2 1 3 3 3 1 0 3 1 0 0 0 0 1 2 3 3 2 1 0 1 2 8 3 3 14 7 1 6 2 5 1
21511197 1298 1 2 1 0 1 1 0 0 0 0 0 1 0 4 6 9 3 4 14 7 1 2 2 3 1 0 3 6 4
21511199 1366 0 3 1 8 0.33333333333333331 9 0.33333333333333331 10 0.33333333333333331 0 0 0 2 0 1 0 3 2 2 0 9 9 3 3 1 1 14 7
