6 1 2 0 5 6 1 0 4 4 0 1 3 3 2 0 4 2 1 2 3 1 3 1 34 1 2 1 
4 1 2 3 6 4 2 0 8 6 3 1 7 5 2 1 9 2 3 1 3 1 2 2 3 3 1 1 1 103 2 3 4 
0 0 3 0 2 1 0 7 3 2 4 5 0 5 1 4 11 3 2 1 2 1 2 3 1 1 2 3 1 3 1 39 4 4 3 
0 0 0 3 0 3 3 2 3 4 7 7 4 7 11 8 7 1 3 2 3 1 1 2 1 3 1 371 3 2 2 
3 3 3 3 6 4 5 1 8 5 4 2 10 8 5 4 10 2 1 2 1 1 2 3 3 1 2 1 3 1 266 4 4 2 
0 3 0 3 3 0 1 0 3 5 2 3 5 7 5 3 8 3 2 2 1 3 1 1 2 1 4 1 43 3 3 2 
0 0 1 2 3 0 3 0 0 3 4 4 4 6 8 6 11 1 2 2 3 1 3 3 2 1 3 2 1 1 1 76 3 4 4 
3 5 8 10 2 3 5 7 2 0 0 4 0 0 1 4 0 1 1 1 216 0 0 0 
2 4 11 9 1 3 4 8 0 0 3 5 3 0 0 3 10 2 1 2 3 3 3 2 1 2 1 1 1 1 410 3 4 3 
0 3 0 0 4 1 3 1 1 2 4 2 0 1 5 4 1 2 1 2 1 13 0 1 0 
4 6 3 3 7 5 0 0 8 6 3 0 9 2 1 0 8 1 3 3 2 1 2 1 2 1 3 1 161 3 3 2 
9 6 3 0 8 7 2 0 11 5 1 0 5 3 0 2 7 3 3 2 2 1 1 1 3 6 0.1818181818181818 7 0.27272727272727271 8 0.54545454545454541 421 3 2 2 
0 2 2 1 1 3 3 5 3 2 7 11 1 5 6 10 3 2 1 1 1 2 1 445 2 1 0 
3 5 0 1 11 3 3 0 8 5 1 0 4 5 3 2 9 2 2 1 3 1 1 2 2 3 1 3 1 346 3 4 2 
0 1 2 1 3 3 3 3 5 5 6 4 6 7 9 10 3 1 2 3 1 2 1 277 1 1 1 
10 8 7 4 0 7 5 3 7 4 1 3 2 0 0 0 3 2 3 3 1 1 1 203 0 1 2 
2 7 4 4 8 7 4 3 0 7 6 3 0 6 0 3 3 1 1 2 1 3 1 125 2 1 0 
2 3 0 2 5 0 3 0 6 5 1 0 9 7 5 3 8 3 2 1 1 2 1 2 1 1 3 1 132 4 3 1 
3 3 0 1 3 5 0 0 9 7 5 2 10 11 6 4 11 2 3 1 1 3 2 3 1 3 2 2 1 1 1 582 3 4 4 
10 8 4 0 8 4 0 2 5 1 2 0 2 0 3 0 6 2 3 3 1 1 1 1 3 1 257 3 1 2 
4 6 6 4 6 7 4 0 1 3 4 0 0 2 1 0 10 1 2 2 1 3 2 1 3 3 3 1 2 1 65 3 3 4 
3 0 0 0 2 2 1 4 1 4 6 11 4 6 8 9 0 1 3 1 380 0 0 0 
1 0 3 4 3 1 5 5 0 3 6 8 4 7 8 10 8 2 3 3 2 3 2 1 2 1 1 1 268 1 4 3 
1 0 0 3 3 1 1 0 3 4 6 0 5 6 8 10 7 2 3 1 2 3 2 3 1 2 1 222 1 3 3 
5 3 2 0 11 5 3 0 10 6 1 0 8 3 3 2 2 3 3 1 1 1 437 0 0 2 
1 7 8 10 0 0 5 8 0 0 4 4 2 2 1 4 5 2 1 1 3 2 1 3 1 227 2 2 1 
3 4 3 5 4 3 6 0 2 5 7 2 11 10 3 1 8 2 3 3 1 3 1 3 2 1 1 1 420 2 2 4 
0 0 3 3 3 1 3 7 6 5 3 0 6 7 8 10 0 1 2 1 251 0 0 0 
10 9 8 6 2 5 4 4 0 0 0 3 0 3 0 0 8 2 3 1 2 1 2 1 1 1 3 1 292 4 3 1 
9 0 2 0 8 8 1 0 5 5 0 3 4 3 1 3 1 3 1 2 1 186 0 0 1 
4 0 0 1 3 3 3 3 8 8 5 1 10 8 2 3 10 3 1 2 3 3 2 3 1 2 1 1 2 1 275 3 3 4 
11 8 6 5 8 7 5 3 2 1 3 3 0 2 0 0 4 2 3 1 1 1 3 1 360 2 1 1 
0 1 4 0 2 3 4 6 2 2 11 0 0 1 0 8 9 2 3 2 1 2 1 1 1 3 1 3 1 332 4 3 2 
3 4 5 9 2 3 6 7 0 3 5 6 1 3 0 3 5 3 2 1 3 1 1 2 1 154 2 1 2 
5 4 4 0 7 6 0 0 6 1 0 2 4 0 1 0 5 1 3 3 2 3 1 2 1 57 1 1 3 
10 9 8 6 3 3 6 5 1 4 3 7 6 1 0 0 2 3 2 1 2 1 245 0 1 1 
7 1 0 3 4 3 2 0 3 2 4 0 3 1 5 1 2 1 2 1 2 1 36 1 1 0 
10 8 6 4 11 6 4 3 4 5 4 3 7 3 0 0 10 3 1 2 2 2 1 1 2 3 1 1 3 1 421 4 4 2 
0 0 3 2 0 2 2 4 3 0 1 6 3 6 8 6 4 1 2 1 1 1 3 1 83 3 1 0 
10 2 0 0 11 3 0 0 7 6 3 3 5 8 4 3 5 2 1 2 3 1 1 1 1 487 2 2 1 
10 9 8 1 0 4 4 5 1 0 2 4 1 0 0 2 10 3 3 1 1 2 2 1 3 2 2 1 3 1 265 3 4 3 
0 1 0 0 2 0 1 2 4 3 3 4 9 8 8 5 2 2 3 1 1 1 174 0 1 1 
2 1 5 4 3 6 4 3 6 1 0 0 2 0 0 3 3 3 1 3 1 2 1 35 1 0 2 
0 3 0 2 5 4 1 1 6 5 3 0 7 8 9 10 6 2 3 3 2 1 1 1 2 1 285 2 2 2 
1 1 1 3 0 0 3 6 2 3 4 3 1 6 11 9 6 3 2 2 2 3 3 1 3 1 350 0 3 3 
9 6 5 4 6 5 3 0 5 2 3 3 3 2 1 0 3 1 1 2 1 3 1 133 2 1 0 
6 8 9 10 4 5 1 0 3 2 1 0 3 2 0 1 2 2 1 1 2 1 308 1 1 0 
1 0 0 1 5 3 0 0 8 4 2 0 6 3 1 3 7 3 1 2 2 3 2 2 1 1 1 67 1 4 2 
5 7 8 7 4 4 5 0 0 3 3 2 0 0 1 0 1 2 1 1 1 100 0 1 0 
10 8 6 4 5 5 0 0 3 0 0 1 2 0 0 2 1 1 1 3 1 213 1 0 0 
0 0 3 3 2 2 8 8 3 1 7 9 4 7 4 10 11 2 3 1 3 3 3 1 2 1 1 2 3 5 0.25 6 0.25 7 0.5 306 4 3 4 
3 0 0 0 4 4 3 1 5 6 5 1 10 11 7 3 6 1 2 1 3 2 2 1 2 1 446 2 3 1 
2 0 0 5 0 0 4 11 1 3 5 8 0 3 6 5 1 2 1 1 1 308 0 1 0 
0 2 3 4 0 5 5 2 1 6 8 11 1 8 9 10 9 1 3 3 3 2 3 1 2 2 1 1 1 489 2 3 4 
0 2 0 0 0 2 0 0 0 5 3 3 3 5 9 9 2 3 1 1 1 1 173 1 0 1 
1 0 0 0 0 3 2 1 4 4 5 4 7 8 6 5 7 3 1 3 2 2 2 1 1 3 1 93 2 3 2 
1 0 0 3 3 0 3 0 3 0 1 0 3 2 4 3 9 2 3 1 3 2 1 3 2 2 1 1 1 5 2 4 3 
10 9 5 3 9 5 2 0 5 6 1 0 4 4 0 3 4 1 2 2 3 1 1 1 294 1 2 1 
0 2 2 3 1 0 4 1 0 0 0 3 1 0 0 2 0 1 3 1 2 0 0 0 
5 3 3 0 7 7 3 0 8 4 4 1 9 0 0 3 1 3 1 2 1 156 0 0 1 
3 2 1 3 7 2 1 3 11 5 6 0 9 7 2 0 0 1 1 1 368 0 0 0 
6 7 8 9 0 1 5 3 2 5 1 3 0 0 3 3 0 1 2 1 164 0 0 0 
1 3 5 9 0 3 3 8 2 0 1 5 0 3 3 0 4 2 2 3 3 1 1 1 146 0 2 2 
10 8 7 5 5 5 4 2 3 0 4 0 1 2 0 0 10 1 1 2 1 2 1 2 3 3 3 1 3 1 232 4 3 3 
2 7 2 2 0 5 3 0 5 2 1 3 0 0 3 0 3 3 1 1 1 1 1 35 2 0 1 
10 8 4 1 11 3 3 0 8 3 4 0 0 2 0 0 11 1 3 3 3 1 2 3 1 2 2 2 1 1 1 376 3 4 4 
0 3 0 2 0 5 1 3 0 3 2 2 3 1 2 3 5 1 2 1 3 1 1 3 1 9 3 1 1 
10 9 8 5 5 6 5 4 3 3 4 1 0 0 0 2 6 3 2 2 3 3 1 1 1 1 292 1 2 3 
7 6 4 3 6 4 1 0 5 1 2 1 5 2 0 0 2 3 3 1 2 1 61 0 0 2 
0 0 0 3 1 0 2 4 5 4 5 4 3 5 11 8 7 2 1 2 1 1 3 2 1 3 1 357 3 3 1 
3 11 8 8 0 3 3 6 3 0 3 3 0 0 1 0 10 2 1 2 2 3 3 3 1 1 3 1 2 1 329 3 3 4 
2 4 4 4 0 1 6 8 0 0 4 4 0 2 0 1 5 1 1 3 2 3 1 2 1 69 2 1 2 
3 1 10 10 0 3 5 11 2 4 6 2 1 3 0 3 2 3 1 1 2 1 549 1 0 1 
0 0 1 3 2 3 4 6 3 3 6 0 4 6 8 9 6 2 3 2 3 1 3 1 1 1 167 1 2 3 
0 3 0 0 5 2 1 4 3 5 7 1 3 3 3 0 1 2 1 3 1 38 0 1 0 
6 4 0 0 8 5 3 1 6 5 3 2 5 3 1 0 2 1 2 1 2 1 86 1 1 0 
3 1 5 8 0 2 5 11 0 3 3 4 0 1 0 3 4 2 2 1 2 1 1 1 358 1 3 0 
3 3 3 4 0 4 6 2 0 3 3 0 0 7 0 1 8 1 1 3 2 1 2 3 3 1 2 1 42 3 2 3 
4 7 8 9 2 5 6 11 1 3 5 7 1 1 2 3 4 2 2 1 3 1 3 1 458 1 2 1 
1 5 3 1 7 5 2 2 11 6 5 1 8 7 5 2 11 1 3 3 1 1 3 2 3 2 1 2 1 2 1 392 4 3 4 
0 1 0 2 3 1 1 2 6 3 3 0 10 6 5 2 1 3 1 3 1 198 0 0 1 
5 11 7 5 2 5 5 0 0 2 2 0 1 0 0 0 5 3 1 1 2 3 1 1 1 366 2 1 2 
3 1 0 2 4 4 3 0 9 7 3 2 10 11 7 3 8 3 2 2 1 3 1 3 1 1 3 1 531 3 2 3 
1 2 1 0 3 4 4 3 3 5 6 3 10 9 8 6 6 2 2 2 1 1 3 1 3 1 276 2 3 1 
0 0 3 1 0 4 4 2 2 5 5 2 9 9 6 5 3 3 1 3 1 1 1 217 1 0 2 
3 0 0 3 3 2 3 4 3 4 5 7 4 9 11 10 7 1 2 2 3 1 2 1 1 1 1 578 3 3 1 
2 1 0 0 3 0 1 0 6 4 2 1 9 7 5 3 4 3 1 2 3 1 2 1 124 1 1 2 
2 2 1 0 9 5 2 3 11 6 3 1 0 1 4 4 9 2 2 1 3 3 3 2 1 1 1 3 1 369 3 3 3 
10 8 7 4 4 6 4 3 3 2 4 2 3 2 0 0 4 1 3 1 1 1 3 1 235 3 0 1 
3 0 1 3 0 0 2 4 3 1 4 6 0 2 5 9 10 1 2 3 1 2 1 1 2 3 2 1 3 1 114 4 4 2 
0 0 0 2 3 3 3 4 0 0 4 7 3 8 9 11 8 1 2 2 2 1 3 1 3 1 1 1 358 3 3 2 
3 0 1 0 0 2 0 4 0 4 5 6 0 0 4 8 11 3 1 3 1 3 2 2 3 2 1 1 1 2 1 65 4 3 4 
1 0 0 2 1 4 3 0 3 6 1 0 3 6 6 0 1 2 1 2 1 37 0 1 0 
5 0 2 0 8 0 2 3 9 9 1 0 10 11 4 0 1 1 1 3 1 551 1 0 0 
9 4 3 0 7 6 2 0 6 2 1 2 5 1 0 0 4 1 2 1 3 3 4 0.33333333333333331 5 0.33333333333333331 6 0.33333333333333331 135 2 1 1 
9 7 6 3 7 6 5 3 6 5 3 0 1 4 3 1 7 2 2 2 1 3 1 3 1 2 1 167 2 3 2 
9 11 5 4 6 5 0 0 5 1 3 2 2 3 0 1 8 1 3 2 1 2 3 2 3 1 1 1 370 2 3 3 
11 8 7 9 3 6 6 4 0 0 1 1 3 0 0 1 6 3 2 2 2 1 2 1 3 1 391 1 4 1 
5 6 8 9 3 5 6 3 0 0 3 0 2 0 4 0 3 3 1 2 1 1 1 171 1 1 1 
10 3 4 1 4 2 0 1 3 0 2 0 0 3 0 0 0 1 3 1 175 0 0 0 
9 6 5 1 8 7 4 2 7 4 4 0 5 4 0 2 9 1 2 2 1 2 1 3 3 3 1 1 1 191 3 3 3 
3 0 0 0 2 3 3 6 3 4 6 3 3 1 3 0 9 3 3 1 1 1 2 2 2 1 1 2 1 29 4 3 2 
10 11 8 4 9 5 4 3 0 5 4 3 6 4 0 2 10 3 2 2 3 3 1 1 1 1 3 1 2 1 505 4 2 4 
10 6 6 8 11 5 3 1 6 4 2 0 4 1 3 0 0 1 2 1 500 0 0 0 
1 0 2 0 1 3 3 0 11 6 4 3 9 8 6 5 5 3 1 2 1 2 1 2 1 433 2 2 1 
1 2 2 1 5 6 4 3 8 7 8 3 10 11 6 1 2 1 2 1 2 1 443 1 1 0 
5 11 8 7 3 5 6 8 0 4 5 3 3 1 2 3 10 2 3 3 1 2 1 2 2 3 1 1 1 1 405 3 4 3 
1 5 0 1 11 6 5 2 7 5 4 2 5 4 3 3 4 3 3 3 1 1 2 1 346 1 0 3 
0 1 2 6 1 0 3 7 0 3 8 7 0 2 0 9 2 3 1 1 2 1 186 1 0 1 
3 3 0 1 7 4 0 2 8 3 2 1 7 5 4 4 5 3 3 2 1 3 1 3 1 98 1 1 3 
10 8 5 1 6 5 0 2 3 1 0 0 0 0 2 0 0 1 3 1 227 0 0 0 
3 1 0 2 2 4 4 2 4 6 6 4 10 8 7 0 4 1 3 2 1 1 1 1 246 2 1 1 
0 0 1 10 0 0 2 7 0 0 3 4 1 3 2 3 0 1 3 1 169 0 0 0 
10 8 6 4 8 5 0 0 6 4 3 0 4 0 2 1 11 3 1 1 3 2 1 3 2 3 2 2 1 1 1 251 3 4 4 
3 0 4 0 2 1 3 3 0 4 5 11 5 6 8 9 6 1 1 2 2 3 1 1 2 1 467 3 2 1 
2 4 3 0 2 3 6 4 4 4 3 0 4 0 2 1 1 1 1 1 1 25 1 0 0 
3 6 7 4 0 3 4 3 3 2 3 0 1 0 2 0 7 1 1 3 3 3 1 2 1 2 1 43 3 1 3 
7 3 0 0 6 4 0 0 5 0 3 3 1 3 2 0 8 2 2 2 2 1 3 1 1 1 1 1 42 3 4 1 
7 3 3 1 8 4 0 3 6 5 0 0 4 3 0 1 4 1 2 3 2 1 2 1 86 1 2 1 
3 0 0 0 4 0 0 2 11 4 3 1 10 8 6 3 11 1 1 3 2 1 1 3 2 2 3 2 1 3 1 507 4 4 3 
1 3 9 7 1 3 6 5 0 0 4 4 0 3 0 2 7 3 2 3 1 3 1 2 1 2 1 131 2 2 3 
1 2 3 0 6 3 1 0 8 5 0 0 9 8 4 4 0 1 2 1 178 0 0 0 
4 3 1 0 3 11 5 1 3 5 0 0 0 2 0 1 6 2 2 1 3 2 3 1 3 1 311 1 3 2 
4 7 9 10 4 4 4 1 1 2 3 0 2 0 1 0 5 2 3 1 2 3 1 3 1 250 1 2 2 
0 1 5 3 0 4 4 8 1 2 6 11 2 8 9 10 0 1 3 1 561 0 0 0 
10 11 7 1 8 8 6 0 4 5 5 1 3 2 2 0 1 2 1 1 1 500 0 1 0 
6 4 3 1 2 1 2 0 1 3 4 2 0 3 0 0 8 2 1 3 3 1 1 3 2 1 2 1 18 3 2 3 
0 2 1 6 3 2 5 2 3 8 5 8 10 9 7 5 2 1 3 1 1 1 319 1 0 1 
5 6 11 9 3 4 7 8 3 4 5 3 0 2 1 0 8 2 3 1 2 1 2 3 1 1 3 1 489 3 3 2 
3 6 8 10 0 3 6 8 3 1 2 6 0 3 3 3 1 1 1 2 1 262 1 0 0 
3 0 0 1 11 4 1 0 7 5 4 2 3 0 8 0 3 1 2 2 1 3 1 333 1 2 0 
7 8 7 6 3 3 4 6 0 3 1 3 0 0 0 2 1 1 1 2 1 121 1 0 0 
0 1 0 2 1 4 5 11 3 2 0 7 1 0 0 3 7 3 3 2 3 2 1 1 1 2 1 331 2 2 3 
5 5 4 0 3 4 3 0 1 5 4 3 3 0 0 0 2 1 2 1 2 1 24 1 1 0 
4 7 1 1 8 6 4 2 9 6 3 2 10 7 5 3 5 1 3 1 2 3 1 2 1 323 2 1 2 
0 0 1 0 0 3 0 3 0 1 0 3 2 2 3 3 1 2 1 1 1 1 0 1 0 
0 0 2 0 0 2 3 2 1 3 4 5 3 6 7 5 4 1 1 1 2 1 3 1 47 3 1 0 
4 1 0 2 3 6 2 0 5 4 1 0 10 11 4 2 2 3 1 1 3 1 393 1 0 1 
4 6 0 3 6 4 3 0 7 3 1 0 3 2 1 0 9 1 2 1 3 3 2 1 2 2 1 3 1 53 3 4 2 
10 9 2 0 11 8 1 0 5 5 0 3 3 1 3 0 2 1 2 1 2 1 500 1 1 0 
0 2 1 4 3 3 4 5 4 4 6 6 2 5 8 9 0 1 1 1 184 0 0 0 
1 4 3 2 4 3 0 0 6 5 1 0 10 6 0 2 11 2 1 3 2 1 2 3 3 3 1 1 1 2 1 180 4 3 4 
10 11 5 4 9 6 4 3 8 5 4 1 0 2 3 2 5 1 3 3 1 2 1 3 1 553 2 1 2 
10 9 7 3 11 5 4 3 2 4 3 1 3 1 2 2 10 3 1 2 3 3 1 1 3 2 2 1 1 1 507 3 3 4 
1 3 0 2 3 5 3 0 7 5 3 1 9 11 5 3 5 1 3 2 2 2 1 1 1 373 1 3 1 
5 7 11 10 3 5 7 8 3 3 4 6 1 3 1 1 3 2 2 3 1 2 1 500 0 2 1 
2 3 1 0 0 1 2 2 4 6 5 1 9 8 6 4 4 2 3 1 3 1 3 1 159 1 1 2 
8 7 3 3 11 6 4 1 6 2 2 0 1 2 0 1 6 3 3 1 3 1 2 1 2 1 356 2 1 3 
6 3 1 2 5 4 0 0 4 3 2 0 2 2 1 0 3 1 3 3 1 1 1 23 1 0 2 
6 7 4 3 7 4 0 0 5 2 3 0 1 1 0 0 9 1 2 2 3 2 3 1 3 2 1 1 1 66 2 4 3 
3 8 9 10 2 4 8 11 3 1 3 1 0 0 2 3 11 1 2 2 1 3 2 3 1 2 1 3 1 3 1 499 4 4 3 
2 7 11 10 1 6 8 9 1 5 5 3 2 3 4 1 1 3 1 2 1 518 0 0 1 
2 1 3 0 4 3 0 0 1 3 1 0 3 2 2 1 8 2 1 3 3 3 2 3 2 1 1 1 6 1 3 4 
3 5 7 4 2 5 3 3 0 2 1 0 0 0 1 0 0 1 3 1 38 0 0 0 
10 7 5 3 0 7 5 3 7 6 5 2 0 0 1 1 2 3 2 1 3 1 237 0 1 1 
9 11 7 3 8 7 2 0 7 5 3 1 5 4 2 0 0 1 1 1 474 0 0 0 
9 7 6 5 7 6 4 2 5 4 1 2 4 3 1 2 8 3 3 2 3 2 1 1 3 1 1 1 157 2 2 4 
2 6 11 9 3 4 6 8 0 3 3 4 3 3 0 1 11 1 1 3 3 3 1 2 2 3 2 1 1 2 1 390 4 3 4 
3 2 3 0 5 0 0 0 8 5 1 3 9 8 5 0 0 3 4 0.33333333333333331 5 0.33333333333333331 6 0.33333333333333331 178 0 0 0 
10 9 7 5 11 7 5 8 3 2 1 6 1 3 0 3 4 2 2 1 3 1 3 1 500 1 2 1 
5 3 2 1 8 4 3 0 9 5 7 5 10 11 9 0 2 2 1 3 6 0.1818181818181818 7 0.27272727272727271 8 0.54545454545454541 555 1 1 0 
6 5 3 3 8 5 3 0 7 4 3 0 5 1 0 0 7 1 3 2 2 1 2 3 1 3 1 94 2 3 2 
5 8 11 10 3 4 6 7 3 3 3 5 1 0 2 4 6 3 2 3 2 1 1 1 3 1 542 2 2 2 
9 7 5 4 6 5 4 2 4 2 0 1 3 0 0 0 3 2 1 1 3 4 0.33333333333333331 5 0.33333333333333331 6 0.33333333333333331 127 2 1 0 
1 0 3 3 0 2 1 3 3 5 6 8 5 7 8 10 9 2 1 2 1 2 3 2 1 3 1 3 1 278 3 4 2 
5 6 8 9 3 5 3 0 1 2 0 2 0 3 2 0 10 3 1 1 1 3 2 3 3 2 1 3 4 0.33333333333333331 5 0.33333333333333331 6 0.33333333333333331 154 4 2 4 
4 5 7 9 0 4 5 4 0 3 3 0 2 0 1 0 9 3 1 2 3 1 2 3 1 3 1 2 1 128 3 2 4 
10 3 2 0 9 6 0 0 6 5 5 3 4 1 2 3 8 2 2 1 1 1 3 3 2 1 1 1 277 3 3 2 
2 0 2 0 8 1 1 3 5 0 0 0 3 3 3 0 8 2 3 1 1 3 3 2 1 1 2 1 54 3 2 3 
1 0 3 3 2 4 2 0 1 7 0 0 3 7 9 10 4 1 1 2 3 1 2 1 264 2 1 1 
4 3 3 0 11 4 1 1 9 5 2 2 3 0 3 0 11 3 1 1 2 3 2 3 2 3 2 1 1 1 1 348 3 4 4 
1 0 2 4 1 1 2 6 0 4 5 7 4 5 7 9 1 3 1 2 1 151 0 0 1 
0 1 0 0 0 3 3 0 2 4 8 3 10 9 8 3 9 1 3 2 3 3 2 3 1 2 1 1 1 249 2 3 4 
2 3 3 3 5 4 4 5 3 5 6 7 2 6 7 9 7 3 1 2 3 1 1 1 1 2 1 170 4 1 2 
5 4 3 0 11 5 4 0 8 6 3 0 3 3 0 3 10 2 1 3 3 2 1 1 2 3 1 1 2 1 376 4 3 3 
1 2 0 0 7 5 0 0 8 4 3 0 11 3 1 3 6 3 2 2 1 3 3 1 3 1 361 1 2 3 
3 0 5 1 3 5 6 1 0 0 1 0 0 1 2 0 4 2 3 2 2 1 3 1 22 0 3 1 
4 5 11 10 4 5 6 7 2 1 2 1 2 0 0 0 10 2 3 3 3 1 1 1 1 2 3 1 2 1 422 4 2 4 
9 7 5 3 8 5 4 2 5 4 3 1 1 4 3 0 10 1 2 1 3 3 2 2 2 3 1 1 3 1 177 3 4 3 
3 11 0 0 3 11 2 1 8 4 1 4 4 3 5 2 9 3 3 2 1 1 3 2 2 3 1 1 1 562 2 3 4 
5 11 8 5 4 6 4 3 3 5 2 0 3 1 0 0 11 2 1 3 1 2 2 3 3 1 1 2 1 3 1 273 4 4 3 
5 7 8 9 4 6 5 2 2 0 3 3 0 1 1 2 10 1 3 3 1 2 3 1 3 1 2 1 2 1 165 4 2 4 
9 8 6 4 7 6 5 1 5 4 2 2 3 0 1 0 4 1 1 3 2 1 2 1 173 2 1 1 
9 7 5 4 6 5 4 1 5 0 4 0 0 0 2 0 5 2 2 1 1 1 1 2 1 123 3 2 0 
0 0 2 3 0 0 3 5 3 0 4 7 1 4 5 6 11 3 2 3 3 1 2 2 3 1 1 1 1 2 1 51 4 3 4 
6 8 6 4 4 5 4 3 1 3 4 1 0 2 0 0 3 1 2 3 1 2 1 84 1 1 1 
10 11 5 3 7 6 3 4 6 4 3 0 5 0 2 1 8 2 3 1 1 2 3 1 2 1 3 1 538 3 3 2 
1 1 2 2 4 3 3 5 4 4 5 11 5 8 9 10 6 3 1 3 2 2 1 3 4 0.54545454545454541 5 0.27272727272727271 6 0.1818181818181818 489 2 2 2 
5 8 11 10 3 4 5 9 3 2 2 5 2 1 0 4 5 3 2 1 1 3 1 1 1 533 2 1 2 
10 8 4 3 8 5 4 2 7 6 4 1 5 1 3 0 0 1 2 1 244 0 0 0 
1 1 11 3 3 2 7 8 0 3 4 5 0 4 3 3 5 2 2 1 3 2 1 1 1 346 1 3 1 
1 0 0 0 0 2 0 2 3 4 5 0 3 11 6 5 3 1 1 2 1 3 1 355 2 1 0 
0 0 0 2 0 2 1 4 0 6 5 0 2 3 3 3 7 3 3 1 2 2 1 1 1 1 1 19 3 2 2 
4 0 1 2 6 5 0 0 8 5 3 0 7 3 4 3 8 2 1 2 3 1 2 3 1 1 3 1 92 3 3 2 
2 0 3 3 1 0 2 5 2 5 6 8 5 8 11 9 5 2 1 3 3 1 1 1 1 411 2 1 2 
3 0 1 3 5 2 3 1 7 4 3 2 10 6 4 3 1 2 1 1 1 211 0 1 0 
4 6 8 6 0 5 4 4 0 0 2 3 1 0 0 0 5 3 1 2 2 3 1 1 1 72 1 2 2 
4 6 8 10 0 3 3 5 0 0 2 3 2 2 0 1 9 3 1 3 1 1 2 3 2 3 1 1 1 235 3 2 4 
4 1 2 0 2 4 5 3 1 4 4 0 0 1 2 1 10 2 1 3 3 2 2 3 1 1 3 1 2 1 16 3 3 4 
10 8 1 6 11 7 5 2 5 7 5 1 2 3 0 0 3 3 2 3 1 1 1 513 0 1 2 
3 2 7 9 2 4 5 11 1 2 0 5 0 0 3 0 2 3 1 1 1 1 344 1 0 1 
4 5 8 3 3 6 5 3 3 5 3 0 0 3 0 0 6 1 3 2 2 1 2 1 1 1 70 2 3 1 
3 3 0 0 7 0 3 2 6 3 1 1 5 5 0 0 4 1 2 1 2 1 2 1 46 2 2 0 
3 0 3 4 0 4 4 5 3 4 6 9 7 6 11 10 10 2 2 2 3 3 1 1 2 1 1 1 3 1 469 4 4 2 
8 0 0 0 3 11 7 5 2 4 5 0 0 3 3 1 1 3 1 3 1 326 0 0 1 
5 7 11 10 4 4 7 9 4 0 1 3 2 0 1 0 1 2 1 3 1 504 0 1 0 
3 3 3 0 4 4 1 2 4 6 5 5 10 9 8 7 11 1 1 2 1 1 3 3 2 3 2 2 1 3 1 336 4 4 3 
2 0 3 0 0 3 1 3 1 2 8 9 5 8 11 10 6 3 2 3 2 1 3 1 1 1 607 1 2 3 
0 3 0 1 0 5 4 2 3 3 5 7 2 1 5 6 0 1 3 1 52 0 0 0 
3 0 0 0 1 4 1 3 4 2 0 0 2 3 2 3 8 3 3 1 1 2 2 2 1 1 1 1 6 3 3 2 
0 1 2 0 0 0 3 3 3 3 3 3 3 6 8 6 11 3 1 1 2 1 3 2 2 2 3 1 1 3 1 75 4 4 3 
10 11 6 2 7 6 5 1 3 4 1 2 0 3 1 2 10 1 1 1 3 2 2 2 3 2 3 1 1 1 444 3 4 3 
3 4 6 7 0 1 4 6 2 3 4 4 0 0 0 3 5 1 1 2 2 3 1 3 1 57 2 2 1 
2 0 0 1 4 1 2 1 5 3 1 0 6 9 9 10 8 1 3 3 3 2 3 2 2 3 4 0.5 5 0.25 6 0.25 252 1 3 4 
10 6 4 3 6 6 3 3 4 0 1 4 0 2 0 0 5 2 1 2 3 1 1 3 1 206 2 2 1 
1 1 1 2 2 4 2 0 8 6 4 0 10 9 7 4 9 3 3 3 2 2 1 1 2 1 1 3 1 315 3 3 3 
1 0 0 0 2 3 0 0 5 6 6 1 10 7 6 2 6 3 3 1 2 3 2 1 1 1 189 1 2 3 
10 6 3 4 4 3 0 0 2 0 0 0 2 3 0 0 2 1 1 1 3 1 196 2 0 0 
4 5 11 10 3 4 8 6 2 2 2 2 1 0 4 1 2 1 1 1 3 1 423 2 0 0 
10 11 5 3 5 7 4 0 4 3 0 3 3 0 0 1 4 1 2 3 3 1 2 1 406 1 1 2 
5 7 9 10 4 6 7 6 2 3 2 0 1 0 3 0 6 3 1 3 1 2 2 1 1 1 283 2 2 2 
4 1 2 0 5 5 1 0 8 6 0 2 6 3 3 0 11 3 1 2 1 3 3 2 1 2 1 3 1 2 1 77 4 3 4 
1 2 4 5 0 3 1 0 0 2 3 2 0 2 0 0 6 1 3 1 3 1 3 1 2 1 8 3 0 3 
7 0 0 0 4 5 6 10 3 4 5 4 1 3 3 1 5 2 2 3 3 2 1 1 1 198 0 3 2 
0 2 0 1 2 2 0 0 3 4 3 3 4 5 8 9 3 1 3 3 1 1 1 136 1 0 2 
3 8 6 6 1 2 3 5 0 0 4 3 0 0 2 2 3 3 3 1 1 1 1 74 1 0 2 
9 6 5 1 11 5 4 1 6 4 2 0 4 0 2 0 11 1 2 2 1 3 3 3 3 2 1 1 1 2 1 407 4 3 4 
3 0 0 1 1 6 0 0 3 2 4 6 4 4 2 0 7 3 1 1 3 2 3 2 1 3 1 31 2 2 3 
1 3 6 10 0 2 6 4 2 3 0 0 0 6 0 0 0 1 1 1 181 0 0 0 
7 8 6 5 3 6 5 0 3 3 3 3 2 1 0 0 11 2 1 2 2 2 3 1 1 3 1 3 1 3 1 92 4 4 3 
10 11 7 5 8 7 5 4 0 5 3 3 3 1 0 0 3 2 2 1 1 3 1 488 1 2 0 
5 7 8 9 6 4 6 3 0 3 0 4 0 0 0 3 7 2 2 1 1 3 2 1 1 3 1 171 3 3 1 
0 1 4 4 2 0 5 7 0 1 5 8 0 3 6 7 1 2 1 3 1 113 0 1 0 
9 6 4 3 11 5 3 0 6 3 0 0 4 1 2 0 11 3 2 1 1 3 3 2 2 1 2 3 1 1 1 374 3 4 4 
0 3 1 0 0 2 3 1 3 3 4 0 7 6 2 0 11 2 3 1 2 1 3 2 1 1 3 2 1 3 1 39 4 4 3 
0 1 0 0 4 3 0 0 7 3 2 0 10 5 4 1 8 2 3 2 2 3 1 3 3 1 1 1 202 1 3 4 
8 2 4 1 5 3 1 1 9 6 2 2 10 11 8 5 11 1 1 1 3 3 2 1 2 3 3 2 1 2 1 503 4 3 4 
7 7 2 1 8 5 4 0 7 0 3 0 4 0 1 0 10 1 2 3 3 1 2 3 3 1 2 1 2 1 106 3 3 4 
4 6 11 10 3 5 6 8 3 3 4 6 1 0 2 2 7 3 1 3 1 2 3 3 3 6 0.1818181818181818 7 0.27272727272727271 8 0.54545454545454541 519 2 1 4 
0 6 2 0 0 5 1 1 0 4 2 0 3 4 2 3 4 3 3 2 1 1 1 1 22 1 1 2 
2 6 11 10 1 3 6 9 4 2 5 8 1 2 1 5 11 2 3 1 1 3 1 3 1 3 2 2 1 2 1 438 4 3 4 
10 11 7 5 9 6 5 4 6 5 1 1 3 3 4 2 2 3 3 1 2 1 536 0 0 2 
10 9 7 6 3 2 4 3 0 0 0 2 1 0 0 1 11 2 3 2 1 1 1 1 3 2 2 3 1 3 1 278 4 4 3 
0 2 0 3 0 3 3 6 2 3 5 7 4 6 7 10 9 2 3 2 1 1 3 1 3 3 1 1 1 230 3 2 4 
5 8 6 4 4 5 3 0 0 2 0 4 0 2 0 3 4 1 1 2 1 1 3 1 72 3 1 0 
1 0 1 2 2 0 3 4 1 4 6 3 4 6 7 9 4 2 1 3 3 1 2 1 145 1 1 2 
4 8 11 10 4 6 5 9 3 3 5 7 0 0 2 2 1 1 1 1 1 518 1 0 0 
4 11 7 4 1 0 3 4 2 0 1 0 3 0 0 0 0 1 2 1 337 0 0 0 
5 6 7 10 3 4 6 11 0 4 5 5 2 0 0 1 2 2 1 1 3 1 464 1 1 0 
3 3 0 0 1 2 1 3 3 5 4 0 4 6 8 6 6 1 3 3 2 1 2 1 2 1 81 2 2 2 
5 8 11 10 4 3 8 9 0 3 4 2 3 2 1 3 0 1 1 1 584 0 0 0 
2 4 9 10 4 3 6 11 3 3 3 4 0 1 3 1 2 1 2 1 2 1 453 1 1 0 
10 11 3 1 10 5 0 3 8 4 5 3 2 4 0 0 5 3 1 3 2 2 1 1 1 537 1 2 2 
2 1 6 3 3 7 6 4 9 8 5 2 10 11 1 2 4 3 3 1 2 1 1 1 512 1 1 2 
0 2 0 0 0 3 3 3 1 4 5 4 5 11 9 8 8 3 2 1 3 1 1 2 2 1 3 1 426 3 3 2 
0 3 0 0 0 5 1 0 3 5 6 0 4 11 7 4 5 2 2 1 3 1 1 2 1 288 2 2 1 
