2 0 0 2 3 3 3 2 9 9 5 3 1 14 9 1 1 0 3 1 0 0 0 0 3 2 2 1466
0 3 3 0 2 8 6 1 3 3 8 3 3 3 6 14 1 0 2 1 0 0 0 0 2 1 0 1434
2 3 0 3 3 1 0 0 14 3 0 0 4 5 2 3 1 0 1 1 0 0 0 0 3 3 2 1703
2 14 3 3 1 3 4 1 3 6 3 0 2 4 0 0 1 0 2 1 0 0 0 0 4 3 3 1455
0 0 3 4 0 2 4 14 3 0 7 8 0 0 1 2 1 0 1 1 0 0 0 0 2 2 2 1281
2 0 0 2 2 1 3 5 3 4 5 6 4 14 8 3 1 0 1 1 0 0 0 0 3 2 4 1504
0 0 0 2 0 0 3 1 2 1 4 14 4 3 5 3 3 1 4 0.33333333333333331 5 0.33333333333333331 6 0.33333333333333331 1 1 2 1482
1 3 0 0 3 4 2 3 14 7 4 2 3 8 1 6 1 0 3 1 0 0 0 0 1 1 2 1326
3 14 3 2 5 1 2 3 4 1 0 0 2 0 0 1 1 0 3 1 0 0 0 0 4 4 3 1357
2 3 0 0 8 3 2 0 14 5 0 1 1 7 4 2 1 0 3 1 0 0 0 0 1 0 2 1274
14 3 7 4 5 4 3 2 0 0 1 0 0 3 0 0 1 0 3 1 0 0 0 0 1 1 0 1402
3 14 2 8 3 0 3 2 3 1 5 5 2 0 1 0 1 0 3 1 0 0 0 0 3 2 0 1607
6 7 14 0 4 5 3 0 4 0 0 0 3 1 0 3 1 0 2 1 0 0 0 0 3 3 3 1393
0 1 2 0 0 2 5 0 3 0 8 4 3 14 1 5 1 0 1 1 0 0 0 0 0 1 1 1246
3 1 3 5 0 4 14 5 0 9 6 4 0 1 2 4 1 0 3 1 0 0 0 0 1 2 0 1459
14 4 0 0 6 5 4 0 8 4 2 0 4 3 1 1 1 0 2 1 0 0 0 0 1 1 2 1438
3 0 1 0 3 5 3 0 2 14 6 1 7 3 7 2 1 0 2 1 0 0 0 0 4 3 4 1535
1 0 3 2 4 2 6 3 2 14 4 8 6 3 3 4 1 0 1 1 0 0 0 0 2 1 0 1494
3 0 1 2 4 0 1 0 14 4 2 0 1 4 2 3 1 0 1 1 0 0 0 0 2 3 4 1611
0 0 3 1 0 3 2 9 3 1 8 14 2 3 8 3 1 0 2 1 0 0 0 0 4 3 3 1418
0 0 2 2 3 2 0 3 2 8 8 1 3 3 14 3 1 0 1 1 0 0 0 0 2 0 1 1171
0 4 14 3 1 3 7 3 0 3 5 6 8 2 4 0 1 0 3 1 0 0 0 0 2 2 2 1243
1 6 14 3 1 2 3 4 9 4 6 6 0 0 0 3 1 0 2 1 0 0 0 0 3 3 2 1488
2 2 9 4 1 4 14 3 1 1 7 2 0 0 1 3 1 0 2 1 0 0 0 0 1 1 1 1506
1 3 0 0 5 1 0 0 6 3 6 6 2 14 5 3 1 0 2 1 0 0 0 0 2 2 1 1601
0 3 3 3 2 1 2 14 1 7 4 3 0 4 2 3 1 0 3 1 0 0 0 0 2 1 2 1528
1 3 0 0 3 2 2 0 4 3 7 1 2 14 3 3 1 0 3 1 0 0 0 0 1 0 1 1514
4 1 0 0 4 1 3 0 2 6 1 2 3 2 14 0 1 0 1 1 0 0 0 0 1 2 1 1523
2 7 1 7 4 3 5 14 3 0 3 3 0 0 4 3 3 1 6 0.33333333333333331 7 0.33333333333333331 8 0.33333333333333331 3 3 1 1169
4 5 2 2 5 4 4 0 3 14 1 0 1 1 3 0 1 0 2 1 0 0 0 0 0 0 1 1497
0 1 3 4 3 5 1 7 0 4 2 14 3 0 3 3 1 0 2 1 0 0 0 0 1 1 0 1557
0 2 4 2 0 1 14 9 5 3 4 8 3 1 0 2 3 1 4 0.33333333333333331 5 0.33333333333333331 6 0.33333333333333331 1 0 1 1515
2 0 0 0 0 0 0 3 0 1 14 6 3 6 4 3 1 0 1 1 0 0 0 0 0 1 3 1509
1 4 0 2 9 3 3 6 8 5 14 4 3 3 1 2 1 0 3 1 0 0 0 0 1 1 2 1447
1 4 1 4 1 5 2 3 14 4 0 2 6 0 0 0 1 0 1 1 0 0 0 0 0 2 3 1573
0 2 4 1 0 0 3 1 0 3 4 8 2 3 3 14 1 0 3 1 0 0 0 0 4 4 3 1392
0 3 3 6 3 6 7 2 1 14 8 3 5 7 3 5 1 0 1 1 0 0 0 0 1 2 0 1361
1 4 14 3 3 2 3 1 4 3 3 2 1 0 2 0 1 0 3 1 0 0 0 0 4 4 3 1332
1 3 3 1 5 14 8 3 3 3 5 2 1 2 2 0 1 0 3 1 0 0 0 0 1 1 2 1623
0 2 0 0 1 3 1 3 0 3 14 7 0 2 2 5 1 0 1 1 0 0 0 0 0 0 2 1312
4 2 14 2 4 2 1 3 0 6 0 1 0 1 2 4 3 1 5 0.33333333333333331 6 0.33333333333333331 7 0.33333333333333331 4 3 4 1473
4 3 2 0 3 4 0 1 4 7 8 0 5 9 14 1 1 0 2 1 0 0 0 0 2 2 2 1495
1 14 10 3 4 6 5 8 3 3 3 1 0 0 3 0 1 0 2 1 0 0 0 0 0 1 1 1451
3 5 0 0 8 3 2 8 14 4 2 3 3 6 1 3 1 0 1 1 0 0 0 0 1 1 2 1380
3 0 2 0 3 14 0 0 6 6 4 1 7 4 1 0 1 0 1 1 0 0 0 0 0 2 3 1670
4 2 3 2 2 7 3 0 9 1 1 0 14 4 3 0 1 0 1 1 0 0 0 0 2 2 2 1427
14 6 2 0 1 3 5 6 0 1 5 0 1 3 2 3 3 1 9 0.33333333333333331 10 0.33333333333333331 11 0.33333333333333331 0 1 2 1330
2 3 2 5 0 0 5 14 6 3 6 5 0 0 3 3 1 0 3 1 0 0 0 0 4 2 3 1456
0 1 2 4 0 0 6 14 1 0 3 6 0 0 3 4 1 0 2 1 0 0 0 0 2 2 2 1427
1 2 4 2 3 6 1 14 3 3 4 6 0 0 3 3 1 0 1 1 0 0 0 0 1 2 1 1370
3 3 3 4 1 7 6 14 4 3 4 2 0 0 2 0 1 0 3 1 0 0 0 0 4 3 2 1339
2 2 0 0 3 8 3 1 0 3 6 4 3 2 14 4 1 0 3 1 0 0 0 0 4 2 2 1568
1 3 4 1 0 3 6 14 0 4 3 7 3 6 2 4 1 0 3 1 0 0 0 0 3 4 2 1403
3 2 2 0 14 4 0 0 4 3 3 4 3 1 1 0 3 1 4 0.33333333333333331 5 0.33333333333333331 6 0.33333333333333331 0 0 0 1520
1 2 0 2 0 3 4 7 3 7 0 3 1 5 14 2 1 0 2 1 0 0 0 0 2 0 1 1362
0 3 0 3 0 0 3 2 1 0 3 14 3 6 1 3 1 0 2 1 0 0 0 0 3 3 3 1290
3 6 2 2 8 1 6 9 0 3 14 4 7 3 3 1 1 0 2 1 0 0 0 0 3 2 1 1437
0 0 9 2 0 0 0 3 3 4 14 6 1 4 6 4 1 0 1 1 0 0 0 0 2 3 2 1534
0 0 0 1 0 0 3 4 0 0 5 14 2 4 10 4 1 0 3 1 0 0 0 0 3 3 2 1086
3 1 4 1 0 3 14 9 7 4 5 2 3 6 4 2 1 0 2 1 0 0 0 0 4 3 3 1610
0 0 0 2 4 3 5 1 1 3 3 14 0 0 4 8 1 0 3 1 0 0 0 0 3 4 3 1427
0 0 1 2 0 1 3 1 3 0 3 14 2 2 5 3 1 0 3 1 0 0 0 0 0 0 0 1346
0 2 0 14 0 1 5 4 0 0 4 3 2 0 3 3 1 0 1 1 0 0 0 0 3 3 4 1470
0 4 0 2 1 14 3 1 3 7 5 3 0 2 1 2 1 0 2 1 0 0 0 0 4 3 4 1427
0 0 3 2 0 0 2 7 3 4 4 14 2 2 4 1 1 0 1 1 0 0 0 0 2 0 2 1421
1 7 3 0 4 7 6 4 14 9 0 2 4 3 1 0 1 0 1 1 0 0 0 0 1 3 2 1235
0 0 2 0 4 3 0 0 4 3 3 0 14 4 4 3 1 0 3 1 0 0 0 0 3 2 2 1263
0 2 4 4 0 3 5 14 1 4 3 6 0 0 0 3 1 0 1 1 0 0 0 0 1 2 2 1515
0 4 3 0 1 8 2 4 0 9 14 3 1 4 3 3 1 0 1 1 0 0 0 0 2 4 3 1177
3 2 4 1 3 3 5 0 14 2 2 2 8 1 8 3 1 0 3 1 0 0 0 0 2 0 1 1344
4 14 2 1 4 5 3 0 3 1 5 0 2 0 0 0 1 0 1 1 0 0 0 0 3 4 4 1481
2 3 9 0 1 8 4 1 3 14 2 0 3 3 5 0 3 1 5 0.33333333333333331 6 0.33333333333333331 7 0.33333333333333331 0 0 0 1421
2 1 0 1 0 3 2 5 3 4 4 3 3 1 14 7 1 0 3 1 0 0 0 0 1 2 1 1480
1 4 14 5 1 3 6 3 0 4 1 0 0 3 3 0 1 0 2 1 0 0 0 0 0 2 1 1206
0 0 8 1 2 4 6 4 0 0 3 14 3 2 0 4 1 0 1 1 0 0 0 0 0 0 0 1325
14 8 3 2 5 6 1 0 3 3 0 0 0 3 0 0 3 1 9 0.33333333333333331 10 0.33333333333333331 11 0.33333333333333331 0 0 1 1293
0 0 3 3 3 1 6 4 0 5 7 14 1 0 3 3 1 0 2 1 0 0 0 0 0 1 1 1464
2 3 2 3 14 4 1 1 4 6 5 1 4 3 3 0 1 0 3 1 0 0 0 0 0 1 0 1240
0 4 4 4 0 2 2 2 0 8 14 9 3 1 1 3 1 0 3 1 0 0 0 0 4 3 3 1301
2 2 6 9 3 0 14 1 1 3 1 5 0 4 6 2 1 0 2 1 0 0 0 0 2 1 1 1289
3 2 14 3 1 2 8 5 0 4 1 3 2 0 0 1 1 0 1 1 0 0 0 0 0 1 1 1480
1 3 4 1 2 5 14 3 2 4 6 8 1 3 0 2 1 0 1 1 0 0 0 0 2 3 3 1306
0 4 1 3 0 1 9 3 4 3 5 4 2 2 6 14 1 0 3 1 0 0 0 0 2 2 2 1180
0 1 2 0 2 0 3 3 1 5 4 14 0 2 3 4 1 0 3 1 0 0 0 0 2 1 2 1501
3 4 6 3 0 3 5 14 2 2 6 3 0 1 3 2 1 0 1 1 0 0 0 0 1 0 0 1380
0 4 1 2 4 5 0 0 14 9 3 0 5 4 4 0 1 0 2 1 0 0 0 0 3 2 1 1381
0 2 1 3 3 6 3 2 1 5 5 7 0 2 7 14 1 0 1 1 0 0 0 0 2 2 2 1382
3 1 2 0 1 2 4 0 4 0 6 0 3 14 9 4 1 0 1 1 0 0 0 0 2 3 3 1237
0 3 0 1 2 1 0 3 5 5 5 6 2 3 14 2 1 0 1 1 0 0 0 0 1 1 1 1433
0 0 1 2 0 2 3 3 1 8 14 4 4 3 3 1 1 0 2 1 0 0 0 0 1 1 4 1499
4 0 0 0 1 3 4 0 2 2 3 3 14 5 1 1 1 0 2 1 0 0 0 0 3 3 1 1445
0 1 3 3 0 5 14 8 1 5 2 3 2 3 0 0 1 0 3 1 0 0 0 0 3 3 2 1398
4 9 1 3 14 5 4 0 2 4 1 0 1 4 2 0 1 0 2 1 0 0 0 0 3 3 3 1369
0 3 2 4 0 1 4 14 1 3 3 3 0 0 2 3 1 0 2 1 0 0 0 0 3 2 4 1290
0 1 0 0 2 2 0 0 4 2 3 1 5 14 2 3 1 0 1 1 0 0 0 0 1 0 2 1361
2 2 2 2 3 3 4 14 0 1 5 4 0 0 1 1 1 0 1 1 0 0 0 0 0 0 0 1216
8 0 4 3 5 14 3 0 3 4 7 0 4 3 1 0 1 0 2 1 0 0 0 0 3 3 2 1350
4 1 5 3 0 0 2 14 0 0 3 6 1 2 3 2 1 0 1 1 0 0 0 0 1 1 1 1410
2 4 4 7 2 9 14 6 0 4 1 2 0 0 1 3 1 0 1 1 0 0 0 0 0 0 2 1305
4 6 7 2 1 3 14 8 2 4 6 3 0 1 2 3 1 0 1 1 0 0 0 0 0 0 0 1600
1 3 3 0 7 14 3 0 4 9 2 3 4 2 3 5 1 0 1 1 0 0 0 0 1 1 2 1308
0 1 1 4 3 4 7 6 0 1 14 2 3 2 2 3 3 1 6 0.33333333333333331 7 0.33333333333333331 8 0.33333333333333331 0 0 0 1539
7 4 14 4 0 5 2 1 0 2 1 5 2 3 0 4 1 0 1 1 0 0 0 0 0 0 0 1428
3 5 3 14 0 2 6 3 1 3 7 1 3 0 8 0 1 0 2 1 0 0 0 0 1 1 0 1345
0 1 0 3 0 0 2 14 0 3 5 6 1 4 1 5 3 1 5 0.33333333333333331 6 0.33333333333333331 7 0.33333333333333331 2 4 3 1260
1 14 3 0 9 3 0 0 6 5 2 2 4 3 0 1 1 0 3 1 0 0 0 0 0 0 0 1486
0 0 3 0 3 4 1 1 1 4 8 3 2 6 14 0 1 0 2 1 0 0 0 0 1 2 3 1432
14 3 0 0 4 7 5 0 3 5 8 2 1 3 0 3 1 0 1 1 0 0 0 0 2 3 0 1545
3 1 3 3 1 4 14 3 4 7 2 0 0 2 0 1 1 0 1 1 0 0 0 0 2 4 4 1276
0 2 2 0 0 0 5 0 0 14 4 0 4 9 5 3 1 0 1 1 0 0 0 0 3 2 1 1578
1 1 2 3 3 3 5 3 3 14 6 3 0 0 0 1 1 0 2 1 0 0 0 0 2 3 3 1230
3 4 5 8 0 3 4 14 0 2 3 1 0 0 0 2 1 0 3 1 0 0 0 0 1 0 0 1481
1 8 5 3 5 3 9 5 1 6 14 4 0 2 3 3 1 0 2 1 0 0 0 0 0 0 0 1351
0 2 0 0 0 3 1 4 3 2 4 14 0 3 4 4 1 0 3 1 0 0 0 0 3 2 0 1473
5 1 2 0 14 4 3 2 8 1 3 0 2 6 4 0 1 0 3 1 0 0 0 0 4 3 3 1312
2 3 14 1 2 7 8 3 3 4 2 1 1 5 3 0 1 0 2 1 0 0 0 0 4 3 3 1267
2 1 2 0 7 3 8 3 2 14 1 2 9 6 1 4 1 0 3 1 0 0 0 0 3 2 3 1403
2 4 0 0 0 3 9 1 2 4 14 7 0 1 3 5 1 0 2 1 0 0 0 0 4 3 4 1495
3 4 3 6 0 5 3 2 2 1 4 14 0 5 4 4 1 0 1 1 0 0 0 0 3 3 2 1259
0 0 0 7 2 3 14 3 0 8 7 4 0 3 3 3 1 0 2 1 0 0 0 0 2 0 3 1342
4 1 0 1 2 7 8 0 5 2 4 0 14 1 0 0 1 0 2 1 0 0 0 0 3 3 4 1119
0 2 3 0 1 4 1 3 0 14 7 5 0 2 4 3 1 0 3 1 0 0 0 0 0 0 0 1522
1 3 2 0 3 4 4 3 14 7 5 0 1 3 2 0 1 0 2 1 0 0 0 0 4 3 4 1281
0 0 3 6 1 4 3 14 0 4 6 6 0 0 1 7 1 0 2 1 0 0 0 0 2 3 4 1456
1 14 3 0 2 8 5 4 1 4 2 0 3 1 2 3 1 0 1 1 0 0 0 0 0 1 1 1290
1 1 0 0 0 1 3 5 0 3 1 14 0 2 3 2 1 0 2 1 0 0 0 0 1 2 4 1433
1 2 0 0 6 14 4 3 4 1 0 0 2 3 4 10 1 0 1 1 0 0 0 0 3 4 4 1546
1 3 0 1 2 3 6 1 0 0 2 14 0 4 5 1 1 0 3 1 0 0 0 0 1 3 2 1408
0 0 3 5 0 3 4 6 0 3 3 14 3 2 0 3 1 0 1 1 0 0 0 0 0 0 1 1215
2 14 1 0 7 6 3 0 4 0 3 0 1 0 2 3 1 0 2 1 0 0 0 0 4 3 3 1367
0 0 0 2 0 0 4 1 3 3 3 4 0 3 3 14 1 0 1 1 0 0 0 0 0 1 3 1289
2 3 0 1 3 2 3 3 2 5 14 1 3 6 1 0 1 0 3 1 0 0 0 0 4 4 3 1408
0 4 14 3 5 4 6 3 3 8 2 4 0 4 2 3 1 0 1 1 0 0 0 0 1 0 0 1529
3 0 1 0 1 2 0 2 4 4 9 1 3 3 14 3 1 0 2 1 0 0 0 0 0 0 1 1508
0 0 4 1 3 3 14 5 2 2 3 9 0 0 2 2 1 0 3 1 0 0 0 0 4 1 1 1533
4 3 0 0 5 3 5 0 14 2 0 0 3 3 1 1 1 0 2 1 0 0 0 0 0 0 0 1371
0 3 0 4 0 4 5 3 3 14 3 5 0 3 6 0 1 0 1 1 0 0 0 0 3 4 3 1440
0 4 4 14 1 5 2 3 1 1 4 3 0 0 3 2 1 0 1 1 0 0 0 0 1 3 0 1335
0 8 14 5 2 4 4 3 0 6 1 2 0 0 7 3 1 0 1 1 0 0 0 0 2 2 2 1335
0 3 3 0 1 2 5 3 0 14 7 1 4 2 3 3 1 0 2 1 0 0 0 0 2 1 1 1302
2 3 4 0 14 9 1 2 8 7 6 3 1 5 3 0 1 0 1 1 0 0 0 0 2 3 4 1694
4 1 3 0 3 1 2 0 2 14 4 2 2 7 3 1 1 0 1 1 0 0 0 0 0 0 1 1408
0 4 3 1 3 2 1 1 2 6 3 6 3 9 14 3 1 0 2 1 0 0 0 0 2 2 2 1361
3 9 7 4 1 14 3 3 4 1 3 2 3 2 0 0 1 0 1 1 0 0 0 0 1 2 1 1361
3 2 3 1 14 1 4 0 4 4 0 3 1 2 0 0 1 0 2 1 0 0 0 0 2 2 2 1206
3 6 4 1 0 8 14 1 0 2 5 3 1 3 0 3 3 1 8 0.33333333333333331 9 0.33333333333333331 10 0.33333333333333331 0 2 3 1298
3 0 1 2 4 1 4 1 6 14 6 5 2 2 3 7 1 0 1 1 0 0 0 0 2 3 4 1265
1 2 3 4 5 3 14 2 0 6 3 4 0 2 0 3 1 0 3 1 0 0 0 0 2 0 0 1404
2 0 0 0 3 4 2 0 1 9 4 2 14 7 4 1 1 0 1 1 0 0 0 0 1 1 1 1303
3 1 14 0 4 5 6 7 2 3 3 3 4 3 0 0 1 0 2 1 0 0 0 0 4 3 4 1415
0 0 0 1 1 0 2 0 8 5 3 3 2 3 5 14 1 0 3 1 0 0 0 0 0 0 0 1146
0 2 2 3 0 3 4 14 1 0 6 4 0 0 1 2 1 0 1 1 0 0 0 0 2 2 3 1300
0 0 0 6 0 3 4 2 7 7 6 4 0 1 3 14 1 0 1 1 0 0 0 0 2 3 2 1361
0 5 5 4 2 5 14 3 3 0 1 1 1 0 0 0 1 0 2 1 0 0 0 0 2 3 3 1219
4 3 1 0 14 1 1 0 2 3 1 0 4 3 2 2 3 1 4 0.33333333333333331 5 0.33333333333333331 6 0.33333333333333331 0 1 3 1601
2 3 14 4 2 3 5 4 0 0 1 4 0 3 0 0 1 0 2 1 0 0 0 0 3 1 3 1616
3 10 3 3 1 6 3 4 3 2 3 14 0 0 3 0 1 0 1 1 0 0 0 0 1 2 2 1308
0 1 8 4 0 8 14 1 2 7 6 4 2 5 3 3 1 0 3 1 0 0 0 0 4 4 3 1234
5 3 0 3 6 3 1 1 14 6 0 0 3 5 2 0 3 1 7 0.33333333333333331 8 0.33333333333333331 9 0.33333333333333331 1 2 1 1485
0 0 0 3 2 3 6 1 0 9 0 14 0 1 6 2 1 0 2 1 0 0 0 0 1 0 1 1481
4 4 5 1 2 14 2 0 4 1 6 3 1 4 0 0 1 0 3 1 0 0 0 0 0 1 1 1589
1 2 0 0 4 3 3 0 2 7 6 4 3 14 3 4 1 0 1 1 0 0 0 0 1 1 3 1480
1 14 3 3 1 7 5 0 3 2 2 2 4 0 1 0 1 0 3 1 0 0 0 0 0 0 1 1706
3 6 2 3 2 14 4 2 6 3 4 1 1 3 0 0 1 0 1 1 0 0 0 0 2 2 3 1441
0 0 1 3 0 5 1 2 1 6 14 5 2 1 8 2 1 0 3 1 0 0 0 0 1 2 3 1515
2 14 3 2 6 1 8 5 4 3 3 3 3 2 1 0 1 0 2 1 0 0 0 0 4 2 1 1473
3 3 7 3 0 6 5 14 0 4 5 4 0 1 6 4 1 0 1 1 0 0 0 0 2 4 3 1239
1 14 3 3 3 5 3 8 1 2 4 2 6 0 0 3 1 0 2 1 0 0 0 0 4 3 1 1342
3 9 7 4 7 14 3 3 3 3 3 0 2 0 0 3 1 0 1 1 0 0 0 0 3 3 3 1531
2 2 0 0 5 1 3 0 3 9 1 0 14 2 5 1 1 0 3 1 0 0 0 0 3 3 3 1530
1 3 5 4 2 0 0 14 3 1 3 4 0 0 4 3 1 0 1 1 0 0 0 0 1 3 2 1338
3 0 1 2 0 3 14 4 6 4 8 9 3 5 7 4 1 0 3 1 0 0 0 0 4 4 3 1318
1 3 14 1 0 2 3 5 0 2 3 2 0 3 1 3 1 0 2 1 0 0 0 0 4 3 4 1289
4 1 3 2 14 2 1 3 3 4 7 3 3 8 0 0 1 0 3 1 0 0 0 0 0 0 0 1431
4 3 0 0 14 0 3 0 7 5 7 0 6 5 2 3 1 0 1 1 0 0 0 0 2 2 0 1337
5 14 2 0 2 4 4 0 3 0 1 2 0 0 1 1 1 0 1 1 0 0 0 0 2 3 3 1344
4 0 2 0 1 1 3 0 14 3 4 0 4 2 3 1 1 0 2 1 0 0 0 0 2 2 2 1471
3 2 4 5 0 0 6 14 0 5 1 1 3 3 2 1 1 0 2 1 0 0 0 0 0 0 0 1142
0 0 2 0 0 2 3 0 1 5 6 3 3 4 14 3 1 0 1 1 0 0 0 0 1 1 1 1342
2 2 1 14 3 6 3 1 0 4 7 3 0 0 5 2 1 0 1 1 0 0 0 0 0 0 0 1401
4 2 2 14 0 5 3 3 1 1 2 1 0 3 0 2 1 0 1 1 0 0 0 0 3 3 4 1542
1 7 4 0 4 9 3 0 14 5 3 3 2 2 3 2 1 0 3 1 0 0 0 0 3 1 1 1300
3 2 4 2 6 5 1 3 14 3 0 0 4 2 1 0 1 0 1 1 0 0 0 0 0 0 2 1109
4 14 3 3 2 1 2 0 4 1 2 0 0 0 3 1 1 0 1 1 0 0 0 0 3 4 4 1595
3 2 3 1 2 3 8 3 3 14 1 0 8 4 3 0 1 0 2 1 0 0 0 0 3 2 1 1478
0 3 4 14 3 1 7 5 0 0 3 4 3 0 0 2 1 0 1 1 0 0 0 0 3 4 3 1320
3 5 4 0 14 7 5 2 0 0 2 0 8 0 3 0 1 0 3 1 0 0 0 0 4 2 3 1162
1 0 0 4 2 4 6 3 1 5 2 6 1 3 14 3 1 0 2 1 0 0 0 0 2 2 2 1409
5 2 3 3 1 6 14 4 2 1 5 1 0 3 2 8 1 0 2 1 0 0 0 0 1 0 1 1387
0 0 0 1 0 0 3 10 2 3 10 14 0 2 3 6 1 0 1 1 0 0 0 0 0 0 1 1542
0 1 11 4 0 3 0 14 2 0 1 4 0 0 3 4 1 0 2 1 0 0 0 0 0 0 2 1475
3 4 14 2 4 4 4 3 3 0 0 1 1 0 1 0 1 0 2 1 0 0 0 0 2 3 4 1553
0 1 0 0 3 2 14 3 3 5 7 3 2 0 1 5 1 0 2 1 0 0 0 0 4 3 4 1289
9 0 2 0 4 14 1 0 6 4 5 1 3 4 5 2 1 0 3 1 0 0 0 0 0 0 0 1256
0 0 2 0 4 1 3 0 8 3 0 2 14 1 3 0 1 0 2 1 0 0 0 0 1 0 0 1580
4 0 3 0 7 3 3 0 2 1 6 0 4 8 14 3 1 0 3 1 0 0 0 0 4 4 2 1409
4 4 8 1 14 6 1 0 3 5 2 4 3 4 2 0 1 0 3 1 0 0 0 0 4 4 3 1185
3 7 4 6 8 14 7 2 2 3 1 3 2 0 4 0 1 0 1 1 0 0 0 0 2 1 1 1319
2 3 0 1 0 9 5 3 5 8 4 1 4 4 14 4 1 0 2 1 0 0 0 0 0 0 0 1293
3 3 14 1 8 5 2 1 3 7 3 3 0 0 1 2 1 0 2 1 0 0 0 0 0 0 0 1492
3 14 1 3 2 8 4 3 2 0 1 0 3 0 3 3 1 0 2 1 0 0 0 0 2 1 2 1248
0 6 3 2 3 7 1 4 3 5 14 0 4 1 4 2 1 0 1 1 0 0 0 0 2 3 2 1462
0 0 0 3 3 2 3 1 0 3 2 14 1 4 6 4 1 0 1 1 0 0 0 0 3 4 2 1311
4 7 0 0 1 1 8 4 14 3 2 1 6 3 9 2 1 0 3 1 0 0 0 0 3 4 3 1167
2 5 14 3 3 7 6 2 1 1 2 2 0 3 1 0 1 0 2 1 0 0 0 0 2 0 2 1327
0 3 5 3 1 4 3 14 0 5 3 1 0 2 0 4 1 0 3 1 0 0 0 0 2 3 3 1447
3 2 5 3 0 1 9 14 0 1 2 4 3 4 3 3 1 0 3 1 0 0 0 0 4 4 2 1383
0 3 0 0 0 0 1 0 2 3 4 2 5 14 5 7 1 0 1 1 0 0 0 0 1 1 3 1224
3 14 9 5 1 6 2 3 8 0 3 1 5 0 2 3 1 0 3 1 0 0 0 0 3 3 2 1467
2 1 14 3 8 5 4 0 2 3 0 3 3 4 1 0 1 0 2 1 0 0 0 0 4 3 4 1352
1 14 2 3 6 2 4 0 7 3 1 0 2 0 0 0 1 0 1 1 0 0 0 0 3 3 2 1291
3 0 3 0 3 0 1 3 2 2 4 1 3 14 3 0 1 0 3 1 0 0 0 0 4 4 1 1383
3 1 2 2 7 3 1 0 5 14 3 5 9 0 6 0 1 0 3 1 0 0 0 0 3 3 3 1405
0 4 9 1 0 6 7 1 0 5 8 14 3 3 4 2 1 0 2 1 0 0 0 0 2 2 2 1599
3 0 1 0 2 5 4 4 9 3 1 14 0 0 1 1 1 0 2 1 0 0 0 0 0 2 0 1344
0 4 5 2 0 3 1 2 0 3 3 14 1 0 0 3 1 0 2 1 0 0 0 0 2 1 2 1354
2 3 0 3 1 4 6 8 0 3 14 2 0 2 3 3 1 0 1 1 0 0 0 0 2 1 1 1314
2 3 7 8 2 0 5 14 0 1 4 1 0 1 0 2 1 0 2 1 0 0 0 0 1 0 1 1337
3 4 0 0 3 7 5 1 2 14 0 0 4 5 2 1 1 0 3 1 0 0 0 0 0 0 1 1130
1 7 0 3 2 8 4 2 3 1 14 3 2 1 3 5 3 1 7 0.33333333333333331 8 0.33333333333333331 9 0.33333333333333331 3 3 4 1290
0 4 1 14 3 2 6 7 0 0 1 3 0 0 2 0 1 0 1 1 0 0 0 0 2 3 3 1460
0 0 2 1 1 5 6 3 0 3 8 14 6 4 3 1 1 0 3 1 0 0 0 0 0 2 1 1382
0 3 0 0 1 0 2 0 4 5 4 1 4 14 2 4 1 0 2 1 0 0 0 0 4 3 3 1293
0 0 0 1 3 5 2 3 0 5 14 4 8 3 6 1 1 0 1 1 0 0 0 0 2 4 4 1677
2 4 3 3 2 7 6 1 14 4 5 0 4 2 2 0 1 0 1 1 0 0 0 0 2 0 2 1435
3 0 3 3 0 2 3 4 0 14 6 3 0 6 3 5 1 0 1 1 0 0 0 0 1 1 0 1359
6 3 5 3 14 4 7 7 1 8 7 3 3 9 5 2 1 0 2 1 0 0 0 0 4 3 3 1672
2 5 14 3 2 5 6 0 3 6 3 3 1 0 0 1 1 0 3 1 0 0 0 0 4 4 3 1275
0 0 2 3 3 4 0 1 4 6 6 4 2 1 14 3 1 0 3 1 0 0 0 0 2 2 2 1319
3 1 3 14 1 5 9 10 2 2 5 7 0 4 1 3 1 0 1 1 0 0 0 0 1 3 0 1343
2 3 5 3 3 3 7 5 2 3 14 6 0 0 2 1 1 0 1 1 0 0 0 0 3 2 4 1305
1 3 14 5 0 6 3 10 3 3 0 3 0 5 1 2 1 0 3 1 0 0 0 0 0 1 0 1445
3 6 2 0 3 4 5 0 14 2 0 0 1 1 1 3 1 0 2 1 0 0 0 0 0 0 0 1270
2 5 1 0 4 6 4 2 14 4 0 0 1 3 0 3 1 0 2 1 0 0 0 0 4 3 4 1238
0 2 0 1 4 1 14 8 3 5 6 6 2 0 3 2 3 1 6 0.33333333333333331 7 0.33333333333333331 8 0.33333333333333331 2 1 2 1607
2 0 3 3 3 4 5 3 0 4 8 6 0 3 4 14 1 0 2 1 0 0 0 0 4 2 3 1427
2 0 1 2 6 1 3 0 2 3 0 0 14 5 0 0 1 0 1 1 0 0 0 0 0 0 1 1482
3 8 8 8 5 14 5 4 3 7 1 0 1 0 3 0 1 0 2 1 0 0 0 0 1 2 2 1417
3 4 8 1 3 6 14 4 3 4 4 9 3 2 0 1 1 0 2 1 0 0 0 0 0 0 0 1541
1 14 6 2 5 8 3 2 3 0 3 0 0 0 3 0 1 0 1 1 0 0 0 0 3 3 3 1478
0 0 0 3 0 0 2 3 3 1 3 0 2 4 5 14 1 0 2 1 0 0 0 0 2 0 1 1726
1 0 1 2 4 2 2 3 0 8 14 1 4 3 6 8 1 0 3 1 0 0 0 0 2 2 2 1392
0 0 1 1 2 1 2 14 5 2 5 4 2 4 1 3 1 0 2 1 0 0 0 0 3 2 4 1299
3 1 3 3 0 0 3 14 1 6 3 2 3 4 1 3 1 0 2 1 0 0 0 0 0 1 0 1445
2 5 1 1 2 6 1 14 4 6 3 1 2 7 2 4 1 0 3 1 0 0 0 0 1 1 1 1650
7 14 3 1 9 8 3 2 2 3 0 0 1 4 0 0 3 1 5 0.33333333333333331 6 0.33333333333333331 7 0.33333333333333331 1 1 0 1437
1 1 7 5 3 3 5 2 2 1 2 2 9 14 2 3 3 1 5 0.33333333333333331 6 0.33333333333333331 7 0.33333333333333331 2 0 0 1292
3 1 2 0 14 6 2 3 3 1 3 0 0 0 2 0 1 0 1 1 0 0 0 0 0 0 1 1408
4 14 5 3 1 5 7 3 2 0 0 0 0 0 1 0 1 0 2 1 0 0 0 0 2 2 2 1452
14 8 1 0 10 1 5 0 3 2 3 2 4 0 2 0 1 0 3 1 0 0 0 0 4 3 3 1501
3 4 14 3 5 4 9 6 9 4 2 3 3 1 0 5 1 0 1 1 0 0 0 0 1 2 3 1463
3 4 9 5 2 7 14 6 1 2 3 3 0 0 2 0 1 0 3 1 0 0 0 0 3 1 2 1286
6 6 14 3 1 2 1 2 3 4 1 0 0 0 0 2 1 0 1 1 0 0 0 0 1 2 1 1514
3 0 0 1 3 1 4 1 4 0 14 6 2 4 2 2 1 0 1 1 0 0 0 0 3 4 3 1101
1 1 3 6 14 1 2 0 2 2 4 5 3 3 0 2 1 0 2 1 0 0 0 0 4 2 4 1245
0 0 3 0 1 4 3 1 7 4 3 0 14 4 4 0 1 0 2 1 0 0 0 0 1 2 2 1368
1 0 4 0 4 2 2 0 3 14 3 0 3 1 1 2 1 0 1 1 0 0 0 0 3 4 4 1272
3 2 4 2 14 8 0 0 1 5 0 1 3 1 1 0 1 0 1 1 0 0 0 0 1 4 4 1389
0 1 7 0 2 6 4 0 4 7 2 1 3 4 14 3 3 1 7 0.33333333333333331 8 0.33333333333333331 9 0.33333333333333331 1 1 1 1357
4 1 2 2 5 1 0 3 1 10 4 2 3 1 14 3 1 0 1 1 0 0 0 0 0 2 2 1457
2 6 3 0 9 14 4 3 6 5 3 0 2 4 1 1 1 0 2 1 0 0 0 0 1 0 2 1447
2 0 1 0 4 7 4 2 7 14 9 2 2 8 3 3 1 0 3 1 0 0 0 0 3 0 1 1376
2 5 4 3 2 0 4 14 1 3 4 2 0 0 0 3 3 1 8 0.33333333333333331 9 0.33333333333333331 10 0.33333333333333331 2 0 2 1418
3 2 6 3 1 6 7 14 3 3 6 2 2 2 4 0 1 0 3 1 0 0 0 0 3 0 1 1506
0 3 2 3 3 14 4 5 0 8 3 9 3 1 6 3 1 0 1 1 0 0 0 0 3 4 3 1494
2 8 6 1 0 4 14 3 3 2 4 1 1 0 2 2 1 0 1 1 0 0 0 0 2 2 4 1550
2 0 3 0 1 5 7 0 1 5 14 0 0 2 5 6 1 0 3 1 0 0 0 0 0 0 0 1437
0 0 0 2 1 1 4 2 3 14 5 6 3 4 2 4 1 0 2 1 0 0 0 0 4 2 2 1584
2 1 14 4 3 7 1 5 0 0 3 5 0 0 1 7 1 0 3 1 0 0 0 0 0 2 2 1373
1 0 0 0 0 2 0 1 3 5 3 3 14 6 3 3 1 0 3 1 0 0 0 0 1 2 1 1357
0 1 4 2 0 0 3 14 2 3 4 3 0 0 4 2 1 0 1 1 0 0 0 0 1 0 0 1434
1 3 14 4 3 5 2 0 2 2 0 0 4 2 0 1 1 0 1 1 0 0 0 0 1 0 2 1347
0 4 5 3 0 8 5 0 0 14 1 1 3 2 0 2 1 0 3 1 0 0 0 0 2 2 1 1401
1 1 4 0 1 14 3 0 10 6 3 0 3 0 2 1 1 0 3 1 0 0 0 0 0 3 2 1434
0 2 0 0 4 1 1 2 4 14 7 1 6 2 3 4 1 0 1 1 0 0 0 0 3 4 4 1512
1 1 4 0 5 3 4 2 14 4 2 1 2 3 0 0 1 0 3 1 0 0 0 0 0 0 0 1427
2 3 3 3 3 1 14 9 9 5 4 3 4 8 0 2 1 0 2 1 0 0 0 0 3 1 3 1484
1 3 14 3 3 8 5 1 0 3 4 3 0 2 0 0 1 0 3 1 0 0 0 0 2 3 2 1283
3 1 4 0 10 14 9 2 3 6 1 5 3 4 2 3 1 0 2 1 0 0 0 0 2 1 2 1138
2 0 3 0 6 3 4 2 1 14 4 6 1 3 4 2 1 0 1 1 0 0 0 0 3 3 3 1429
2 0 2 0 1 0 3 0 0 14 1 1 4 4 4 0 1 0 2 1 0 0 0 0 2 2 4 1466
0 0 4 4 0 0 5 14 3 2 7 4 3 2 0 3 1 0 1 1 0 0 0 0 1 0 1 1434
1 1 3 14 2 3 4 4 0 3 3 1 0 0 2 0 1 0 3 1 0 0 0 0 1 2 1 1587
4 3 14 0 6 4 3 6 3 2 3 0 1 0 0 1 1 0 1 1 0 0 0 0 0 2 1 1190
3 1 4 3 3 0 4 14 2 2 3 1 0 3 7 9 1 0 3 1 0 0 0 0 3 3 1 1687
2 3 1 1 4 6 5 3 0 14 2 2 3 2 2 3 1 0 1 1 0 0 0 0 3 1 2 1377
9 6 2 3 14 7 0 0 8 2 6 3 1 9 5 4 1 0 3 1 0 0 0 0 1 0 1 1467
2 5 14 3 9 3 7 6 3 4 4 6 0 3 0 1 1 0 1 1 0 0 0 0 2 3 2 1419
4 1 1 3 2 14 2 3 3 8 6 3 2 6 8 2 3 1 8 0.33333333333333331 9 0.33333333333333331 10 0.33333333333333331 2 0 2 1514
4 9 3 2 2 14 0 0 3 6 7 2 3 1 1 0 1 0 1 1 0 0 0 0 0 0 0 1343
0 3 2 2 0 1 3 5 0 3 14 1 1 6 3 3 1 0 2 1 0 0 0 0 3 3 3 1450
5 3 8 3 2 1 2 14 0 1 3 8 5 1 3 2 1 0 2 1 0 0 0 0 3 2 4 1269
1 3 1 4 2 4 14 6 2 7 4 4 0 2 0 1 1 0 2 1 0 0 0 0 1 0 1 1374
2 3 10 14 0 0 7 5 2 1 3 7 0 0 2 1 1 0 3 1 0 0 0 0 1 0 0 1269
0 0 0 3 0 3 0 3 0 1 4 14 2 0 3 5 1 0 1 1 0 0 0 0 3 4 3 1382
2 2 14 1 4 4 4 4 0 0 2 1 0 0 3 3 1 0 1 1 0 0 0 0 2 2 3 1486
5 5 6 0 14 9 1 2 3 1 1 7 3 0 0 0 1 0 2 1 0 0 0 0 0 1 1 1531
9 3 6 2 14 7 3 0 4 3 0 3 3 1 3 2 1 0 3 1 0 0 0 0 4 3 2 1568
1 6 0 0 4 5 1 2 14 3 4 0 4 3 0 0 1 0 1 1 0 0 0 0 0 2 1 1551
4 4 6 14 1 3 5 1 2 3 1 2 3 0 0 0 1 0 3 1 0 0 0 0 0 1 1 1208
0 0 0 1 7 3 2 5 0 14 5 1 1 1 7 3 1 0 2 1 0 0 0 0 0 2 0 1455
3 7 3 6 1 14 3 0 2 9 6 3 8 0 2 3 1 0 2 1 0 0 0 0 3 1 3 1735
1 1 0 1 2 6 1 0 3 14 0 0 6 4 2 2 3 1 4 0.33333333333333331 5 0.33333333333333331 6 0.33333333333333331 0 1 3 1351
8 1 1 0 14 2 0 0 4 3 4 6 5 4 0 1 1 0 2 1 0 0 0 0 1 2 1 1471
2 4 14 4 0 0 3 3 0 1 3 4 0 0 1 0 1 0 2 1 0 0 0 0 0 0 1 1447
3 0 0 0 2 2 0 0 14 1 1 1 6 3 4 0 3 1 8 0.33333333333333331 9 0.33333333333333331 10 0.33333333333333331 0 1 1 1445
2 0 0 0 4 0 2 0 6 4 1 0 14 4 0 1 1 0 1 1 0 0 0 0 1 2 4 1540
0 0 3 4 2 3 3 14 0 0 1 5 0 3 5 3 1 0 2 1 0 0 0 0 1 0 1 1405
1 3 2 0 3 6 4 3 14 6 0 1 3 3 0 0 3 1 6 0.33333333333333331 7 0.33333333333333331 8 0.33333333333333331 2 3 1 1569
3 1 6 2 3 3 4 3 0 2 14 8 10 0 0 6 3 1 9 0.33333333333333331 10 0.33333333333333331 11 0.33333333333333331 3 2 2 1677
10 14 3 1 7 5 1 0 4 2 2 0 0 2 0 0 1 0 3 1 0 0 0 0 3 2 3 1292
1 14 4 2 1 5 4 7 3 4 6 2 3 0 0 0 1 0 3 1 0 0 0 0 2 2 1 1391
1 14 5 3 2 2 7 5 2 0 4 4 0 0 2 3 1 0 1 1 0 0 0 0 3 1 3 1467
1 5 3 2 3 6 5 4 14 5 0 0 3 5 2 1 1 0 3 1 0 0 0 0 3 3 3 1506
3 6 1 0 14 9 3 1 1 2 4 3 0 4 5 3 1 0 2 1 0 0 0 0 2 3 3 1314
1 3 3 0 14 2 0 0 3 1 3 3 4 0 1 0 1 0 3 1 0 0 0 0 1 3 2 1427
3 5 1 1 0 5 14 4 0 3 5 4 1 3 7 2 1 0 2 1 0 0 0 0 0 1 0 1108
2 6 2 5 4 1 3 2 0 1 14 9 0 0 7 3 3 1 5 0.33333333333333331 6 0.33333333333333331 7 0.33333333333333331 4 3 4 1390
3 0 3 0 2 14 8 0 4 5 4 4 1 3 1 2 1 0 2 1 0 0 0 0 4 3 3 1446
3 4 14 2 1 5 6 4 8 4 9 1 0 1 0 4 1 0 2 1 0 0 0 0 1 2 1 1185
0 0 2 0 3 14 1 4 4 7 4 2 2 4 1 3 1 0 1 1 0 0 0 0 3 3 4 1478
0 3 0 0 3 6 3 5 3 14 8 7 0 4 4 1 1 0 1 1 0 0 0 0 2 4 2 1439
3 2 14 1 2 6 3 3 3 4 0 1 0 0 3 4 1 0 1 1 0 0 0 0 3 4 3 1382
1 0 2 0 4 3 4 1 4 5 7 3 0 2 14 3 1 0 3 1 0 0 0 0 2 2 2 1297
3 4 4 3 4 7 14 7 2 4 2 3 1 0 0 0 1 0 3 1 0 0 0 0 1 0 0 1306
2 3 1 0 6 3 3 1 1 14 8 0 8 4 2 2 1 0 2 1 0 0 0 0 1 0 3 1668
14 4 2 0 7 1 3 4 4 0 0 1 2 0 0 0 1 0 3 1 0 0 0 0 3 3 3 1451
3 0 3 2 6 3 0 0 8 7 4 2 14 3 3 0 1 0 3 1 0 0 0 0 2 0 0 1329
2 0 0 6 2 3 0 0 3 14 3 1 4 1 4 1 1 0 3 1 0 0 0 0 1 2 2 1414
0 0 2 0 0 0 2 3 1 5 0 5 4 2 14 1 1 0 2 1 0 0 0 0 3 1 4 1706
1 3 14 3 7 8 0 8 3 3 3 1 2 6 3 0 3 1 7 0.33333333333333331 8 0.33333333333333331 9 0.33333333333333331 0 1 2 1348
0 3 1 0 2 0 6 2 7 3 1 3 3 14 3 4 1 0 2 1 0 0 0 0 4 3 3 1359
1 14 5 2 8 6 4 6 3 7 0 4 0 0 0 8 1 0 2 1 0 0 0 0 3 2 3 1210
3 1 8 2 2 1 4 3 0 6 9 3 0 3 14 3 1 0 1 1 0 0 0 0 2 3 4 1579
7 14 4 2 4 3 1 2 3 0 3 0 1 0 0 0 1 0 1 1 0 0 0 0 2 3 4 1664
4 14 6 3 0 6 4 0 3 1 1 0 0 2 0 0 1 0 1 1 0 0 0 0 1 3 2 1474
3 2 3 0 14 1 4 0 10 9 4 0 3 2 4 2 1 0 3 1 0 0 0 0 4 2 3 1378
0 0 1 0 2 0 3 0 4 3 1 3 1 14 5 2 1 0 3 1 0 0 0 0 1 2 2 1367
1 4 2 3 3 3 0 14 1 3 4 1 0 0 0 4 1 0 3 1 0 0 0 0 0 2 0 1381
2 3 0 0 14 9 4 0 7 4 8 4 3 5 4 1 1 0 1 1 0 0 0 0 0 1 2 1475
5 3 5 3 3 14 7 0 4 3 2 0 3 2 0 1 1 0 3 1 0 0 0 0 1 0 0 1523
3 7 3 2 14 3 0 0 5 3 7 0 4 7 3 0 1 0 1 1 0 0 0 0 2 2 4 1492
3 1 14 3 1 1 2 2 0 0 3 5 2 0 0 1 1 0 3 1 0 0 0 0 2 3 2 1398
3 1 14 3 0 4 7 1 0 5 3 0 0 2 0 2 3 1 8 0.33333333333333331 9 0.33333333333333331 10 0.33333333333333331 1 1 2 1304
4 3 6 3 14 7 2 0 9 4 2 0 4 3 0 1 1 0 1 1 0 0 0 0 2 2 3 1494
3 0 2 0 1 1 0 0 6 2 3 1 5 14 4 3 1 0 1 1 0 0 0 0 1 3 4 1346
2 4 14 0 1 1 3 1 2 5 3 2 0 1 2 0 1 0 3 1 0 0 0 0 0 0 1 1457
2 14 9 4 4 2 7 8 3 1 5 6 1 0 7 4 1 0 1 1 0 0 0 0 0 1 0 1309
0 0 0 3 0 3 0 4 0 2 5 2 1 3 1 14 1 0 3 1 0 0 0 0 0 0 0 1358
3 14 6 4 8 8 5 3 4 2 1 3 2 1 5 0 3 1 7 0.33333333333333331 8 0.33333333333333331 9 0.33333333333333331 3 3 2 1595
2 2 2 3 0 4 5 1 0 5 14 8 0 4 6 7 3 1 4 0.33333333333333331 5 0.33333333333333331 6 0.33333333333333331 3 1 3 1310
2 3 0 1 2 6 6 0 4 4 2 2 1 1 14 1 1 0 3 1 0 0 0 0 2 2 2 1186
3 1 3 4 0 3 6 14 0 3 5 2 0 1 0 0 1 0 3 1 0 0 0 0 2 3 1 1472
5 1 5 2 14 0 3 3 3 2 4 1 2 3 0 0 1 0 1 1 0 0 0 0 1 1 2 1499
0 3 3 4 0 0 5 14 1 0 4 4 0 0 1 0 1 0 1 1 0 0 0 0 1 4 4 1551
0 7 1 3 0 4 4 9 2 4 7 14 2 5 7 2 1 0 2 1 0 0 0 0 4 1 2 1203
14 3 7 0 2 3 6 2 7 4 9 1 1 3 0 0 1 0 1 1 0 0 0 0 2 3 4 1379
2 1 3 0 14 5 1 2 4 2 3 1 0 0 2 0 1 0 3 1 0 0 0 0 2 1 2 1608
8 5 4 3 14 3 0 0 8 2 5 3 4 0 1 1 1 0 2 1 0 0 0 0 0 0 1 1433
4 5 3 4 9 14 1 0 4 7 3 0 4 1 2 1 1 0 2 1 0 0 0 0 0 1 1 1405
0 0 1 0 2 2 0 0 3 3 3 4 9 5 14 4 3 1 9 0.33333333333333331 10 0.33333333333333331 11 0.33333333333333331 3 2 3 1497
0 2 0 0 0 0 0 3 4 2 4 3 1 6 14 3 1 0 3 1 0 0 0 0 2 1 1 1301
2 2 4 1 0 3 3 14 0 5 3 3 3 1 8 3 1 0 1 1 0 0 0 0 3 4 4 1371
9 0 1 0 3 1 3 0 14 5 2 1 4 8 2 0 1 0 3 1 0 0 0 0 0 1 0 1355
0 0 1 4 0 0 3 1 3 3 2 3 4 5 14 6 1 0 2 1 0 0 0 0 0 0 0 1439
3 0 3 0 4 0 3 7 2 6 4 2 4 14 7 3 1 0 1 1 0 0 0 0 2 1 3 1490
0 0 0 3 3 0 2 3 3 4 2 4 0 0 1 14 1 0 2 1 0 0 0 0 3 1 2 1293
0 1 8 4 4 6 3 2 2 3 14 1 0 3 0 4 3 1 6 0.33333333333333331 7 0.33333333333333331 8 0.33333333333333331 1 1 0 1477
5 3 1 3 14 2 0 0 4 3 0 0 3 0 2 2 1 0 2 1 0 0 0 0 4 1 3 1242
0 0 2 7 0 0 3 5 1 3 1 14 5 4 2 3 1 0 1 1 0 0 0 0 0 1 0 1208
3 1 2 0 14 8 0 1 5 4 3 0 4 2 4 2 1 0 3 1 0 0 0 0 1 0 2 1278
0 1 1 0 4 3 0 0 2 7 2 0 14 1 3 2 1 0 2 1 0 0 0 0 3 2 4 1379
0 1 0 0 0 5 2 2 3 1 3 14 0 0 3 3 1 0 3 1 0 0 0 0 4 4 3 1261
1 0 3 0 0 2 4 0 4 4 1 3 14 1 3 2 1 0 2 1 0 0 0 0 0 0 0 1377
2 2 0 14 0 2 3 1 0 4 3 1 0 5 7 3 1 0 3 1 0 0 0 0 1 0 1 1527
1 2 0 3 3 1 0 0 2 3 6 0 3 14 3 0 1 0 1 1 0 0 0 0 3 4 3 1395
0 2 0 3 3 3 0 5 3 4 5 8 0 1 14 2 3 1 4 0.33333333333333331 5 0.33333333333333331 6 0.33333333333333331 2 1 1 1121
2 5 3 0 14 3 3 3 4 5 4 3 3 3 0 0 1 0 1 1 0 0 0 0 1 1 1 1585
3 8 5 0 14 4 7 0 3 4 3 5 3 2 3 1 3 1 8 0.33333333333333331 9 0.33333333333333331 10 0.33333333333333331 0 0 0 1223
1 0 0 0 3 14 8 1 4 7 5 3 2 4 3 10 1 0 2 1 0 0 0 0 3 3 4 1403
0 2 0 0 1 2 4 2 4 6 8 3 4 7 14 4 1 0 1 1 0 0 0 0 3 2 4 1357
2 8 14 1 2 3 0 9 5 0 3 1 0 0 1 0 1 0 2 1 0 0 0 0 3 3 4 1275
0 0 0 2 1 3 0 0 14 3 5 2 3 5 2 0 1 0 1 1 0 0 0 0 2 1 3 1342
5 14 3 3 7 5 4 0 4 0 3 0 0 3 0 0 1 0 2 1 0 0 0 0 2 1 0 1475
3 3 0 4 0 1 3 2 4 3 14 5 1 5 4 4 1 0 2 1 0 0 0 0 2 2 2 1361
1 3 3 0 0 7 5 3 0 14 7 5 0 0 4 2 1 0 1 1 0 0 0 0 3 4 4 1447
0 1 5 2 6 2 3 1 3 0 8 14 0 0 3 3 1 0 2 1 0 0 0 0 4 3 4 1569
0 1 0 4 2 3 2 3 0 2 14 7 3 1 1 4 1 0 3 1 0 0 0 0 3 3 2 1465
2 2 3 1 0 4 14 4 1 6 3 7 0 1 4 3 1 0 3 1 0 0 0 0 1 2 0 1458
2 5 4 0 14 8 2 0 4 3 5 3 1 1 3 1 1 0 2 1 0 0 0 0 3 3 1 1427
9 14 3 3 3 4 8 1 6 8 2 0 1 0 0 1 1 0 2 1 0 0 0 0 1 2 3 1349
3 1 4 2 0 0 3 3 0 2 8 4 0 14 6 4 1 0 3 1 0 0 0 0 1 0 0 1547
3 1 6 14 3 4 3 2 1 2 6 2 1 0 2 0 1 0 3 1 0 0 0 0 1 0 2 1478
1 14 4 2 1 7 7 3 8 3 4 10 0 3 0 2 1 0 1 1 0 0 0 0 3 4 3 1417
1 3 2 3 14 6 1 3 3 4 3 4 1 2 3 0 1 0 2 1 0 0 0 0 0 0 1 1617
3 4 0 2 2 1 2 3 7 8 5 2 3 1 14 3 1 0 1 1 0 0 0 0 3 2 2 1418
1 0 0 0 5 1 0 0 14 4 3 1 3 4 3 2 1 0 3 1 0 0 0 0 1 3 2 1379
4 3 2 0 1 3 2 0 4 3 3 1 1 14 2 0 1 0 2 1 0 0 0 0 4 3 3 1314
3 3 0 0 5 3 0 0 2 1 3 1 5 14 3 1 1 0 2 1 0 0 0 0 0 1 0 1358
3 6 2 4 3 4 8 14 1 3 5 4 0 2 1 0 1 0 1 1 0 0 0 0 3 4 3 1583
0 4 5 1 0 9 3 3 1 2 14 4 0 4 10 3 1 0 2 1 0 0 0 0 2 2 1 1611
0 1 0 3 4 7 3 3 6 6 3 7 14 4 6 0 1 0 2 1 0 0 0 0 3 3 2 1303
0 0 0 1 3 3 2 4 0 1 14 2 5 3 3 4 1 0 1 1 0 0 0 0 1 2 2 1305
0 0 2 3 5 3 1 7 0 9 3 3 1 1 4 14 1 0 3 1 0 0 0 0 1 3 1 1310
7 4 2 5 7 3 2 14 0 4 1 6 0 0 2 4 1 0 1 1 0 0 0 0 2 1 1 1468
3 0 6 10 0 3 9 7 1 14 5 3 2 2 3 5 1 0 1 1 0 0 0 0 3 3 3 1606
8 6 4 3 4 5 4 0 2 14 3 1 5 3 7 8 1 0 1 1 0 0 0 0 3 4 4 1301
1 0 0 0 5 0 0 0 14 3 1 0 9 6 3 3 1 0 3 1 0 0 0 0 2 4 0 1305
0 0 2 0 0 1 5 4 2 1 14 8 0 8 3 3 1 0 3 1 0 0 0 0 0 0 1 1472
2 0 3 1 1 5 6 4 0 5 14 3 0 4 9 2 1 0 3 1 0 0 0 0 4 4 3 1477
3 5 14 6 2 0 4 4 0 0 3 1 0 0 2 5 1 0 1 1 0 0 0 0 0 0 0 1356
2 3 8 3 6 4 14 1 5 7 5 1 2 3 0 3 3 1 5 0.33333333333333331 6 0.33333333333333331 7 0.33333333333333331 2 2 0 1708
2 0 1 4 0 3 6 7 0 2 4 8 0 4 1 14 1 0 3 1 0 0 0 0 0 0 0 1249
0 5 4 1 3 6 4 2 0 14 7 3 6 1 1 2 1 0 1 1 0 0 0 0 2 4 4 1693
0 4 1 4 3 2 5 14 0 7 5 3 0 0 2 1 1 0 1 1 0 0 0 0 3 4 4 1285
2 1 0 0 4 1 1 0 3 2 5 0 1 14 2 7 1 0 3 1 0 0 0 0 3 4 3 1540
14 3 2 0 3 7 2 0 3 1 3 1 0 3 0 3 1 0 2 1 0 0 0 0 4 3 2 1522
1 3 7 3 0 3 6 14 0 3 4 9 0 1 8 2 1 0 3 1 0 0 0 0 0 1 1 1562
4 14 8 3 7 1 1 3 2 5 2 0 1 0 0 0 1 0 2 1 0 0 0 0 1 1 0 1174
14 3 6 4 3 8 4 2 1 9 6 1 0 8 3 9 1 0 3 1 0 0 0 0 3 4 3 1542
3 4 7 14 0 3 3 3 0 5 3 0 0 0 0 2 1 0 1 1 0 0 0 0 3 3 3 1395
0 0 3 0 4 1 4 3 8 7 4 0 1 14 2 1 1 0 1 1 0 0 0 0 1 4 1 1360
2 3 14 1 1 6 2 3 8 3 3 0 4 0 1 0 1 0 2 1 0 0 0 0 2 2 3 1625
0 2 3 2 1 6 2 2 0 5 1 14 1 0 5 1 1 0 3 1 0 0 0 0 3 3 3 1422
3 4 14 7 0 3 3 4 1 2 0 3 0 0 3 0 1 0 2 1 0 0 0 0 1 0 1 1354
2 0 0 3 2 5 2 5 1 4 1 8 3 9 14 2 1 0 3 1 0 0 0 0 4 2 3 1251
0 3 0 3 0 4 3 1 1 4 3 8 3 6 14 2 1 0 1 1 0 0 0 0 2 4 2 1753
1 3 0 2 8 1 3 1 3 14 8 0 4 5 7 2 3 1 4 0.33333333333333331 5 0.33333333333333331 6 0.33333333333333331 0 1 2 1252
0 3 5 3 1 14 7 8 0 7 1 4 0 4 5 3 1 0 2 1 0 0 0 0 2 3 3 1404
2 4 2 3 0 9 14 1 3 6 6 3 1 3 0 2 3 1 7 0.33333333333333331 8 0.33333333333333331 9 0.33333333333333331 3 2 1 1376
0 0 3 4 2 0 3 14 0 3 5 5 0 0 1 3 1 0 3 1 0 0 0 0 0 0 0 1518
0 1 0 0 0 4 14 4 3 7 6 4 2 1 8 5 1 0 3 1 0 0 0 0 0 1 0 1445
0 3 4 1 0 1 14 8 4 7 2 6 2 1 2 4 1 0 2 1 0 0 0 0 4 3 4 1522
3 1 14 3 0 5 1 5 0 4 2 2 0 3 1 0 1 0 3 1 0 0 0 0 0 1 1 1420
3 7 5 2 5 14 2 4 4 5 4 0 0 0 0 2 1 0 1 1 0 0 0 0 2 0 2 1410
0 2 3 0 2 4 3 1 3 6 14 0 1 4 1 3 1 0 2 1 0 0 0 0 1 1 2 1611
1 2 14 0 0 4 3 5 0 1 1 3 0 3 0 2 1 0 2 1 0 0 0 0 2 2 2 1480
4 9 6 1 6 14 5 3 4 0 2 1 3 3 2 0 1 0 3 1 0 0 0 0 4 4 2 1333
3 4 1 14 2 4 3 4 0 0 0 4 0 0 0 3 1 0 2 1 0 0 0 0 4 3 2 1543
1 3 0 0 2 1 0 0 5 3 3 0 14 2 3 2 3 1 8 0.33333333333333331 9 0.33333333333333331 10 0.33333333333333331 4 3 4 1593
3 14 2 4 1 3 5 4 0 4 3 1 0 2 0 0 1 0 2 1 0 0 0 0 3 2 4 1546
1 1 14 1 3 2 9 3 0 0 4 3 0 3 2 4 1 0 1 1 0 0 0 0 1 3 3 1524
8 7 14 3 2 4 4 5 3 1 2 4 0 0 1 3 1 0 2 1 0 0 0 0 1 0 0 1356
0 3 0 2 2 1 6 4 0 3 3 14 0 3 1 4 1 0 3 1 0 0 0 0 1 1 0 1663
0 2 2 2 1 3 5 6 1 1 3 14 0 1 0 2 1 0 3 1 0 0 0 0 2 2 3 1438
3 1 3 4 2 14 5 7 0 8 8 9 8 0 10 3 1 0 3 1 0 0 0 0 1 1 2 1527
1 14 2 1 4 4 4 2 1 3 3 2 1 2 2 0 1 0 2 1 0 0 0 0 4 2 4 1619
2 7 1 3 14 3 3 0 3 1 3 2 1 2 0 0 1 0 1 1 0 0 0 0 2 3 1 1418
2 1 1 2 0 4 14 7 5 4 2 4 0 0 2 0 1 0 2 1 0 0 0 0 4 1 4 1514
0 0 3 0 1 2 5 7 4 7 14 2 4 5 1 0 1 0 3 1 0 0 0 0 3 3 1 1056
3 1 4 0 3 14 6 0 9 5 4 0 4 9 2 3 1 0 2 1 0 0 0 0 3 2 3 1612
8 9 1 3 5 14 6 2 3 8 6 4 1 4 2 0 1 0 2 1 0 0 0 0 2 1 4 1387
2 0 4 1 3 1 6 2 14 5 4 0 3 5 9 2 1 0 2 1 0 0 0 0 2 0 4 1311
0 4 2 5 3 2 7 14 3 9 4 6 0 0 1 3 1 0 1 1 0 0 0 0 1 1 0 1543
2 0 1 0 14 1 2 0 7 8 4 3 4 4 3 3 1 0 1 1 0 0 0 0 0 1 0 1341
3 0 0 0 0 0 4 1 0 5 14 4 1 5 8 4 1 0 1 1 0 0 0 0 1 4 3 1494
5 6 2 3 2 1 14 1 4 9 3 2 0 1 3 6 1 0 1 1 0 0 0 0 2 3 3 1163
0 0 5 3 0 0 8 3 2 3 4 14 0 0 1 6 1 0 1 1 0 0 0 0 2 3 3 1476
1 0 0 1 0 3 0 1 3 4 5 5 4 2 14 2 1 0 2 1 0 0 0 0 2 2 3 1450
2 4 1 3 3 4 1 0 14 3 0 1 3 1 0 0 3 1 4 0.33333333333333331 5 0.33333333333333331 6 0.33333333333333331 1 4 3 1525
1 6 3 5 0 1 5 14 3 0 2 4 0 0 3 3 1 0 3 1 0 0 0 0 0 1 1 1425
0 1 5 2 4 1 6 3 1 2 14 7 0 3 4 4 1 0 2 1 0 0 0 0 0 0 1 1362
2 3 5 3 0 3 14 2 2 3 5 1 0 3 1 3 1 0 3 1 0 0 0 0 4 3 3 1451
0 4 14 5 3 1 4 6 0 1 2 0 0 0 2 2 1 0 1 1 0 0 0 0 0 0 0 1521
3 0 0 4 2 0 1 2 0 4 4 6 3 2 14 1 1 0 3 1 0 0 0 0 1 0 0 1523
7 3 14 1 3 2 2 1 0 0 3 5 0 0 3 6 1 0 3 1 0 0 0 0 1 1 0 1118
0 0 3 0 0 2 1 4 1 4 5 10 4 2 14 1 1 0 1 1 0 0 0 0 2 4 3 1558
3 0 0 0 2 14 3 2 5 6 9 7 3 7 3 0 1 0 3 1 0 0 0 0 2 0 1 1384
0 3 14 1 2 6 8 5 4 3 6 4 2 0 0 4 1 0 3 1 0 0 0 0 2 1 0 1370
0 0 0 2 3 3 1 1 6 5 1 0 3 14 4 3 1 0 2 1 0 0 0 0 1 2 4 1397
3 8 4 5 3 14 4 0 3 5 3 0 0 2 0 3 1 0 1 1 0 0 0 0 3 3 3 1484
0 1 5 2 0 1 4 14 2 0 3 3 0 3 0 0 1 0 3 1 0 0 0 0 4 4 2 1391
2 2 1 0 2 3 2 0 14 3 0 3 3 6 4 1 1 0 1 1 0 0 0 0 2 1 3 1373
0 1 1 0 0 3 5 2 3 3 4 4 0 4 1 14 1 0 2 1 0 0 0 0 2 3 2 1396
4 14 6 3 1 3 1 3 3 2 4 0 6 2 0 0 1 0 1 1 0 0 0 0 3 4 4 1464
3 5 3 2 3 14 6 3 4 4 1 0 2 3 1 0 1 0 3 1 0 0 0 0 4 4 2 1512
0 2 5 1 0 3 3 14 1 3 5 3 0 0 3 3 3 1 7 0.33333333333333331 8 0.33333333333333331 9 0.33333333333333331 3 4 3 1422
1 6 0 0 3 8 14 2 3 4 3 10 3 2 1 3 1 0 2 1 0 0 0 0 2 1 3 1326
2 3 1 1 3 4 6 4 4 14 3 0 2 0 2 3 1 0 1 1 0 0 0 0 0 0 1 1355
1 3 2 3 0 3 5 14 0 2 4 3 2 3 0 1 3 1 8 0.33333333333333331 9 0.33333333333333331 10 0.33333333333333331 4 3 3 1389
9 3 3 3 14 3 5 0 3 10 4 3 1 2 0 0 1 0 3 1 0 0 0 0 0 0 0 1629
0 3 0 0 3 8 3 4 3 14 4 0 3 3 7 3 1 0 2 1 0 0 0 0 4 3 3 1258
0 1 14 3 2 3 1 5 7 3 3 2 2 0 0 0 1 0 3 1 0 0 0 0 4 3 3 1517
14 4 2 2 7 7 3 0 3 3 0 1 0 0 0 3 1 0 1 1 0 0 0 0 1 1 1 1322
0 3 2 0 1 7 0 0 3 4 4 4 2 3 14 4 1 0 3 1 0 0 0 0 3 2 2 1457
3 2 3 5 8 14 7 0 4 4 6 3 0 2 1 0 1 0 1 1 0 0 0 0 3 3 2 1417
2 2 4 14 3 4 4 3 3 1 3 0 0 1 0 2 1 0 1 1 0 0 0 0 2 2 3 1601
4 8 4 0 2 3 2 0 14 7 2 1 4 8 0 0 1 0 1 1 0 0 0 0 1 0 0 1487
0 0 2 4 2 0 0 6 2 1 6 3 3 14 3 2 1 0 1 1 0 0 0 0 2 0 3 1553
4 14 2 3 1 3 5 1 0 0 2 6 2 0 0 1 1 0 3 1 0 0 0 0 2 2 2 1551
4 14 1 4 3 4 6 7 0 3 6 2 0 2 0 0 1 0 2 1 0 0 0 0 3 1 0 1544
0 2 8 3 0 4 9 0 2 1 1 6 4 3 5 14 1 0 2 1 0 0 0 0 4 3 4 1655
0 1 4 0 4 2 2 3 0 0 3 4 2 1 1 14 1 0 2 1 0 0 0 0 3 2 4 1616
3 0 0 0 4 2 2 3 14 2 0 1 3 1 1 0 1 0 1 1 0 0 0 0 0 1 3 1435
2 3 4 3 0 2 14 4 6 1 5 7 1 3 4 5 1 0 3 1 0 0 0 0 3 3 1 1495
3 5 8 4 1 3 3 14 2 6 1 1 0 3 0 3 1 0 2 1 0 0 0 0 0 1 0 1229
3 14 2 4 9 9 4 4 3 8 6 0 1 0 2 2 1 0 1 1 0 0 0 0 2 1 2 1568
3 0 2 0 6 9 3 3 5 7 2 1 6 14 9 3 1 0 1 1 0 0 0 0 1 1 3 1542
5 9 0 0 3 14 5 9 6 4 4 3 7 1 2 2 1 0 1 1 0 0 0 0 0 0 0 1303
1 4 0 1 9 5 8 0 2 14 4 0 3 2 7 4 1 0 2 1 0 0 0 0 1 0 0 1281
3 4 14 1 3 6 8 3 0 2 1 5 2 3 0 0 1 0 3 1 0 0 0 0 1 1 2 1311
4 3 7 4 2 5 14 2 0 1 3 3 0 3 1 0 1 0 3 1 0 0 0 0 2 2 1 1605
1 3 2 3 3 0 3 4 0 0 5 14 0 0 0 3 1 0 1 1 0 0 0 0 0 1 1 1336
3 0 1 0 1 3 3 2 5 14 2 4 2 3 3 3 1 0 2 1 0 0 0 0 2 0 2 1383
0 5 5 2 2 1 3 14 4 1 9 6 0 0 2 1 1 0 3 1 0 0 0 0 1 1 2 1656
0 0 2 0 1 3 2 0 9 6 2 1 14 5 4 3 1 0 3 1 0 0 0 0 3 2 2 1636
3 2 3 0 14 8 1 1 4 3 2 2 0 2 3 0 1 0 1 1 0 0 0 0 2 1 3 1242
1 3 2 7 3 1 14 5 0 5 4 1 0 2 2 0 1 0 2 1 0 0 0 0 1 0 2 1391
0 2 3 0 1 2 5 2 0 3 14 3 0 1 7 5 1 0 1 1 0 0 0 0 2 2 2 1230
6 10 4 3 1 2 14 3 3 1 4 1 0 0 2 0 1 0 2 1 0 0 0 0 0 0 0 1459
2 2 1 4 0 0 5 14 3 4 1 8 2 2 9 3 1 0 1 1 0 0 0 0 2 1 1 1255
3 14 2 3 2 6 3 4 3 1 4 1 3 0 1 3 1 0 3 1 0 0 0 0 2 3 0 1346
5 2 1 0 14 3 3 2 2 4 4 0 4 1 0 0 1 0 2 1 0 0 0 0 4 2 4 1667
1 14 2 4 3 6 4 4 1 0 2 5 3 3 3 0 1 0 1 1 0 0 0 0 0 1 1 1433
