0 0 1 1 77301.81247109601 2 4 6 0 4 5 3 0 4 11 2 0 0 3 0 0
0 1 1 1 78319.73479409891 0 2 4 6 0 4 5 3 0 4 11 2 0 0 0 3
0 2 1 1 77827.32478111042 2 4 6 1 5 5 2 0 0 11 2 0 0 0 3 0
0 3 1 1 77727.75955285394 0 0 6 0 2 4 2 0 4 5 2 1 4 11 3 0
1 0 1 1 79939.1432412409 1 3 3 0 3 3 3 0 8 7 7 0 6 9 11 3
1 1 1 1 79846.7256879345 0 1 3 3 0 3 3 3 0 8 7 7 6 9 11 3
2 0 1 1 57433.720116800345 3 2 1 0 2 5 0 0 8 9 7 3 3 10 11 3
2 1 1 1 61423.5038261544 0 0 3 3 0 2 4 4 8 9 7 3 3 10 11 3
2 2 1 1 59520.84069320133 2 3 2 1 8 4 4 3 3 9 7 3 0 10 11 0
2 3 1 1 56179.434486520404 0 3 2 0 2 4 4 1 8 9 7 0 3 10 11 4
3 0 1 0 79511.6671152448 2 3 0 0 3 6 11 0 2 6 3 0 1 4 3 0
3 1 1 0 79058.12755241111 0 2 2 1 0 3 6 11 0 2 6 3 0 1 3 4
3 2 1 0 79426.55389924676 2 2 1 0 3 7 11 0 3 3 4 3 0 0 0 0
3 3 1 0 78741.33686623005 0 0 0 0 2 2 1 0 3 7 11 0 3 3 4 3
4 0 1 0 91195.95046120296 2 2 2 0 4 1 0 0 9 7 3 1 10 11 7 5
4 1 1 0 92330.1248407061 0 2 2 2 0 4 1 0 9 7 3 1 10 11 7 5
4 2 1 0 79906.07313600216 2 1 2 2 4 7 3 1 9 11 7 5 10 0 0 0
4 3 1 0 92184.87299023583 2 0 0 0 4 1 2 2 9 7 3 1 10 11 7 5
5 0 1 0 33810.68039567007 1 5 3 0 2 9 1 3 5 10 8 4 7 3 11 6
5 1 1 0 31186.098644556638 0 1 5 3 2 9 1 3 5 10 8 4 7 3 11 6
5 2 1 0 33714.22151920533 3 4 4 4 5 9 1 4 7 10 8 6 0 3 11 0
5 3 1 0 35548.77614917625 0 4 4 0 3 9 1 4 5 10 8 4 7 3 11 6
6 0 1 0 81607.78601263491 11 5 1 0 4 5 4 0 1 4 0 0 3 2 0 0
6 1 1 0 82412.80508553905 0 11 5 1 0 4 5 4 0 1 4 0 0 3 2 0
6 2 1 0 81640.38176156083 11 6 1 3 4 4 3 0 1 2 0 0 3 0 0 0
6 3 1 0 82039.01465275476 11 0 0 0 4 6 1 0 1 4 3 3 3 2 0 0
7 0 1 0 82689.84313247594 3 11 9 0 4 8 8 0 3 4 5 3 4 1 2 0
7 1 1 0 88078.01701762689 0 3 11 9 0 4 8 8 3 4 5 3 0 0 4 3
7 2 1 0 86100.12074534097 3 7 11 9 4 4 7 8 3 4 5 3 0 0 1 2
7 3 1 0 85226.97500188918 0 0 11 9 3 0 7 8 4 7 5 3 3 5 1 2
8 0 1 0 73617.45990733619 4 6 11 10 1 5 6 8 2 8 5 2 2 3 3 0
8 1 1 0 76350.92233687834 4 6 11 10 1 5 6 8 2 8 5 2 0 2 0 4
8 2 1 0 78695.35454611309 4 6 11 10 3 5 6 8 2 8 5 2 0 0 3 3
8 3 1 0 71279.46615205429 0 0 11 10 4 6 6 8 3 5 5 2 2 8 3 3
9 0 1 0 54362.216327607064 2 2 11 10 6 8 8 0 7 8 4 6 4 4 1 0
9 1 1 0 78902.56856242586 2 2 11 10 0 0 6 9 7 8 4 6 0 0 5 1
9 2 1 0 78574.09754498344 2 2 11 10 7 6 8 8 0 8 5 6 0 4 0 1
9 3 1 0 54843.430224721866 0 2 0 10 2 6 11 8 0 8 8 6 7 4 5 1
10 0 1 0 80636.67420284466 3 6 0 0 6 4 2 0 11 4 2 0 6 1 1 0
10 1 1 0 78697.36758305924 0 3 6 0 0 6 4 2 0 11 4 2 0 6 1 1
10 2 1 0 79912.57189668927 3 6 4 2 5 5 3 2 11 3 0 1 6 1 0 0
10 3 1 0 79029.83719159232 3 6 0 0 5 5 0 0 11 3 4 2 6 1 3 3
11 0 1 0 86493.47533127866 10 6 4 3 11 7 4 1 5 4 0 0 4 2 0 0
11 1 1 0 86622.65154027237 10 6 4 3 11 7 4 1 0 5 3 3 0 4 0 2
11 2 1 0 85672.66846650688 10 6 5 3 11 7 3 1 5 3 2 0 4 0 0 0
11 3 1 0 82811.05764279504 10 0 0 0 11 6 5 3 5 7 3 1 4 3 2 0
12 0 1 0 71058.54765023643 10 8 3 1 11 5 3 0 2 3 7 8 3 3 3 0
12 1 1 0 61904.8624049777 10 8 3 1 0 11 5 3 2 3 7 8 0 3 3 3
12 2 1 0 69575.30145913467 10 8 4 1 11 5 7 8 2 3 1 3 3 2 0 0
12 3 1 0 73823.28074290215 10 8 0 0 11 5 4 1 2 3 7 8 3 2 1 3
13 0 1 0 89519.78864997983 4 4 1 0 6 5 0 0 11 6 5 2 10 7 5 4
13 1 1 0 90251.83248911054 0 4 4 1 0 6 5 0 11 6 5 2 10 7 5 4
13 2 1 0 88475.480061195 4 3 3 1 6 5 5 2 11 6 5 4 10 7 0 0
13 3 1 0 89288.94871270316 4 3 0 0 6 5 3 1 11 6 0 2 10 7 6 4
15 0 1 0 88830.62093765016 10 6 5 2 11 5 0 0 5 4 3 0 3 2 0 0
15 1 1 0 83510.56326585404 10 6 5 2 0 11 5 0 0 5 3 4 0 3 2 0
15 2 1 0 88697.95619601294 10 6 5 2 11 5 3 3 5 3 0 0 3 2 0 0
15 3 1 0 88362.57603103394 10 6 0 0 11 5 5 2 5 3 0 0 3 2 3 3
16 0 1 0 77174.44103311186 10 8 6 1 11 7 2 2 3 8 3 0 2 3 1 0
16 1 1 0 74133.21062912713 10 8 6 1 11 7 2 2 0 3 8 3 0 2 3 1
16 2 1 0 79387.92197254725 10 8 6 3 11 7 2 3 3 8 0 1 2 3 0 0
16 3 1 0 76243.08902801634 10 8 0 0 11 7 6 3 3 8 2 3 2 3 0 1
17 2 1 0 54725.4916145277 10 9 5 1 11 1 8 5 8 4 4 4 3 2 0 2
17 3 1 0 44326.61988843068 10 9 0 1 11 1 5 5 8 4 8 4 3 2 4 2
18 1 1 0 70950.98244958745 0 2 2 3 2 6 5 1 1 7 3 2 11 6 4 1
18 2 1 0 69703.31558665057 2 2 3 1 3 6 5 2 11 7 3 1 0 6 4 0
18 3 1 0 72082.66551773912 0 2 3 0 2 6 5 0 3 7 3 1 11 6 4 3
19 0 1 0 80303.35688078028 3 2 3 0 4 3 5 0 4 7 6 0 2 6 11 9
19 1 1 0 86141.67301043554 0 3 2 3 0 3 4 5 0 4 7 6 2 6 11 9
19 2 1 0 81717.54908723678 4 3 2 3 0 4 3 5 2 6 7 6 0 0 11 9
19 3 1 0 85452.48935368854 0 0 2 3 3 3 3 5 3 4 7 6 2 6 11 9
20 0 1 0 82919.87831195649 1 1 3 0 1 6 6 0 3 5 6 8 3 7 11 9
20 1 1 0 86046.43969486174 0 1 1 3 0 1 6 6 3 5 6 8 3 7 11 9
20 2 1 0 81151.9820681148 1 5 1 3 1 5 5 6 4 7 6 8 0 0 11 9
20 3 1 0 88919.31135327625 0 0 1 3 1 0 5 6 1 6 6 8 4 7 11 9
21 0 1 1 89640.68399503193 4 0 2 0 6 4 1 0 11 6 4 0 10 8 6 4
21 1 1 1 82990.32961513208 0 3 3 2 0 6 4 1 0 11 6 4 10 8 6 4
21 2 1 1 89810.03096217403 3 3 0 3 6 4 0 4 11 6 6 4 10 8 0 0
21 3 1 1 89824.26594370684 3 3 0 0 6 4 0 2 11 6 0 1 10 8 6 5
22 1 1 1 70525.4787467615 0 3 4 3 3 5 3 2 11 6 1 3 0 10 9 2
22 2 1 1 81139.59531370304 4 4 4 2 11 5 1 3 10 6 2 0 0 9 0 0
22 3 1 1 85090.88503661931 0 4 0 0 4 5 3 0 11 6 3 2 10 9 3 3
23 0 1 0 81218.35445632442 1 3 0 0 2 2 4 5 4 6 7 0 4 6 11 9
23 1 1 0 86157.45948922292 0 0 1 3 2 2 4 5 0 4 6 7 4 6 11 9
23 2 1 0 81355.18610794682 2 3 3 5 3 3 4 7 4 6 6 9 0 0 11 0
23 3 1 0 86812.00733325291 0 0 3 0 2 3 4 5 3 3 6 7 4 6 11 9
25 0 1 0 64282.49602539197 2 2 1 0 3 5 8 0 3 8 5 4 4 5 11 10
25 1 1 0 66355.20468121614 0 0 2 3 0 3 5 8 3 8 5 4 4 5 11 10
25 2 1 0 51658.430898379134 1 2 2 1 3 2 6 8 4 8 11 4 0 5 0 10
25 3 1 0 67906.96511714421 0 2 0 1 1 2 2 8 3 8 6 4 4 5 11 10
26 0 1 0 74790.40983909374 4 11 3 6 2 3 3 0 3 1 5 0 0 7 1 0
26 1 1 0 73864.16674171099 4 11 3 6 0 2 3 3 0 3 1 5 0 0 7 1
26 2 1 0 76258.13001606957 4 11 3 6 2 3 2 1 3 1 5 1 0 0 7 0
26 3 1 0 66878.77119165551 0 0 3 0 4 11 2 6 2 3 5 1 3 1 7 1
27 0 1 0 77196.05146743433 6 11 6 7 6 7 3 0 5 2 0 0 3 0 1 0
27 1 1 0 76842.05989634524 6 11 6 7 0 6 7 3 0 4 4 2 0 2 1 1
27 2 1 0 76825.00591476244 7 11 6 7 4 7 3 0 2 4 2 1 0 1 0 0
27 3 1 0 77094.72761502845 0 11 0 0 7 7 6 7 4 4 3 0 2 1 2 1
28 0 1 0 80974.3775390867 10 11 3 2 4 6 7 1 6 4 2 0 3 4 3 0
28 1 1 0 72316.12472917995 10 11 3 2 4 6 7 1 0 6 4 2 0 3 4 3
28 2 1 0 74656.12747490835 10 11 3 3 4 7 7 2 3 4 4 0 0 0 3 0
28 3 1 0 70914.58889996563 0 0 3 0 10 11 7 2 4 7 4 1 3 4 3 2
29 0 1 0 70851.44877457997 3 2 1 0 11 8 6 3 10 6 1 3 6 4 2 0
29 1 1 0 71843.29076491893 0 3 2 1 11 8 6 3 10 6 1 3 0 6 4 2
29 2 1 0 67618.19224853319 3 2 6 1 11 8 1 4 10 6 2 0 6 4 0 0
29 3 1 0 70018.01034233984 3 2 0 0 11 8 0 1 10 6 6 3 6 4 3 3
30 0 1 0 80986.89265954804 3 0 0 0 3 3 0 0 2 5 5 0 11 6 3 0
30 1 1 0 80539.00803110609 0 3 0 0 0 0 3 3 0 2 5 5 0 11 6 3
30 2 1 0 80496.74395414362 3 3 3 0 2 4 4 5 0 11 6 3 0 0 0 0
30 3 1 0 81060.49130455113 0 0 0 0 3 3 3 0 0 4 4 5 2 11 6 3
31 0 1 0 82816.24009696415 2 0 0 0 1 3 2 0 2 4 6 5 4 11 7 6
31 1 1 0 82241.58746550401 0 0 2 0 0 1 3 2 2 4 6 5 4 11 7 6
31 2 1 0 78062.6578838392 1 2 2 0 2 3 6 5 4 4 7 6 0 11 0 0
31 3 1 0 82458.42841217201 0 2 0 0 0 3 2 0 3 4 6 5 4 11 7 6
32 0 1 0 64123.16387864124 3 4 1 0 4 8 9 0 3 9 11 0 1 4 2 0
32 1 1 0 66826.58671809523 0 3 4 1 0 4 8 9 0 3 9 11 0 1 4 2
32 2 1 0 68663.17984370275 4 3 4 1 1 7 7 9 1 2 9 11 0 0 4 2
32 3 1 0 63003.17390919186 0 0 4 1 4 3 7 9 1 7 9 11 1 2 4 2
33 2 1 0 44249.10230619315 3 8 3 10 4 7 4 3 3 3 8 5 0 2 11 0
33 3 1 0 30737.03563367128 0 8 3 0 3 7 4 10 4 3 8 3 3 2 11 5
34 0 1 0 87633.64251756413 9 8 6 5 5 7 0 0 3 2 2 0 3 2 0 0
34 1 1 0 88050.38427447765 9 8 6 5 0 5 6 6 0 3 2 2 0 0 3 2
34 2 1 0 89234.99816846088 9 8 7 5 5 6 0 2 3 2 2 0 0 3 0 0
34 3 1 0 81239.06563576356 0 8 0 0 9 6 6 5 5 2 6 0 3 3 2 2
35 0 3 0 77353.15391692694 10 8 2 0 5 7 5 6 3 5 4 1 4 3 3 0
35 1 3 0 74885.92934428391 0 10 8 2 5 7 5 6 3 5 4 1 0 4 3 3
35 2 3 0 51608.49415489197 10 8 2 6 5 7 5 1 3 5 4 3 4 1 2 0
36 0 1 0 82360.90128932554 10 9 5 4 4 5 6 7 3 5 5 0 3 3 3 0
36 1 1 0 80554.80207725022 10 9 5 4 4 5 6 7 0 3 5 5 0 0 3 4
36 3 1 0 63453.184247550606 0 9 5 4 10 5 6 7 4 4 4 5 3 3 3 3
37 0 1 0 72865.93072099253 3 0 0 0 5 2 2 4 5 5 8 0 2 5 11 0
37 1 1 0 77422.81630853924 0 0 3 0 5 2 2 4 0 0 6 8 0 2 5 11
37 2 1 0 77839.90386029314 5 3 2 4 0 2 5 8 0 5 5 11 0 2 0 0
37 3 1 0 78498.24489085216 0 3 0 0 0 2 0 4 5 5 2 8 0 2 6 11
38 0 1 0 78114.72055671514 7 0 10 0 3 6 11 0 2 3 4 6 0 0 4 0
38 1 1 0 89913.65645234445 0 0 7 10 0 3 6 11 2 3 4 6 0 0 0 4
38 2 1 0 86690.3457303614 0 7 6 10 2 4 4 11 0 0 0 6 0 0 0 4
38 3 1 0 85522.83010549605 0 0 0 10 0 7 0 11 0 3 6 6 2 3 4 4
39 0 1 0 82313.31793295163 2 8 10 0 4 7 11 0 3 6 6 0 3 3 4 0
39 1 1 0 91063.70170388902 0 2 8 10 0 4 7 11 0 3 6 6 0 0 4 4
39 2 1 0 87597.75894169277 2 3 8 10 4 5 7 11 0 3 5 6 0 0 3 4
39 3 1 0 90888.07227710541 0 0 8 10 2 3 7 11 3 5 5 6 3 3 3 4
40 0 1 0 81998.1862846034 3 4 9 10 3 8 7 11 2 0 5 0 1 3 1 0
40 1 1 0 84162.721587268 3 4 9 10 3 8 7 11 0 0 2 5 0 1 3 1
40 2 1 0 83688.54581277372 4 4 9 10 0 8 7 11 1 2 0 5 0 3 0 1
40 3 1 0 68302.19713849566 0 4 0 10 3 8 9 11 3 2 7 5 1 3 0 1
41 0 1 0 83111.70520895375 1 4 0 0 6 3 0 0 11 4 1 1 3 3 0 0
41 1 1 0 81405.74605084524 0 1 0 4 0 6 2 1 11 4 1 1 0 0 3 3
41 2 1 0 82067.86211747405 1 2 4 0 6 4 1 1 11 3 1 0 0 0 3 0
41 3 1 0 81421.47642889447 0 0 4 0 1 2 1 0 6 4 1 0 11 3 3 1
42 0 1 0 89782.83359350778 4 3 2 0 7 4 0 0 11 6 4 0 10 8 4 0
42 1 1 0 76127.42928121361 0 3 4 2 0 7 4 0 0 11 6 4 0 10 8 4
42 2 1 0 89425.15820772684 3 3 3 2 7 4 4 0 11 6 4 0 10 8 0 0
42 3 1 0 89707.07114078582 3 3 0 0 7 4 3 2 11 6 0 0 10 8 5 0
43 0 1 0 80107.96325744069 6 3 0 0 2 2 1 0 1 1 4 3 6 11 0 0
43 1 1 0 79349.21285786435 0 6 0 3 0 2 2 1 1 1 4 3 0 6 11 0
43 2 1 0 78905.49282181791 6 2 3 1 3 1 4 3 6 11 0 0 0 0 0 0
43 3 1 0 79571.14814918401 0 0 0 0 6 0 3 0 3 3 0 1 6 11 4 3
44 0 1 0 82051.16623867454 0 2 3 0 3 3 6 0 4 7 7 0 4 11 8 0
44 1 1 0 86137.51600049839 0 0 2 3 0 0 4 6 0 0 4 8 0 4 11 8
44 2 1 0 86175.87907420825 0 3 2 3 0 4 3 6 3 3 7 7 0 0 11 8
45 0 1 0 86784.18594308948 3 3 5 0 2 3 5 6 3 4 6 8 3 5 11 9
45 1 1 0 87646.97462942665 0 3 3 5 2 3 5 6 3 4 6 8 3 5 11 9
45 2 1 0 86269.66009584056 3 2 3 5 3 3 5 6 3 4 6 8 0 5 11 9
45 3 1 0 87525.7967233815 0 2 3 5 1 3 5 6 2 4 6 8 4 5 11 9
46 0 1 0 73229.25024143702 1 2 4 0 4 2 2 7 1 6 8 0 2 6 11 10
46 1 1 0 88679.31822412883 0 1 2 4 4 2 2 7 0 1 6 8 2 6 11 10
46 2 1 0 89979.9990495398 1 2 2 4 4 1 2 7 2 6 6 8 0 0 11 10
46 3 1 0 88825.9491833944 0 0 2 4 1 0 2 7 4 3 6 8 2 6 11 10
47 0 1 0 81446.7004703754 1 3 3 0 2 4 6 0 0 5 11 0 3 4 0 0
47 1 1 0 82646.97060182405 0 1 3 3 0 2 4 6 0 0 5 11 0 3 0 4
47 2 1 0 82116.25336843953 3 1 2 3 0 3 3 6 3 0 5 11 0 0 4 0
47 3 1 0 81547.87323410595 0 0 2 0 1 1 3 3 2 3 5 6 3 0 4 11
48 0 1 0 75837.36011309968 3 2 4 0 0 5 5 0 5 7 6 0 4 9 11 0
48 1 1 0 78371.1035585515 0 3 2 4 0 0 0 6 0 5 7 6 0 4 9 11
48 2 1 0 77560.2511241508 3 2 3 3 0 5 5 5 0 4 7 6 0 0 9 11
48 3 1 0 78297.5880189683 0 0 3 3 3 2 5 5 0 5 7 6 0 4 9 11
49 0 1 0 82571.763413047 3 3 0 0 4 3 4 3 5 7 1 0 10 11 2 0
49 1 1 0 79694.00390201178 0 1 2 3 4 3 4 3 0 5 7 1 0 10 11 2
49 2 1 0 81651.67503163373 1 2 3 3 4 3 4 1 5 6 6 2 0 10 11 0
49 3 1 0 79041.29234314368 0 2 3 0 1 3 4 0 4 6 6 3 5 10 11 3
50 0 1 1 80096.88589753752 4 1 3 0 0 0 5 0 0 3 7 0 0 0 11 0
50 1 1 1 80636.50194398688 0 4 1 3 0 0 0 5 0 0 3 7 0 0 0 11
50 2 1 1 80070.91824694283 3 3 1 3 0 0 3 5 0 0 0 7 0 0 0 11
50 3 1 1 80252.61154050617 0 0 0 3 3 3 1 5 0 0 0 7 0 0 3 11
51 0 1 1 82846.16776121735 4 6 7 10 4 5 11 0 4 0 5 0 2 1 1 0
51 1 1 1 89927.23006951567 4 6 7 10 0 4 5 11 0 4 0 5 0 0 3 1
51 2 1 1 89947.72126175505 4 6 7 10 4 4 5 11 0 2 1 5 0 0 0 1
51 3 1 1 83275.81769077665 0 0 0 10 4 6 7 11 0 4 5 5 4 2 1 1
52 0 1 1 79118.50844317289 1 5 9 10 4 7 11 0 0 3 6 0 2 1 3 0
52 1 1 1 90954.54774998254 1 5 9 10 0 4 7 11 0 0 3 6 0 2 1 3
52 2 1 1 91003.78220163978 1 5 9 10 0 4 7 11 2 0 3 6 0 0 1 3
52 3 1 1 89354.26697175766 0 0 9 10 1 5 7 11 0 4 3 6 2 0 1 3
53 0 1 1 93789.98014515467 4 7 9 10 4 6 7 11 5 4 5 1 4 0 2 0
53 1 1 1 90234.63618231879 4 7 9 10 4 6 7 11 5 4 5 1 0 3 3 2
53 2 1 1 91141.02853837391 5 7 9 10 5 6 7 11 3 4 5 3 0 3 0 0
53 3 1 1 79274.14691906153 0 7 0 0 5 6 9 10 5 4 7 11 3 3 5 3
54 0 1 0 89900.00459024828 10 7 6 0 7 2 0 0 3 1 4 0 2 0 0 0
54 1 1 0 87173.64209602181 0 10 7 6 0 6 6 2 0 3 1 4 0 2 0 0
54 2 1 0 90252.03310503277 10 7 6 0 6 6 2 3 3 1 3 0 2 0 0 0
54 3 1 0 86059.90661426826 10 0 0 0 6 7 6 0 3 6 2 0 2 1 3 3
55 0 1 0 82096.5975592482 2 0 2 0 4 0 0 0 11 6 4 2 3 2 1 0
55 1 1 0 81697.8464653429 0 0 2 2 0 0 4 0 11 6 4 2 0 2 1 3
55 2 1 0 81613.12249361067 0 2 0 2 11 4 4 2 2 6 2 1 0 1 0 0
55 3 1 0 81798.4210606045 0 2 0 0 0 4 0 2 11 6 4 0 2 1 2 3
56 0 1 0 87340.47082058285 9 8 3 0 11 5 4 2 6 4 0 0 3 3 0 0
56 1 1 0 80397.23879933365 0 9 8 3 11 5 4 2 0 6 4 0 0 3 1 2
56 2 1 0 86757.74515328786 9 8 4 3 11 5 0 2 6 4 2 0 3 1 0 0
56 3 1 0 86763.56245625814 9 8 0 0 11 5 0 3 6 4 4 2 3 1 2 0
57 0 1 0 90071.70647242149 10 7 7 0 11 6 2 0 6 4 1 0 4 3 3 0
57 1 1 0 80336.04203376088 0 10 7 7 0 11 6 2 0 6 4 1 0 4 3 3
57 2 1 0 85871.36438957814 10 7 5 7 11 5 3 3 6 3 1 3 4 2 0 0
57 3 1 0 83223.10506721125 10 7 0 0 11 5 5 7 6 3 3 3 4 2 1 3
58 0 1 0 86602.66369782144 8 9 10 0 4 3 3 0 3 2 3 0 0 0 1 0
58 1 1 0 90464.8686045282 0 8 9 10 0 4 3 3 0 3 2 3 0 0 0 1
58 3 1 0 79804.10053271923 0 0 0 10 7 7 9 2 4 3 1 3 3 2 0 1
59 0 1 0 79933.24401709982 5 11 1 0 4 6 2 0 5 0 0 0 3 0 0 0
59 1 1 0 82069.61350779388 0 5 11 1 0 4 6 2 0 4 4 0 0 3 0 0
59 2 1 0 83345.52704517537 5 11 1 2 5 6 0 0 3 4 0 0 0 0 0 0
59 3 1 0 82065.65453780995 0 0 0 0 5 11 1 0 5 6 0 2 3 4 0 0
60 0 1 0 82447.01792273142 2 6 11 3 4 6 4 2 5 4 0 0 0 3 0 0
60 1 1 0 80640.92574205357 2 6 11 3 4 6 4 2 0 4 4 4 0 0 0 3
60 2 1 0 81038.47960964795 2 7 11 3 5 4 5 2 0 0 3 0 0 0 0 0
60 3 1 0 79802.92255229822 0 0 0 0 2 6 11 3 4 6 5 2 4 4 3 0
61 0 1 0 84386.78769589378 8 11 6 4 5 6 4 3 5 4 1 0 1 0 0 0
61 1 1 0 83196.25226269373 8 11 6 4 5 6 4 3 0 5 4 1 0 1 0 0
61 2 1 0 84219.41651065764 8 11 6 4 6 6 4 3 1 4 0 1 0 0 0 0
61 3 1 0 78787.41566051413 0 0 0 0 8 11 6 4 6 6 4 3 1 4 0 1
62 0 1 0 81955.64326520445 0 0 3 0 0 3 4 0 5 2 6 7 3 3 10 0
62 1 1 0 85982.77703366961 0 0 0 3 0 0 3 4 5 2 6 7 0 0 4 10
62 2 1 0 86264.78673439428 0 0 3 3 5 2 6 4 0 3 3 7 0 0 0 10
62 3 1 0 87354.45822785392 0 0 0 3 0 0 3 4 0 2 6 7 5 3 3 10
63 0 1 1 87651.36073908122 0 2 2 0 3 3 5 0 2 3 4 11 4 7 8 10
63 1 1 1 88939.52583695667 0 0 2 2 0 3 3 5 2 3 4 11 4 7 8 10
63 2 1 1 82737.52290286109 1 2 2 2 2 3 3 5 4 7 4 11 0 0 8 10
63 3 1 1 88716.31753800406 0 0 2 2 0 2 3 5 3 3 4 11 4 7 8 10
64 0 1 1 93717.98577433995 3 0 0 0 5 4 3 0 4 5 8 11 4 6 9 10
64 1 1 1 93936.25585885273 0 3 0 0 0 5 4 3 4 5 8 11 4 6 9 10
64 2 1 1 78692.8848174921 3 4 1 2 5 5 8 11 5 6 9 10 0 0 0 0
64 3 1 1 94124.41975266897 0 0 0 0 3 4 1 2 5 5 8 11 5 6 9 10
65 0 1 1 43716.60357983793 3 1 0 0 4 7 3 2 7 8 11 0 6 7 9 10
65 1 1 1 89294.1312522302 0 3 1 0 4 7 3 2 0 7 8 11 6 7 9 10
65 2 1 1 69165.51063878993 3 1 3 2 4 7 8 11 7 6 9 10 0 7 0 0
65 3 1 1 79972.8693108158 0 1 0 0 3 7 3 2 4 6 8 11 7 7 9 10
66 0 1 0 76868.97239758812 3 0 3 0 3 0 11 0 3 4 6 0 3 6 5 3
66 1 1 0 79653.82398468032 0 0 3 3 0 0 3 11 0 3 4 6 3 6 5 3
66 2 1 0 80573.4064172565 0 4 0 3 0 3 4 11 3 6 5 6 0 0 0 3
66 3 1 0 80233.83385063203 0 0 0 3 0 3 0 11 0 4 4 6 3 6 5 3
67 0 1 0 72092.71805274191 3 3 5 0 0 5 6 0 3 5 11 0 7 3 8 9
67 1 1 0 79942.5860267441 0 0 4 5 0 0 5 6 0 3 5 11 7 3 8 9
67 2 1 0 75579.23365868542 0 3 3 5 0 3 6 6 7 3 8 11 0 0 0 9
67 3 1 0 81844.94197071838 0 0 0 5 0 3 3 6 0 0 6 11 7 4 8 9
68 0 3 0 58984.58229548059 2 5 2 0 6 5 8 11 5 9 10 0 1 1 0 0
68 1 3 0 65443.68556449298 0 2 5 2 6 5 8 11 0 5 9 10 0 1 1 0
68 3 3 0 86390.63894002094 2 4 0 0 6 5 4 2 4 4 8 11 1 1 9 10
69 0 1 0 88946.19136385234 2 3 1 0 3 3 0 0 4 5 6 2 10 8 6 2
69 1 1 0 88210.4060851049 0 2 3 1 0 2 1 3 4 5 6 2 10 8 6 2
69 2 1 0 85851.64713555464 2 3 1 0 2 1 3 2 4 5 7 2 10 8 0 0
69 3 1 0 88179.68106811173 2 3 0 0 2 1 1 0 4 5 3 2 10 8 7 2
70 0 1 1 77583.18903059278 2 4 7 10 3 6 11 0 1 3 4 5 2 1 4 0
70 1 1 1 89076.6093157087 2 4 7 10 0 3 6 11 1 3 4 5 0 2 1 4
70 2 1 1 88547.61223471505 2 4 7 10 1 4 6 11 2 0 4 5 0 0 1 4
70 3 1 1 88210.64087442783 0 0 7 10 2 4 6 11 0 3 4 5 3 3 1 4
71 0 1 1 81020.30438896058 3 7 9 10 8 5 7 11 2 3 7 1 3 3 3 0
71 1 1 1 81543.93707113266 3 7 9 10 8 5 7 11 2 3 7 1 0 0 3 4
71 2 1 1 83195.56926986828 3 7 9 10 8 5 8 11 2 4 3 1 0 0 0 3
71 3 1 1 65070.1361659234 0 0 0 10 3 7 9 11 8 5 8 1 2 4 3 3
72 2 1 1 80107.37264794996 3 8 9 10 8 4 8 11 6 4 4 6 1 0 1 1
72 3 1 1 81055.52705953683 3 0 9 10 8 8 8 11 6 4 4 6 1 4 1 1
73 0 1 0 77927.89953552703 2 4 3 6 1 11 5 0 3 3 4 0 2 0 0 0
73 1 1 0 79531.41897182162 2 4 3 6 0 1 11 5 0 0 4 4 0 0 2 0
73 3 1 0 77237.66532758674 0 4 0 0 2 1 3 6 0 3 11 5 0 2 3 4
74 0 1 0 75055.30588761803 1 0 0 0 2 5 3 0 3 6 5 2 3 4 10 11
74 1 1 0 76872.99719375337 0 0 1 0 0 2 5 3 3 6 5 2 3 4 10 11
74 2 1 0 74134.3544372818 2 1 0 3 3 5 5 2 3 6 10 11 0 4 0 0
74 3 1 0 76490.74330468859 0 1 0 0 0 5 0 3 2 6 5 2 4 4 10 11
75 0 1 1 80671.45041227074 10 9 3 0 11 6 0 0 6 4 8 0 4 3 3 0
75 1 1 1 69546.81158494003 0 10 9 3 0 11 5 5 0 6 4 8 0 3 3 4
75 2 1 1 77975.67049143655 10 9 5 3 11 5 8 0 6 4 3 3 3 3 0 0
75 3 1 1 77670.53041033063 10 9 0 0 11 5 5 3 6 4 8 0 3 3 3 3
76 0 1 0 80131.17159299598 3 2 0 0 11 4 3 0 6 2 3 0 1 4 4 0
76 1 1 0 80671.46110096002 0 0 3 2 0 11 4 3 0 6 2 3 0 1 4 4
76 2 1 0 80810.74015447016 11 3 3 2 6 4 3 0 1 2 3 3 0 4 0 0
76 3 1 0 80305.8393545716 0 3 0 0 11 4 2 0 6 2 1 2 1 4 4 3
77 0 1 0 81531.75801538822 2 4 3 2 11 1 0 0 5 1 0 0 2 5 2 0
77 1 1 0 79735.11335862173 2 4 3 2 0 11 1 0 0 4 4 1 0 2 5 2
77 2 1 0 80850.90950652833 2 4 3 2 11 1 1 0 4 4 0 2 2 5 0 0
77 3 1 0 81891.17152816933 2 4 0 0 11 1 3 2 4 4 0 0 2 5 1 2
78 0 1 0 83176.99860885262 3 3 0 0 11 4 1 0 7 2 0 0 5 0 2 0
78 1 1 0 79808.97682315951 0 3 0 3 0 11 4 1 0 6 6 2 0 5 0 2
78 2 1 0 82812.83590495521 3 3 4 1 11 6 2 0 6 0 0 2 5 0 0 0
78 3 1 0 82432.96314271189 3 0 0 0 11 0 3 0 6 3 3 1 5 6 2 2
79 1 1 0 54047.88814889571 3 5 3 2 0 11 6 5 9 8 6 1 0 4 2 3
79 2 1 0 65100.44913001226 3 5 3 2 11 6 5 1 9 8 6 0 4 2 3 0
79 3 1 0 70927.1692251595 3 5 3 0 11 6 5 2 9 8 6 0 4 2 3 1
80 0 1 0 80094.85263306113 0 0 1 0 3 3 1 0 2 4 6 2 3 11 5 0
80 1 1 0 78741.88200541801 0 0 0 1 0 3 1 3 2 4 6 2 0 3 11 5
80 2 1 0 79301.88667121105 3 1 2 1 2 4 6 3 3 11 4 4 0 0 0 0
80 3 1 0 81087.59455355839 0 0 0 0 3 1 2 1 2 4 6 3 3 11 4 4
81 0 1 0 88361.05484949073 0 1 3 0 2 5 5 0 1 4 5 6 4 6 11 10
81 1 1 0 88015.71882050582 0 0 1 3 0 2 0 6 1 4 5 6 4 6 11 10
81 2 1 0 80064.4611943771 2 0 1 3 1 4 6 5 4 6 11 6 0 0 0 10
81 3 1 0 85117.85976268639 0 0 0 3 0 0 1 5 3 4 6 6 4 6 11 10
82 0 1 0 74449.69893400163 0 8 4 0 4 3 6 0 3 6 9 0 1 4 11 10
82 1 1 0 82997.7179294223 0 0 8 4 0 3 4 6 0 3 6 9 1 4 11 10
82 2 1 0 80708.7725495414 3 3 8 4 0 3 3 6 1 4 6 9 0 0 11 10
82 3 1 0 80933.08809208643 0 0 8 4 0 0 3 6 3 4 6 9 1 4 11 10
83 0 1 0 81712.03740443749 4 3 0 0 4 3 1 0 11 4 2 0 3 5 4 0
83 1 1 0 80424.8852277389 0 0 4 3 0 4 3 1 0 11 4 2 0 3 5 4
83 2 1 0 81617.14552065516 4 4 3 0 11 3 1 2 3 4 4 0 0 5 0 0
83 3 1 0 80904.0630434552 0 4 0 0 4 3 3 0 11 4 1 0 3 5 4 2
84 0 1 0 64305.87310069916 4 0 2 0 2 5 7 3 3 3 9 0 1 8 11 10
84 1 1 0 76178.37708222677 0 4 0 2 2 5 7 3 0 3 3 9 1 8 11 10
84 2 1 0 47060.15865537552 4 5 7 2 2 2 1 3 3 8 11 9 1 0 0 10
85 0 1 0 80892.0791692518 0 3 1 0 0 2 2 0 0 3 11 0 1 3 5 6
85 2 1 0 82441.23616061099 0 0 3 3 0 0 2 11 1 3 3 6 0 0 5 0
85 3 1 0 82667.87025520284 0 0 3 0 0 0 2 3 0 0 3 11 1 3 5 6
86 0 1 0 75240.75621485767 5 7 9 0 0 4 11 0 1 3 4 5 3 0 3 0
86 1 1 0 86376.31450328666 0 5 7 9 0 0 4 11 1 3 4 5 0 0 3 3
86 2 1 0 86857.48608656939 0 5 7 9 1 3 5 11 0 3 0 5 0 0 0 3
86 3 1 0 83317.71237103594 0 0 0 9 0 5 7 11 0 0 4 5 1 4 4 3
87 0 1 1 81957.03618011142 4 0 2 0 6 4 0 0 11 5 4 0 4 0 0 0
87 1 1 1 81935.13440651825 0 3 3 2 0 6 4 0 0 11 5 4 0 3 3 0
87 2 1 1 83461.5614825078 3 3 0 2 6 4 4 0 11 5 0 0 3 3 0 0
87 3 1 1 82528.007399056 3 3 0 0 6 4 0 2 11 5 0 0 3 3 4 0
88 0 1 1 83674.41921186082 10 7 5 4 11 4 3 2 4 6 3 0 5 3 2 0
88 1 1 1 84631.73069994489 10 7 5 4 11 4 3 2 0 4 6 3 0 5 3 2
88 2 1 1 84404.3251384467 10 7 5 4 11 4 4 2 4 6 0 2 5 3 0 0
88 3 1 1 78642.42868690175 10 7 0 0 11 4 5 4 4 6 3 2 5 3 3 2
89 0 1 1 83911.03626470643 10 8 7 1 11 7 4 3 1 7 6 2 6 2 3 0
89 2 1 1 91415.69639459594 10 8 7 1 11 8 4 3 1 6 6 2 0 0 2 3
89 3 1 1 64298.81970113817 0 0 7 1 10 8 4 3 11 8 6 2 1 6 2 3
90 0 1 1 94034.47595781037 10 9 7 5 11 7 6 4 1 3 6 3 2 2 1 0
90 1 1 1 92018.40133326761 10 9 7 5 11 7 6 4 1 3 6 3 0 0 2 3
90 2 1 1 93807.56940225055 10 9 7 5 11 7 7 4 1 3 2 3 0 2 0 1
90 3 1 1 75192.73958475556 0 9 0 5 10 7 7 4 11 3 7 3 1 2 2 1
91 0 1 1 79738.93064605471 2 0 0 0 5 4 4 0 4 6 6 0 2 2 11 9
91 1 1 1 86416.76504290744 0 2 0 0 0 0 5 5 0 0 4 7 2 2 11 9
91 2 1 1 80400.62595389986 2 5 4 4 0 4 6 6 2 2 11 9 0 0 0 0
91 3 1 1 86231.1427380476 0 0 0 0 2 5 4 4 0 4 6 6 2 2 11 9
92 0 1 0 74035.92319156707 2 3 0 0 1 6 5 1 11 5 4 3 2 4 1 0
92 1 1 0 78674.3658143548 0 2 3 0 1 6 5 1 11 5 4 3 0 2 4 1
92 2 1 0 77035.65869987174 3 3 5 1 11 6 4 3 2 5 3 1 0 3 0 0
92 3 1 0 76596.82127751168 0 3 0 0 3 6 5 1 11 5 4 3 2 3 3 1
93 0 1 0 80429.53225075781 3 3 0 0 11 4 1 0 10 4 1 0 5 4 6 0
93 1 1 0 76103.1812094828 0 3 2 1 0 11 4 1 0 10 4 1 0 5 4 6
93 2 1 0 78118.88032339099 3 2 1 0 11 4 1 1 10 3 3 0 5 4 6 0
93 3 1 0 78807.41072161008 3 2 1 0 11 4 1 0 10 3 3 0 5 4 6 1
94 0 1 0 80487.7804094375 0 1 2 0 3 5 4 0 3 2 4 11 5 1 3 1
94 1 1 0 80390.74638656434 0 0 0 3 0 3 5 4 3 2 4 11 5 1 3 1
94 2 1 0 80037.24296348207 0 3 1 2 3 2 5 4 5 1 4 11 0 0 3 1
94 3 1 0 81431.71404663492 0 0 1 2 0 0 5 4 3 3 4 11 5 3 3 1
95 0 1 0 66981.47424208283 3 4 5 6 1 3 7 8 2 5 11 0 2 3 5 0
95 1 1 0 80572.81766903972 3 4 5 6 1 3 7 8 0 2 5 11 0 2 3 5
95 2 1 0 82159.27840878066 3 4 5 6 3 3 7 8 2 0 5 11 0 0 3 5
95 3 1 0 81914.98224361424 0 0 5 6 3 4 7 8 3 3 5 11 2 0 3 5
96 0 1 0 75915.69259391814 6 9 11 5 8 4 4 0 3 4 2 2 1 0 0 0
96 1 1 0 74014.20117359709 6 9 11 5 0 0 8 5 3 4 2 2 0 1 0 0
96 2 1 0 71965.12241596039 6 9 11 5 3 8 4 4 1 4 2 2 0 0 0 0
96 3 1 0 67841.2619927798 0 0 0 0 6 9 11 5 3 8 4 4 1 4 2 2
97 0 1 0 78710.86698332286 0 2 3 0 2 3 7 0 1 1 7 0 4 11 9 7
97 1 1 0 84578.43943504152 0 0 2 3 0 2 3 7 0 1 1 7 4 11 9 7
97 2 1 0 73745.00493843542 0 2 2 3 1 1 3 7 4 11 6 6 0 0 9 7
97 3 1 0 86393.5690486025 0 0 2 3 0 0 3 7 1 3 6 6 4 11 9 7
98 0 1 0 66925.93535439415 1 2 0 0 3 3 3 0 5 7 8 6 4 5 11 10
98 1 1 0 66821.38426731134 0 0 1 2 0 1 2 4 5 7 8 6 4 5 11 10
98 2 1 0 59623.327204640525 1 3 2 3 5 7 3 6 4 5 8 10 0 0 11 0
98 3 1 0 65941.47598248954 0 0 2 0 1 3 3 3 5 7 8 6 4 5 11 10
99 0 1 0 50988.99379923022 3 3 0 0 3 2 2 4 7 9 10 0 4 3 11 4
99 1 1 0 55669.109901239506 0 0 3 3 3 2 2 4 0 7 9 10 4 3 11 4
99 2 1 0 51420.23767775952 3 3 3 4 0 2 2 10 4 7 9 4 0 3 11 0
99 3 1 0 55462.02087372676 0 3 3 0 0 2 2 4 3 7 9 10 4 3 11 4
100 0 1 0 75863.57047252965 2 0 2 0 11 5 1 0 6 4 3 0 4 4 0 0
100 1 1 0 82200.13268897863 0 2 0 2 0 11 5 1 0 6 4 3 0 3 3 4
100 2 1 0 77295.873824488 2 5 1 2 11 4 3 0 6 3 4 0 3 0 0 0
100 3 1 0 77622.45552350828 2 0 0 0 11 5 1 2 6 4 3 0 3 3 4 0
101 0 1 0 72409.93039883634 2 1 0 0 10 11 3 0 3 6 3 0 3 6 0 0
101 1 1 0 75358.78284191446 0 0 2 1 0 10 11 3 0 3 6 3 0 2 1 6
101 2 1 0 72976.16108254268 0 2 1 3 3 10 11 3 2 5 5 0 0 1 6 0
101 3 1 0 70335.30123619463 0 2 1 0 0 10 11 0 3 5 5 3 2 1 6 3
102 0 3 0 90943.76505689061 10 8 7 3 11 8 5 1 7 8 3 1 1 2 1 0
102 1 3 0 90932.65462989917 10 8 7 3 11 8 5 1 7 8 3 1 0 0 1 3
102 2 3 0 91613.00217564561 10 9 7 3 11 8 5 1 7 1 3 1 0 0 2 1
102 3 3 0 51119.306275242736 0 0 7 3 10 8 5 1 11 9 3 1 7 1 2 1
103 0 1 0 79856.33500322615 8 0 0 0 6 3 5 0 11 1 3 4 3 2 2 0
103 1 1 0 77209.04363185169 0 7 7 0 0 6 3 5 11 1 3 4 0 2 3 2
103 2 1 0 82343.42644068248 7 7 5 0 6 3 3 4 11 1 2 2 2 1 0 0
104 0 3 0 3.0 10 9 1 3 11 8 5 7 3 4 2 6 2 3 2 0
104 1 3 0 71527.93912078174 10 9 1 3 11 8 5 7 3 4 2 6 0 2 3 2
104 3 3 0 3.0 10 0 1 3 11 9 5 7 3 8 2 6 2 4 3 2
105 0 1 0 0.0 2 9 2 3 10 8 3 4 11 5 6 8 6 1 1 0
105 1 1 0 0.0 2 9 2 3 10 8 3 4 11 5 6 8 0 6 1 1
105 2 1 0 17737.623752518608 2 9 2 3 10 8 3 4 11 6 6 8 5 0 1 1
105 3 1 0 40119.68505405489 2 0 2 3 10 9 3 4 11 8 6 8 5 6 1 1
106 0 1 0 79204.12785696756 2 2 5 0 2 5 6 0 0 3 11 0 1 7 0 0
106 1 1 0 79972.03316789429 0 2 2 5 0 2 5 6 0 0 3 11 0 1 0 7
106 2 1 0 80292.55940497716 0 2 2 5 0 2 5 6 1 0 3 11 0 0 7 0
106 3 1 0 82103.18076767895 0 0 2 0 0 2 5 5 0 2 3 6 1 0 7 11
107 0 1 0 75854.10937343803 1 4 0 0 11 4 0 0 5 3 1 0 2 5 7 2
107 1 1 0 75640.51166937767 0 1 4 0 0 11 3 3 0 5 3 1 2 5 7 2
107 2 1 0 75961.78570105639 1 4 3 0 11 3 3 1 4 4 7 2 2 5 0 0
107 3 1 0 76009.0192588295 1 4 0 0 11 3 0 0 4 4 4 0 2 5 7 3
108 0 1 0 76496.74144393677 3 0 3 0 8 5 3 4 11 1 4 3 10 8 6 0
108 1 1 0 63958.054633326086 0 2 1 3 8 5 3 4 11 1 4 3 0 10 8 6
108 2 1 0 69615.5814409452 2 1 3 3 8 5 4 4 11 1 6 3 10 8 0 0
108 3 1 0 74356.3798191783 2 1 0 0 8 5 3 3 11 1 4 4 10 8 6 3
109 0 1 0 76955.78919748275 11 8 6 0 1 5 3 1 1 3 1 5 4 2 0 0
109 1 1 0 74936.18048357283 0 11 8 6 1 5 3 1 1 3 1 5 0 0 4 2
109 2 1 0 77481.18701320712 1 11 8 6 1 5 3 1 0 3 3 5 0 4 0 0
109 3 1 0 73428.47012997001 0 11 0 0 0 5 8 6 1 3 3 1 1 4 3 5
110 0 1 0 61073.577345021564 5 3 11 9 10 4 0 0 8 6 3 0 2 4 1 0
110 1 1 0 55019.312260240986 5 3 11 9 0 9 9 4 0 8 6 3 0 2 4 1
110 2 1 0 61597.03279488426 5 3 11 9 9 9 4 2 8 6 1 0 2 4 1 0
110 3 1 0 46630.23922636546 5 3 11 0 9 9 4 9 8 6 1 0 2 4 1 2
111 0 1 1 83539.9161300986 11 4 4 0 6 5 3 0 3 4 0 0 3 0 0 0
111 1 1 1 81691.4932375378 0 11 4 4 0 6 5 3 0 0 3 4 0 0 3 0
111 2 1 1 81698.28055631118 11 4 3 3 6 5 1 2 0 4 4 0 0 0 0 0
111 3 1 1 82812.0669815576 0 0 0 0 11 4 3 3 6 5 1 2 0 4 4 0
112 1 1 1 51305.60760827052 5 4 5 2 7 5 4 3 11 9 1 3 0 10 8 2
112 2 1 1 71330.05287978661 5 4 5 2 7 5 4 4 11 9 3 0 10 8 0 0
112 3 1 1 71606.59823514512 5 4 0 0 7 5 5 2 11 9 4 3 10 8 3 3
113 0 1 0 81769.9601584312 6 2 0 0 4 3 0 0 11 1 3 0 2 4 2 0
113 1 1 0 80125.94601669714 0 0 6 2 0 4 3 0 0 11 1 3 0 2 4 2
113 2 1 0 80179.91303299433 4 6 2 0 11 3 1 2 2 1 2 0 0 4 0 0
113 3 1 0 81822.88768555777 0 6 0 0 4 3 2 0 11 1 0 0 2 4 3 2
114 0 1 0 86178.88682119278 9 8 4 0 11 7 4 0 7 5 0 0 1 3 2 2
114 1 1 0 78870.45560898352 0 9 8 4 0 11 7 4 0 7 4 4 1 3 2 2
114 2 1 0 87625.22066158718 9 8 4 4 11 7 4 0 7 4 2 2 1 3 0 0
114 3 1 0 83188.54758194211 9 8 0 0 11 7 0 4 7 4 5 0 1 3 2 2
115 0 1 0 90658.53210581608 10 8 5 1 11 7 4 3 2 7 4 2 3 5 3 0
115 1 1 0 90744.54484396864 10 8 5 1 11 7 4 3 2 7 4 2 0 3 5 3
115 2 1 0 90223.464739346 10 8 5 1 11 8 5 3 2 0 5 2 3 0 0 3
115 3 1 0 76782.65321847564 10 0 0 1 11 8 5 3 2 7 5 2 3 7 5 3
116 0 1 0 88286.85991680482 10 9 8 6 5 6 7 5 2 6 0 0 3 3 2 0
116 1 1 0 86191.57277794549 10 9 8 6 5 6 7 5 0 2 5 5 0 3 3 2
116 2 1 0 88576.07977788638 10 9 8 6 5 6 7 5 2 5 5 2 3 0 3 0
116 3 1 0 73083.95242137114 10 0 8 0 5 9 7 6 2 6 5 5 3 5 3 2
117 0 1 0 75291.1150828263 2 11 6 5 3 5 3 0 4 3 4 3 2 1 5 0
117 1 1 0 79777.36706926253 2 11 6 5 0 3 5 3 4 3 4 3 0 0 3 5
117 2 1 0 80646.52611857385 2 11 6 5 4 4 5 4 0 2 4 5 0 0 1 0
117 3 1 0 80016.20126064542 0 0 6 0 2 11 5 5 0 4 4 4 4 2 1 5
118 0 1 0 80856.53883354146 1 0 2 0 3 6 5 0 3 5 2 0 4 1 11 3
118 1 1 0 77342.13966464973 0 0 1 2 0 3 6 5 0 3 5 2 4 1 11 3
118 2 1 0 75624.13107297989 0 1 6 2 3 3 4 5 4 4 11 2 0 1 0 3
119 0 1 0 81228.04047768429 3 3 4 0 1 3 4 7 2 4 7 8 3 11 9 0
119 1 1 0 86913.85396915617 0 3 3 4 1 3 4 7 2 4 7 8 0 3 11 9
119 2 1 0 86864.78300564074 3 1 2 4 3 3 4 7 0 4 7 8 0 3 11 9
119 3 1 0 87780.70150102887 0 1 2 4 3 3 4 7 1 4 7 8 2 3 11 9
120 0 1 0 67378.42087513841 2 4 4 0 4 8 5 0 4 7 8 0 3 5 11 10
120 1 1 0 75708.63812733114 0 2 4 4 0 4 8 5 0 4 7 8 3 5 11 10
120 2 1 0 69093.53681256357 2 4 3 3 5 8 4 4 3 6 6 8 0 5 11 10
120 3 1 0 76165.62308348672 0 4 3 3 2 8 4 4 5 6 6 8 3 5 11 10
121 0 1 0 73859.20365386391 1 0 0 0 3 1 3 0 1 4 6 2 2 7 3 11
121 1 1 0 77039.71692444534 0 1 0 0 0 3 1 3 1 4 6 2 2 7 3 11
121 2 1 0 73384.64518086886 1 1 0 3 3 4 6 2 3 7 3 11 0 0 0 0
121 3 1 0 74976.16924511893 0 0 0 0 1 1 0 3 3 4 6 2 3 7 3 11
122 0 3 0 60197.16475466285 4 7 6 9 6 8 5 11 4 4 7 0 1 3 6 0
122 1 3 0 71185.81317974953 4 7 6 9 6 8 5 11 0 0 5 7 0 1 3 6
122 3 3 0 74712.93541007013 0 7 6 9 4 8 5 11 6 4 4 7 0 1 3 6
123 0 1 0 64619.34794194641 4 6 10 0 2 4 5 9 1 4 8 0 1 1 4 6
123 2 1 0 88794.46374284652 2 5 6 10 0 1 5 9 1 1 5 8 0 0 0 6
123 3 1 0 88867.675375782 0 0 0 10 0 5 6 9 2 1 5 8 1 1 5 6
124 0 1 0 80156.29688949825 2 5 7 11 1 2 7 0 3 5 0 0 0 3 3 0
124 1 1 0 81114.88538835892 2 5 7 11 0 0 3 7 0 0 3 5 0 0 0 4
124 2 1 0 78591.27213337437 2 5 7 11 0 1 2 7 0 3 5 3 0 0 3 0
124 3 1 0 78052.24263478529 0 0 7 0 2 5 2 11 0 1 5 7 0 3 3 3
125 0 1 0 81471.40102498379 0 1 3 0 0 2 11 0 3 4 8 0 1 2 7 0
125 1 1 0 84698.27880311338 0 0 1 3 0 0 2 11 0 3 4 8 0 0 3 7
125 2 1 0 84894.34197818874 0 0 3 3 2 1 4 11 0 1 2 8 0 0 0 7
125 3 1 0 84864.60220462436 0 0 0 3 0 0 3 11 0 1 4 8 2 1 2 7
126 0 1 0 79980.64310660666 2 3 0 0 1 5 4 0 2 4 1 11 1 3 7 9
126 1 1 0 78652.55041226475 0 2 3 0 0 1 5 4 2 4 1 11 1 3 7 9
126 2 1 0 78056.80052794634 3 3 0 4 2 5 1 11 1 4 7 9 0 3 0 0
126 3 1 0 80442.14066474247 0 3 0 0 2 5 0 4 1 4 1 11 3 3 7 9
127 0 1 0 80181.26657726284 5 11 8 1 1 5 5 0 2 3 5 1 3 0 3 0
127 1 1 0 77384.20851058052 5 11 8 1 0 0 1 6 2 3 5 1 0 0 3 3
127 2 1 0 79259.74056712356 5 11 8 1 2 1 6 5 0 4 0 1 0 0 0 3
127 3 1 0 71316.56277069314 0 0 0 1 5 11 8 5 0 1 5 1 2 4 5 3
128 0 1 0 82673.84722752494 2 4 11 0 2 1 6 0 0 3 2 0 0 0 1 0
128 1 1 0 83149.72257808446 0 2 4 11 0 0 3 6 0 0 3 2 0 0 0 1
128 2 1 0 82822.81055960048 2 2 4 11 0 0 1 6 0 0 3 3 0 0 0 0
128 3 1 0 83759.77417435442 0 0 0 0 2 0 4 11 0 2 1 6 0 0 3 3
129 0 1 0 66686.67932243273 6 4 5 0 1 3 6 11 1 5 9 0 3 1 3 0
129 1 1 0 70968.04914702266 0 6 4 5 1 3 6 11 0 1 5 9 0 3 1 3
129 2 1 0 73403.45997484698 1 6 4 5 1 3 6 11 0 3 5 9 0 0 1 3
129 3 1 0 74777.0796279414 0 0 4 5 0 6 6 11 1 3 5 9 1 3 1 3
130 0 3 0 70881.79472182768 3 4 1 0 4 6 6 0 2 3 8 11 3 7 9 0
130 1 3 0 78605.21589177146 0 3 4 1 0 3 3 7 2 3 8 11 0 3 7 9
130 2 3 0 78166.30819206804 3 4 4 1 2 3 6 6 0 3 8 11 0 0 7 9
130 3 3 0 78424.15525290131 0 0 4 1 0 3 6 6 3 3 8 11 2 4 7 9
131 0 1 0 67992.45858966674 3 0 0 0 4 3 7 1 3 4 11 0 3 2 4 10
131 1 1 0 74876.235354954 0 0 3 0 4 3 7 1 0 3 4 11 3 2 4 10
131 2 1 0 77371.88056061094 4 4 7 1 1 2 4 11 3 2 4 10 0 0 0 0
131 3 1 0 73983.60878144177 0 0 0 0 4 4 0 1 1 2 7 11 3 2 5 10
132 2 1 0 76194.53176863983 3 5 8 10 3 3 8 11 5 8 4 6 0 3 0 1
132 3 1 0 64475.87309350984 0 5 0 10 3 3 8 11 3 8 8 6 5 3 4 1
133 0 1 1 66766.0806665587 2 1 3 0 6 4 4 0 1 6 2 7 3 10 11 0
133 1 1 1 70459.52817126493 0 0 3 3 0 5 5 5 1 6 2 7 0 3 10 11
133 2 1 1 69539.15075498307 5 2 1 3 1 5 4 4 3 6 2 7 0 10 11 0
133 3 1 1 65846.70423565364 0 2 1 0 5 5 4 3 1 6 2 4 3 10 11 7
134 0 1 1 56811.90951993755 2 3 5 6 3 5 9 0 3 7 11 0 1 8 10 0
134 2 1 1 77209.31433934257 2 4 6 6 0 3 7 9 0 1 8 11 0 0 0 10
134 3 1 1 84887.01006895337 0 0 0 6 2 3 6 9 0 4 7 11 0 1 8 10
135 0 1 0 90425.82215493917 10 3 1 0 9 5 2 0 8 5 3 0 8 0 7 0
135 1 1 0 78079.5434629846 0 10 3 1 0 9 5 2 0 8 5 3 0 7 7 7
135 2 1 0 85890.17225898069 10 2 1 3 9 4 4 3 8 5 0 7 7 7 0 0
135 3 1 0 88172.51316298377 10 2 0 0 9 4 1 3 8 5 4 3 7 7 0 7
136 0 1 0 65118.20194230712 5 9 8 6 1 5 7 4 3 2 11 0 1 0 2 0
136 1 1 0 66126.29488899953 5 9 8 6 1 5 7 4 0 3 2 11 0 0 1 2
136 3 1 0 57711.968253175495 0 9 0 6 5 5 8 4 1 3 7 11 0 1 2 2
137 0 1 0 77228.86837129138 4 3 2 0 11 7 2 0 6 5 3 4 1 3 0 0
137 1 1 0 73114.85988383721 0 4 2 3 0 11 7 2 6 5 3 4 0 1 3 0
137 2 1 0 77826.46435596223 4 2 3 2 11 7 3 4 6 5 0 0 1 3 0 0
137 3 1 0 78683.44287222503 4 2 0 0 11 7 1 2 6 5 2 0 1 3 3 4
138 0 1 0 87289.42829891384 3 3 3 0 8 4 3 2 11 7 5 0 10 8 5 1
138 1 1 0 68216.13848865146 0 2 1 4 8 4 3 2 0 11 7 5 10 8 5 1
138 2 1 0 85715.74844991896 2 1 4 3 8 4 5 2 11 7 5 1 10 8 0 0
138 3 1 0 87058.3232689214 2 1 0 0 8 4 3 3 11 7 3 2 10 8 6 1
139 0 1 0 91609.17061316065 7 8 9 10 5 6 5 1 5 4 3 0 3 0 0 0
139 1 1 0 90429.25343234406 7 8 9 10 5 6 5 1 0 5 4 3 0 0 3 0
139 2 1 0 92069.078158679 7 8 9 10 6 6 5 1 0 4 0 3 0 3 0 0
139 3 1 0 75423.58058724664 0 8 0 0 7 6 9 10 5 4 5 1 5 3 0 3
140 0 1 0 82591.7006069152 11 4 4 0 7 6 0 0 3 4 0 0 3 0 0 0
140 1 1 0 79630.45515301624 0 11 4 4 0 7 6 0 0 3 4 0 0 1 2 0
140 3 1 0 82515.20013614962 11 4 0 0 7 6 3 3 3 4 0 0 1 2 0 0
141 1 3 0 0.0 8 6 5 4 11 7 4 3 7 4 3 4 0 2 4 3
141 2 3 0 82019.76323215393 8 6 5 4 11 7 4 3 7 5 4 4 2 0 0 0
141 3 3 0 78007.37945320374 8 0 0 0 11 6 5 4 7 7 4 3 2 5 4 4
142 0 1 0 81906.62582339332 9 6 8 3 11 5 6 1 7 4 2 0 4 4 2 0
142 1 1 0 73184.9543215706 9 6 8 3 11 5 6 1 0 7 4 2 0 4 4 2
142 2 1 0 80425.25830363925 9 6 8 3 11 5 6 1 7 4 2 2 4 3 3 0
142 3 1 0 81963.60008758059 9 6 8 0 11 5 6 3 7 4 2 1 4 3 3 2
143 0 1 0 73005.48776206878 2 3 1 0 5 4 5 0 2 6 11 0 3 7 3 0
143 1 1 0 74068.03297116756 0 2 3 1 0 5 4 5 0 2 6 11 0 3 7 3
143 2 1 0 74268.77911449954 0 2 3 1 0 5 4 5 3 2 6 11 0 7 0 3
143 3 1 0 76411.00545839523 0 2 0 1 0 5 3 5 0 2 4 11 3 7 6 3
144 0 1 0 75018.27346918013 2 3 4 8 1 4 7 11 3 8 7 4 2 2 4 0
144 1 1 0 76312.5104542606 2 3 4 8 1 4 7 11 3 8 7 4 0 2 2 4
144 2 1 0 75215.78711416226 3 3 4 8 3 4 8 11 2 8 3 4 0 2 0 3
144 3 1 0 69705.32730639522 0 3 0 8 3 4 4 11 3 8 8 4 2 2 3 3
145 2 3 0 30826.340823595096 3 4 7 3 6 8 6 9 3 5 11 1 4 3 4 0
145 3 3 0 0.0 3 4 7 0 6 8 6 3 3 5 11 9 4 3 4 1
146 0 1 0 79503.05173456101 3 1 1 3 11 5 0 0 4 3 5 2 4 5 0 0
146 1 1 0 76506.8897146399 3 1 1 3 0 11 5 0 4 3 5 2 0 3 3 5
146 2 1 0 81372.19123342015 3 1 1 3 11 5 5 2 4 4 5 0 3 0 0 0
146 3 1 0 79826.96668303118 3 0 0 0 11 1 1 3 4 5 0 0 3 4 6 2
147 0 1 0 67392.0485039432 2 5 2 0 4 3 3 0 3 4 7 2 11 10 8 5
147 1 1 0 66177.31241596185 0 2 5 2 0 4 3 3 3 4 7 2 11 10 8 5
147 2 1 0 43263.22267838036 2 5 2 3 4 3 7 2 3 4 8 5 11 10 0 0
147 3 1 0 65521.95065885737 2 5 0 0 4 3 2 3 3 4 7 2 11 10 8 5
148 1 1 0 81905.96326123527 5 7 11 3 0 4 6 3 0 4 3 1 0 2 0 0
148 2 1 0 76400.36103038809 5 7 11 3 5 6 3 0 2 3 1 0 0 0 0 0
148 3 1 0 82716.99461596736 0 0 0 0 5 7 11 3 5 6 3 0 2 3 1 0
149 0 1 0 92194.06473294212 10 11 6 5 9 7 6 3 2 3 4 0 2 0 0 0
149 1 1 0 93619.28398137167 10 11 6 5 9 7 6 3 0 2 3 4 0 2 0 0
149 2 1 0 92496.48077007475 10 11 7 5 9 7 0 3 2 3 0 4 2 0 0 0
149 3 1 0 80972.39474882648 10 0 0 0 9 11 6 5 2 7 6 3 2 3 0 4
150 1 1 0 74328.45804183853 10 11 6 1 0 9 8 4 0 7 5 1 0 2 4 0
150 3 1 0 88580.2081150527 10 11 0 0 9 8 6 1 7 5 4 0 2 4 1 0
151 0 1 1 79833.44195995507 4 1 6 0 2 2 11 0 3 4 5 0 3 1 2 0
151 1 1 1 82393.68165247224 0 4 1 6 0 2 2 11 0 3 4 5 0 0 3 3
151 2 1 1 80848.20890025781 2 4 3 6 0 3 4 11 0 3 1 5 0 0 0 2
151 3 1 1 80957.40364500554 0 0 0 6 0 4 3 11 2 0 4 5 0 4 1 2
152 1 1 1 92776.38005404193 3 2 5 2 0 3 5 7 2 3 8 11 3 5 8 10
152 2 1 1 68814.90133429028 4 2 5 2 2 5 7 11 3 3 9 10 0 5 0 0
152 3 1 1 88114.06548019488 0 2 0 0 4 5 5 2 2 3 7 11 3 5 9 10
153 0 1 0 89418.07519366754 4 3 2 0 0 3 0 0 6 4 2 0 10 7 5 4
153 1 1 0 87826.70880706157 0 3 4 2 0 0 0 3 0 6 4 2 10 7 5 4
153 2 1 0 84631.85520149696 3 3 4 2 0 6 4 2 10 7 5 4 0 0 0 0
153 3 1 0 89040.9735774956 0 0 0 0 3 3 4 2 0 6 4 2 10 7 5 4
154 0 1 0 90030.99632281347 0 0 2 0 7 3 1 0 8 7 3 0 10 4 3 0
154 1 1 0 80677.0663160494 0 0 0 2 0 7 3 1 0 8 7 3 0 10 4 3
154 2 1 0 86086.96241538179 7 3 1 2 8 7 2 1 10 4 3 0 0 0 0 0
154 3 1 0 90425.79798453195 0 0 0 0 7 3 0 2 8 7 3 0 10 4 3 1
155 0 1 1 87362.265660609 3 0 3 0 3 1 2 0 8 7 5 1 9 11 6 4
155 1 1 1 86999.41685610746 0 1 2 3 0 0 3 3 8 7 5 1 9 11 6 4
155 2 1 1 79690.47352780083 1 2 1 3 8 3 5 3 9 7 6 4 0 11 0 0
155 3 1 1 86525.73288969873 0 2 0 0 1 3 1 3 8 7 5 3 9 11 6 4
156 0 1 1 87304.48568192852 2 3 2 0 4 1 3 0 7 6 5 3 10 11 7 3
156 1 1 1 87973.67429240985 0 2 3 2 0 4 1 3 7 6 5 3 10 11 7 3
156 2 1 1 73533.39461094851 3 2 3 2 7 3 1 4 10 6 5 3 0 11 7 0
156 3 1 1 88479.9199374521 0 2 3 0 3 3 1 2 7 6 5 3 10 11 7 4
157 0 1 0 80856.29457144126 0 4 2 0 2 1 4 0 1 3 4 0 11 8 5 0
157 1 1 0 82980.74486802514 0 0 4 2 0 0 3 4 0 1 3 4 0 11 8 5
157 2 1 0 79570.9577145011 0 2 4 2 1 3 1 5 0 11 8 5 0 0 0 0
157 3 1 0 83125.3120696374 0 0 0 0 0 2 4 2 0 3 1 5 1 11 8 5
158 0 1 0 72523.33510506441 2 2 4 0 3 5 8 0 1 3 6 7 4 11 9 0
158 1 1 0 86000.06955927287 0 2 2 4 0 3 5 8 1 3 6 7 0 4 11 9
158 2 1 0 76397.53900501545 2 2 5 4 1 4 6 8 0 4 11 7 0 0 0 9
158 3 1 0 85928.11124109235 0 0 0 4 2 2 5 8 0 4 6 7 1 4 11 9
159 0 1 0 89683.86804819258 1 0 0 0 1 2 1 0 3 5 6 8 5 6 11 10
159 1 1 0 89663.29369520964 0 1 0 0 0 0 1 3 3 5 6 8 5 6 11 10
159 2 1 0 77707.31632734684 1 1 2 1 3 5 6 8 5 6 11 10 0 0 0 0
159 3 1 0 89645.54566742427 0 0 0 0 1 1 2 1 3 5 6 8 5 6 11 10
160 0 1 1 82072.54670221588 1 3 4 0 2 6 11 0 0 3 0 0 2 1 0 0
160 1 1 1 82238.4958404439 0 1 3 4 0 2 6 11 0 0 0 3 0 2 0 1
160 2 1 1 82661.95687799576 3 1 2 4 0 5 5 11 2 0 3 0 0 0 1 0
160 3 1 1 81629.27702112564 0 0 2 0 1 1 5 4 2 5 3 11 2 0 1 0
161 0 1 1 84868.97974175548 9 11 7 5 7 4 4 0 2 3 4 0 1 2 0 0
161 1 1 1 83115.75784976981 9 11 7 5 0 6 6 5 0 2 3 4 0 0 1 2
161 2 1 1 85322.62597217862 9 11 7 5 6 6 5 4 2 3 2 0 0 1 0 0
161 3 1 1 78538.337375548 0 11 0 0 9 6 7 5 6 3 5 4 2 1 2 0
162 0 1 0 92435.70017286832 2 2 0 0 5 1 3 0 5 6 7 3 6 8 9 10
162 1 1 0 89988.81336309039 0 2 2 0 0 5 1 3 5 6 7 3 6 8 9 10
162 2 1 0 84000.70074990107 2 2 1 3 6 6 7 3 6 8 9 10 0 0 0 0
162 3 1 0 91684.78520027037 0 0 0 0 2 2 1 0 6 6 7 4 6 8 9 10
163 0 1 0 83646.39546481491 1 3 0 0 2 2 3 1 3 4 5 0 9 11 4 0
163 1 1 0 81819.47894938072 0 1 3 0 2 2 3 1 0 3 4 5 0 9 11 4
163 2 1 0 74086.52311759844 3 3 3 1 0 2 4 5 8 3 11 4 0 8 0 0
163 3 1 0 85604.48356574326 0 3 0 0 1 2 3 1 2 3 4 5 8 8 11 4
164 0 1 1 79543.152445476 1 3 11 6 3 6 5 0 0 3 4 0 0 3 0 0
164 1 1 1 80512.76693205253 1 3 11 6 0 3 6 5 0 0 3 4 0 0 0 3
164 2 1 1 82453.40435886898 1 4 11 6 0 0 6 5 0 0 4 4 0 0 0 0
164 3 1 1 81380.55846748313 0 0 0 0 1 3 11 6 0 3 6 5 0 0 4 4
165 0 1 1 79655.26988070364 6 3 3 0 10 4 1 0 11 2 0 0 4 0 0 0
165 1 1 1 76989.31914572247 0 5 5 4 0 10 4 1 0 11 2 0 0 3 3 0
165 3 1 1 81522.51426053615 5 5 0 0 9 9 3 3 11 2 4 1 3 3 0 0
166 0 1 1 89178.32812369209 10 7 6 4 11 6 4 0 6 5 3 0 4 0 1 0
166 1 1 1 81437.24326069812 10 7 6 4 0 11 6 4 0 6 5 3 0 3 3 1
166 2 1 1 89988.9627410404 10 7 6 4 11 6 4 0 6 5 3 1 3 3 0 0
166 3 1 1 89626.36257247115 10 7 0 0 11 6 6 4 6 5 4 0 3 3 3 1
167 0 1 1 73824.64850662954 10 3 0 0 11 7 1 0 7 8 3 2 7 5 3 0
167 1 1 1 71616.36671105066 0 10 0 3 0 11 7 1 7 8 3 2 0 7 5 3
167 2 1 1 80714.3125157819 10 7 3 0 11 8 1 2 7 6 3 3 6 0 5 0
168 0 1 1 79412.34970596946 11 7 5 0 1 4 3 0 3 1 4 0 0 1 3 0
168 1 1 1 82445.03972095295 0 11 7 5 0 1 3 4 0 3 1 4 0 0 1 3
168 2 1 1 82680.78448284758 1 11 7 5 0 4 3 3 0 0 1 4 0 0 1 3
168 3 1 1 78501.07130297643 0 0 7 5 0 11 3 3 1 3 1 4 0 3 1 3
169 0 1 1 83579.93091322681 2 11 7 8 2 5 6 0 0 1 4 0 2 0 0 0
169 1 1 1 85034.56367582292 2 11 7 8 0 2 5 6 0 0 1 4 0 0 2 0
169 2 1 1 83925.16752712915 2 11 7 8 2 4 4 6 0 2 1 4 0 0 0 0
169 3 1 1 78751.30675086562 0 0 0 0 2 11 7 8 2 4 4 6 0 2 1 4
170 0 1 1 71317.75917096509 2 6 11 10 2 7 8 7 4 4 6 0 3 3 3 0
170 1 1 1 76142.18705605458 2 6 11 10 2 7 8 7 0 4 4 6 0 3 0 4
170 2 1 1 75391.01284432193 2 6 11 10 2 7 8 7 4 3 4 6 0 0 3 3
170 3 1 1 72003.61430068807 0 0 11 10 2 6 8 7 2 7 4 6 4 3 3 3
171 0 1 1 66564.96094595893 9 8 2 0 7 5 4 0 5 11 2 0 2 4 1 0
171 1 1 1 67542.88318510888 0 9 8 2 0 7 5 4 0 5 11 2 0 2 4 1
171 2 1 1 71679.0171356746 9 8 2 3 7 5 3 2 4 4 11 1 2 0 4 0
171 3 1 1 67556.43218735285 9 0 2 0 7 8 3 0 4 5 11 3 2 4 4 3
172 0 1 1 68811.14855295213 6 4 0 0 10 8 2 2 11 7 1 0 4 3 1 0
172 1 1 1 63488.9880465832 0 5 5 4 10 8 2 2 0 11 7 1 0 4 3 1
172 2 1 1 67993.14815434047 5 5 4 2 10 8 3 0 11 7 1 0 4 3 0 0
172 3 1 1 69259.11121230554 5 5 0 0 10 8 4 0 11 7 3 2 4 3 1 0
173 0 1 0 82252.00413777411 4 6 11 0 4 3 5 3 3 3 0 0 0 0 3 0
173 1 1 0 81956.22509730153 0 4 6 11 4 3 5 3 0 3 2 1 0 0 0 3
173 2 1 0 82375.72976598663 4 4 6 11 3 3 5 3 0 2 1 3 0 0 0 0
173 3 1 0 81145.28886849943 0 0 0 0 0 4 6 11 4 3 5 3 3 2 1 3
174 0 1 0 80689.55031781652 8 7 11 8 4 6 3 0 3 6 3 2 3 2 4 0
174 1 1 0 73077.34046599071 8 7 11 8 0 4 6 3 3 6 3 2 0 3 2 4
174 2 1 0 80652.46264526452 8 7 11 8 4 7 4 2 4 2 3 3 0 0 0 0
174 3 1 0 68072.41872590831 0 0 0 0 8 7 11 8 4 7 3 2 4 2 4 3
176 2 1 0 59464.05344092038 10 3 6 2 9 6 4 2 6 3 11 4 1 0 5 0
176 3 1 0 57542.17055774944 10 0 6 0 9 3 4 2 6 6 11 2 1 3 5 4
177 0 1 0 82284.5608671147 0 6 11 0 3 6 5 0 3 4 3 4 1 3 2 0
177 1 1 0 81353.2775808748 0 0 6 11 0 3 6 5 3 4 3 4 0 1 3 2
177 2 1 0 81004.3887978145 0 3 7 11 3 4 3 5 1 1 2 4 0 0 0 2
177 3 1 0 78507.8787963867 0 0 0 11 0 3 7 5 3 4 3 4 1 1 2 2
178 0 1 0 60101.6117600118 2 11 4 3 10 9 4 5 3 3 6 0 0 2 3 0
178 1 1 0 61441.0086564836 2 11 4 3 10 9 4 5 0 3 3 6 0 0 2 3
178 2 1 0 64906.82038041523 2 11 5 3 10 9 3 5 3 0 2 6 0 0 0 3
178 3 1 0 62760.91071670383 0 0 0 3 2 11 5 5 10 9 3 6 3 0 2 3
179 0 1 0 62447.386067409425 4 3 5 0 6 11 3 0 9 6 7 2 10 3 4 1
179 1 1 0 66865.70281970383 0 3 4 5 0 6 11 3 9 6 7 2 10 3 4 1
179 2 1 0 62166.9995425014 3 3 3 5 9 7 11 3 10 3 7 3 0 0 4 0
179 3 1 0 65419.11660289941 0 0 3 0 3 3 11 5 9 7 7 3 10 3 4 3
180 0 1 0 91143.71243736404 0 0 1 0 4 3 0 0 5 4 3 2 6 8 7 5
180 1 1 0 91378.54680283503 0 0 0 1 0 3 3 3 5 4 3 2 6 8 7 5
180 2 1 0 85129.69865151058 3 3 3 1 5 4 3 2 6 8 7 5 0 0 0 0
180 3 1 0 91318.26975196548 0 0 0 0 3 3 0 1 5 4 4 2 6 8 7 5
181 0 1 0 81737.07681615652 3 3 0 0 1 6 0 0 2 2 5 11 1 4 4 0
181 1 1 0 83354.72454382105 0 0 3 3 0 1 0 6 2 2 5 11 0 1 4 4
181 2 1 0 81022.83065949452 1 3 3 0 2 2 6 11 1 4 5 3 0 0 3 0
181 3 1 0 82936.25530232728 0 0 3 0 0 3 6 0 1 2 5 11 3 4 3 3
182 0 1 0 80486.42642505337 0 3 5 0 3 5 7 0 4 6 11 0 3 2 6 0
182 1 1 0 80629.33608838085 0 0 3 5 0 3 5 7 0 4 6 11 0 2 3 6
182 2 1 0 81082.61286724938 0 3 3 5 3 3 5 7 2 1 6 11 0 0 2 6
182 3 1 0 80687.74298572387 0 0 3 5 0 0 5 7 3 4 6 11 2 1 2 6
183 0 1 0 78996.69002833332 3 5 6 9 3 5 11 0 0 4 6 0 1 3 4 0
183 1 1 0 86477.98310876271 3 5 6 9 0 3 5 11 0 0 4 6 0 1 3 4
183 2 1 0 86321.67247624473 3 5 6 9 0 3 5 11 1 0 4 6 0 0 3 4
183 3 1 0 85920.687701969 0 0 6 9 3 5 5 11 0 3 4 6 1 0 3 4
184 0 1 0 86463.80448350488 9 11 5 4 8 6 5 3 4 4 1 0 4 1 0 0
184 1 1 0 85580.72725746516 9 11 5 4 8 6 5 3 0 4 4 1 0 4 0 1
184 2 1 0 86410.19024936395 9 11 6 4 8 6 3 3 5 3 1 1 0 0 0 0
184 3 1 0 77127.80923345879 0 0 0 0 9 11 6 4 8 6 3 3 5 3 1 1
185 0 1 0 66266.86777222125 10 11 4 2 7 5 8 6 5 5 2 0 1 4 0 0
185 1 1 0 64134.947604146706 10 11 4 2 7 5 8 6 0 5 5 2 0 1 3 3
185 3 1 0 73383.88988361585 10 11 4 0 7 5 8 2 5 4 4 6 1 3 3 2
186 0 1 0 62462.29796066859 10 11 6 0 8 6 7 4 3 8 6 1 7 3 0 0
186 1 1 0 59823.43918619827 0 10 11 6 8 6 7 4 3 8 6 1 0 7 1 2
186 3 1 0 42645.68385592367 10 11 5 0 8 6 7 5 3 8 6 4 7 1 2 1
187 0 1 0 81914.21483718063 11 4 0 0 1 4 3 0 2 6 3 0 2 3 0 0
187 1 1 0 80163.64734773913 0 11 3 3 0 1 4 3 0 2 6 3 0 2 3 0
187 2 1 0 81825.05222381864 11 3 3 2 3 4 1 0 2 6 3 0 0 3 0 0
187 3 1 0 80356.63549568025 0 3 0 0 11 4 3 0 3 6 1 2 2 3 3 0
188 0 1 0 80250.3106906834 11 4 0 0 1 4 4 0 2 6 3 0 2 3 0 0
188 1 1 0 81607.6561020361 0 11 4 0 0 1 4 4 0 2 6 3 0 2 3 0
188 2 1 0 81420.57034254447 11 5 3 3 3 6 3 0 2 3 0 0 0 0 0 0
188 3 1 0 80312.21996796143 0 0 0 0 11 5 0 0 3 6 3 3 2 3 3 0
189 2 1 0 56719.51680443977 4 3 3 2 1 4 5 2 2 3 10 11 0 0 4 8
189 3 1 0 59608.58226262491 0 0 3 2 3 3 5 2 3 4 10 11 3 3 4 8
190 0 1 0 81416.33873769971 7 11 3 0 5 4 1 0 4 2 3 0 4 0 0 0
190 1 1 0 81652.59678145134 0 7 11 3 0 5 4 1 0 4 2 3 0 4 0 0
190 2 1 0 81886.84064712637 7 11 1 3 5 4 3 0 5 2 0 0 0 0 0 0
190 3 1 0 80746.15835498578 0 0 0 0 7 11 0 3 5 4 1 0 5 2 3 0
191 0 1 0 78880.01200088744 8 11 1 3 5 3 4 0 4 3 3 0 3 1 0 0
191 1 1 0 84026.46626876344 8 11 1 3 0 5 3 4 0 4 3 3 0 3 1 0
191 2 1 0 76846.8132188264 8 11 1 3 5 4 4 1 4 1 2 0 3 0 0 0
191 3 1 0 80177.12830674346 8 0 0 0 5 11 1 3 4 4 4 0 3 1 2 1
192 0 1 0 86006.58327031291 9 11 6 3 7 6 5 3 6 1 3 0 4 3 2 0
192 1 1 0 87045.7303131074 9 11 6 3 7 6 5 3 0 6 1 3 0 4 2 3
192 2 1 0 87037.56774756689 9 11 6 4 7 6 5 3 5 5 1 2 4 2 1 0
192 3 1 0 86056.43272746491 9 11 6 0 7 6 5 3 5 5 1 4 4 2 1 2
193 0 1 0 89363.94121101052 10 11 6 4 7 5 4 0 4 4 3 0 6 0 3 0
193 1 1 0 87444.96181884219 10 11 6 4 0 7 5 4 0 0 5 3 0 6 0 3
193 2 1 0 90273.64273705511 10 11 6 5 0 7 5 3 6 4 4 3 0 0 0 0
193 3 1 0 79235.05995866505 0 0 0 0 10 11 6 4 0 7 5 4 6 4 4 4
194 0 1 0 89721.2721221901 10 8 5 4 7 5 4 3 3 5 4 1 3 1 0 0
194 1 1 0 89352.7736580258 10 8 5 4 7 5 4 3 3 5 4 1 0 0 3 1
194 2 1 0 89891.57878203617 10 8 5 4 7 6 5 3 3 3 1 1 0 0 0 0
194 3 1 0 86115.97299667765 0 0 0 0 10 8 5 4 7 6 5 3 3 3 1 1
195 0 1 0 89008.87841264243 10 8 2 0 7 5 4 0 7 3 3 0 3 3 0 0
195 1 1 0 84513.480416562 0 10 8 2 0 7 5 4 0 7 3 3 0 3 0 3
195 2 1 0 88925.62150018392 10 8 2 0 8 5 4 1 3 3 2 0 0 0 3 0
195 3 1 0 82810.96014520289 0 0 2 0 10 8 4 0 8 5 2 0 3 3 3 1
196 0 1 0 88410.67944899057 10 9 8 3 1 7 5 0 3 2 5 0 0 0 2 0
196 1 1 0 87194.06686266638 10 9 8 3 0 1 7 5 0 3 2 5 0 0 0 2
196 2 1 0 89237.59073823594 10 9 8 3 1 6 6 6 0 3 2 2 0 0 0 0
196 3 1 0 78713.50049785858 0 0 0 0 10 9 8 3 1 6 6 6 0 3 2 2
197 0 1 0 71744.23677895409 7 11 3 2 1 4 4 0 4 5 8 0 3 3 0 0
197 1 1 0 71925.36351485648 7 11 3 2 0 1 4 4 0 4 5 8 0 3 1 2
197 2 1 0 68795.11998310391 7 11 4 2 1 4 8 3 4 5 2 0 3 1 0 0
197 3 1 0 71400.7845845162 7 11 0 0 1 4 4 2 4 5 8 3 3 1 2 0
198 0 1 0 91861.30175769138 1 0 2 0 1 3 5 1 2 8 6 5 9 8 6 5
198 1 1 0 92079.3217417399 0 0 1 2 1 3 5 1 2 8 6 5 9 8 6 5
198 2 1 0 82213.74179051413 1 1 5 3 2 3 6 5 9 9 6 5 0 0 0 0
198 3 1 0 91068.11342712746 0 0 0 0 0 1 0 2 3 3 5 1 9 9 7 6
199 0 1 0 88788.05182061225 3 1 3 0 4 2 0 0 7 5 4 3 10 9 6 3
199 1 1 0 88653.102252545 0 1 3 3 0 4 2 0 7 5 4 3 10 9 6 3
199 2 1 0 85170.51283299192 1 2 1 3 4 2 4 3 7 5 6 3 10 9 0 0
199 3 1 0 88781.28642052587 1 2 0 0 4 2 1 3 7 5 4 0 10 9 6 4
200 0 1 0 81539.90210970367 1 0 3 0 1 3 4 0 3 6 0 0 4 11 9 0
200 1 1 0 85787.11173885208 0 0 1 3 0 1 3 4 0 3 5 5 0 4 11 9
200 2 1 0 77948.64009705767 1 1 4 3 3 3 5 0 4 5 8 8 0 11 0 0
200 3 1 0 86626.68083212311 0 1 0 0 1 3 4 3 3 5 5 0 4 11 8 8
201 0 1 0 86504.79276702601 1 2 0 0 3 0 4 0 3 6 7 0 4 5 11 10
201 1 1 0 88964.06211109666 0 1 0 2 0 0 3 4 0 3 6 7 4 5 11 10
201 2 1 0 76957.83496764165 1 3 2 4 0 3 6 7 4 5 11 10 0 0 0 0
201 3 1 0 89352.3178995647 0 0 0 0 1 0 2 4 0 4 6 7 4 5 11 10
202 0 1 0 82489.6206769277 3 1 0 0 11 2 3 2 6 4 0 0 4 3 0 0
202 1 1 0 81917.50525904984 0 3 1 0 11 2 3 2 0 6 4 0 0 3 3 3
202 2 1 0 83271.94243606512 3 3 3 2 11 4 0 0 6 3 3 0 3 0 0 0
202 3 1 0 82723.39947838672 3 0 0 0 11 3 0 0 6 4 3 2 3 3 3 0
203 0 1 0 89736.03985536766 1 1 3 0 7 2 2 0 11 7 1 3 10 8 2 0
203 1 1 0 85177.42261869308 0 1 1 3 0 7 2 2 11 7 1 3 0 10 8 2
203 2 1 0 90052.8694956946 1 1 3 2 6 6 3 3 11 7 2 0 10 8 0 0
203 3 1 0 89569.4466820187 1 1 0 0 6 6 3 0 11 7 2 2 10 8 3 3
204 0 1 0 81616.54273509677 6 1 3 0 5 8 1 0 11 7 3 0 10 9 2 0
204 1 1 0 58931.0213570793 0 6 1 3 0 5 8 1 0 11 7 3 0 10 9 2
204 2 1 0 82323.8069243234 6 1 3 0 5 8 1 2 11 7 3 0 10 9 0 0
204 3 1 0 82539.13682690877 6 1 0 0 5 8 3 0 11 7 1 0 10 9 3 2
205 0 1 0 82218.4755775897 1 4 5 0 2 4 6 8 1 3 7 9 3 3 10 0
205 1 1 0 88153.6162562239 0 1 4 5 2 4 6 8 1 3 7 9 0 0 4 10
205 2 1 0 88023.47476862383 3 3 3 5 1 4 6 8 0 4 7 9 0 0 3 10
205 3 1 0 88279.31905333072 0 0 3 5 1 3 6 8 2 4 7 9 1 4 3 10
206 1 1 0 90443.66285511803 0 3 0 0 3 4 5 1 3 4 5 8 5 7 11 10
206 2 1 0 76175.7590261946 4 4 5 1 3 4 5 8 5 7 11 10 0 0 0 0
206 3 1 0 90861.3290743389 0 0 0 0 3 0 0 1 4 5 6 8 5 7 11 10
207 0 1 0 80994.83378650369 4 0 3 0 1 2 7 0 3 6 9 0 3 4 11 10
207 1 1 0 91777.05107183615 0 3 3 3 0 0 3 7 0 3 6 9 3 4 11 10
207 2 1 0 79098.912692565 3 3 2 3 0 1 6 7 3 3 11 9 0 4 0 10
207 3 1 0 91781.82416436732 0 3 0 3 3 1 2 7 0 3 6 9 3 4 11 10
208 0 1 1 66748.36192246492 2 8 11 3 8 10 0 0 6 6 3 0 4 2 4 0
208 1 1 1 65826.3935985237 2 8 11 3 0 7 7 10 0 6 6 3 0 4 2 4
208 2 1 1 67236.80676349961 2 8 11 3 7 7 10 3 6 5 5 4 3 3 2 0
208 3 1 1 66394.14522632417 2 8 11 0 7 7 10 3 6 5 5 3 3 3 2 4
209 0 1 1 82427.23180336435 0 0 3 0 3 1 1 0 11 4 0 0 7 4 2 0
209 1 1 1 80200.75799202784 0 0 0 3 0 3 1 1 0 11 4 0 0 7 4 2
209 2 1 1 82581.29488078145 3 0 1 3 11 4 0 1 7 3 3 2 0 0 0 0
209 3 1 1 82680.55334664734 0 0 0 0 3 0 0 3 11 4 1 1 7 3 3 2
211 0 1 1 89712.03268083843 4 0 1 0 3 4 0 0 11 6 4 2 10 9 6 4
211 1 1 1 90990.69908823246 0 3 3 1 0 3 4 0 11 6 4 2 10 9 6 4
211 2 1 1 84808.61963698496 4 3 0 1 11 4 4 2 10 6 6 4 0 9 0 0
211 3 1 1 91796.95048955278 0 3 0 0 4 4 0 1 11 6 4 2 10 9 6 4
212 0 1 1 92473.66523096825 3 2 1 0 3 5 3 0 11 8 5 4 10 9 6 4
212 1 1 1 94115.65566311788 0 2 1 3 0 3 5 3 11 8 5 4 10 9 6 4
212 2 1 1 81039.2634979422 2 1 2 1 11 3 6 3 10 8 6 5 0 9 0 0
212 3 1 1 94540.64579828251 0 1 0 0 2 3 2 1 11 8 6 3 10 9 6 5
213 0 1 0 80735.13330932315 1 0 0 0 3 0 6 0 3 3 8 0 4 6 10 0
213 1 1 0 89579.36091940744 0 0 1 0 0 0 3 6 0 3 3 8 0 4 6 10
213 2 1 0 85428.31368458633 0 1 0 6 3 3 3 8 0 4 6 10 0 0 0 0
213 3 1 0 90015.72407216873 0 0 0 0 0 1 0 6 0 3 3 8 3 4 6 10
214 0 1 0 79036.51960979133 4 3 0 0 6 3 3 0 1 5 2 0 2 3 11 3
214 1 1 0 78228.51879703032 0 0 4 3 0 0 6 4 0 1 5 2 2 3 11 3
214 2 1 0 78539.1813761663 0 4 4 3 0 6 5 2 2 1 11 3 0 3 0 0
214 3 1 0 79200.7088845128 0 4 0 0 0 6 4 3 0 1 5 2 2 3 11 3
215 1 1 0 54568.69776651245 10 2 8 2 8 11 1 4 1 5 1 3 0 2 2 0
215 2 1 0 55266.78267577909 10 2 8 2 8 11 1 4 3 5 1 3 0 2 0 0
215 3 1 0 66852.65161393734 0 2 0 0 10 11 8 2 8 5 1 4 3 2 1 3
216 0 1 1 55640.7159577869 4 10 11 1 4 9 7 4 2 3 6 3 1 2 3 0
216 1 1 1 52592.674502504524 4 10 11 1 4 9 7 4 2 3 6 3 0 1 2 3
216 2 1 1 58686.61455364985 5 10 11 1 2 9 7 4 1 3 6 4 0 0 2 0
216 3 1 1 54415.31941761437 0 0 11 0 4 10 7 1 4 9 6 4 3 3 2 4
217 0 1 0 82065.24047956005 0 1 0 0 3 2 0 0 6 4 1 0 3 6 11 3
217 1 1 0 83754.63990351967 0 0 0 1 0 0 3 2 0 6 4 1 3 6 11 3
217 2 1 0 81516.63315702097 0 3 3 0 5 5 4 1 3 6 11 3 0 0 0 0
217 3 1 0 82155.77502747747 0 0 0 0 0 3 3 0 5 5 4 1 3 6 11 3
218 0 1 0 53179.52105485612 0 5 2 0 2 3 4 3 10 9 8 4 3 11 6 5
218 2 1 0 41850.320508869365 2 3 5 2 10 9 4 3 3 11 8 4 0 0 6 5
219 0 1 0 80989.40857443976 4 5 7 0 1 4 11 0 0 3 3 0 2 1 0 0
219 1 1 0 82350.18398630015 0 4 5 7 0 1 4 11 0 0 0 4 0 2 0 1
219 2 1 0 84027.7265135215 3 3 5 7 0 1 4 11 2 0 3 3 0 0 1 0
219 3 1 0 82566.56149566329 0 0 5 0 3 3 4 7 0 1 3 11 2 0 1 3
220 0 1 0 86220.83194652334 4 5 6 10 2 4 5 11 1 3 5 0 1 4 3 0
220 1 1 0 88651.77163249424 4 5 6 10 2 4 5 11 0 1 3 5 0 1 3 4
220 2 1 0 88379.16564921624 4 5 6 10 3 4 6 11 1 4 3 3 0 0 0 0
220 3 1 0 82689.13765897296 0 0 0 0 4 5 6 10 3 4 6 11 1 4 3 3
221 0 3 0 87708.05073183395 4 4 3 0 8 6 1 1 9 5 3 1 10 6 3 0
221 1 3 0 54742.75958224016 0 4 3 4 8 6 1 1 9 5 3 1 0 10 6 3
221 2 3 0 87200.30309551695 4 3 3 3 8 6 1 1 9 5 4 1 10 6 0 0
221 3 3 0 81421.22581718255 4 3 0 0 8 6 3 3 9 5 1 1 10 6 4 1
222 0 1 0 76178.47330586385 4 3 8 0 3 11 4 0 1 4 3 0 0 2 0 0
222 1 1 0 75879.44180192071 0 4 3 8 0 3 11 4 0 1 4 3 0 0 0 2
222 2 1 0 74599.48941912747 4 3 8 0 3 11 4 1 1 4 2 0 0 0 2 0
222 3 1 0 72280.46441082546 0 0 8 0 4 3 4 0 3 11 2 0 1 4 2 1
223 0 1 0 63240.992549898765 1 9 1 0 3 6 0 0 3 11 3 5 2 3 3 0
223 1 1 0 66755.2365964412 0 1 9 1 0 0 3 6 3 11 3 5 0 2 3 3
223 2 1 0 64638.67646484071 0 1 9 1 3 3 6 5 2 11 3 1 0 3 2 0
223 3 1 0 60381.78515723445 0 1 9 0 0 3 6 1 3 11 3 5 2 3 2 1
224 0 3 0 75329.51866496053 3 0 1 0 3 3 4 0 3 3 6 0 2 10 11 8
224 1 3 0 76655.90494390753 0 3 0 1 0 3 3 4 0 0 4 6 2 10 11 8
224 2 3 0 70931.9684386108 4 0 3 1 0 3 3 4 2 10 11 6 0 0 0 8
224 3 3 0 77349.60071200145 0 0 0 1 3 0 0 4 3 3 4 6 2 10 11 8
225 0 1 0 91680.12919351824 3 3 0 0 5 4 0 0 9 7 3 0 10 11 3 4
225 1 1 0 82604.54460977511 0 1 2 3 0 5 3 3 0 9 7 3 10 11 3 4
225 2 1 0 90928.89121443866 1 2 4 0 5 3 0 3 9 7 3 4 10 11 0 0
225 3 1 0 91421.38686890576 1 2 0 0 5 3 3 0 9 7 3 3 10 11 3 4
226 0 1 0 91004.2377786061 5 4 2 0 7 5 1 0 9 7 4 2 10 11 6 3
226 1 1 0 87019.42704809582 0 5 4 2 0 7 5 1 9 7 4 2 10 11 6 3
226 2 1 0 84365.21439552138 5 5 2 1 7 7 5 2 9 11 6 3 10 0 0 0
226 3 1 0 93021.4595721048 5 0 0 0 7 5 2 0 9 7 5 3 10 11 6 3
227 0 1 0 88476.88460607982 5 3 2 0 5 6 0 0 11 6 0 0 10 7 2 3
227 1 1 0 79725.28525424453 0 5 3 2 0 5 6 0 0 11 6 0 10 7 2 3
227 2 1 0 85750.79201720234 4 4 3 2 5 7 0 0 11 7 2 3 10 0 0 0
227 3 1 0 88298.65766237718 4 0 0 0 5 4 3 2 11 7 0 0 10 7 2 3
228 0 1 0 91267.39491751532 5 3 3 0 7 4 1 0 11 5 0 0 10 9 4 2
228 1 1 0 78503.29759008433 0 5 0 4 0 7 4 1 0 11 5 0 10 9 4 2
228 2 1 0 85187.81637883396 5 4 3 3 7 5 1 0 11 9 4 2 10 0 0 0
228 3 1 0 90520.6069226946 5 0 0 0 7 4 3 3 11 5 1 0 10 9 4 2
229 0 1 0 88933.4545738282 4 3 2 0 7 4 3 5 11 8 1 0 10 9 5 0
229 1 1 0 62099.362225022 0 4 2 3 7 4 3 5 0 11 8 1 0 10 9 5
229 3 1 0 90889.32036236986 4 2 1 0 7 4 3 2 11 8 1 5 10 9 5 0
230 0 1 0 80372.94290860542 5 0 2 0 1 5 1 0 11 2 4 2 1 3 2 4
230 1 1 0 78877.28151185776 0 0 5 2 0 1 5 1 11 2 4 2 1 3 2 4
230 2 1 0 78470.8102233133 1 5 4 3 11 4 4 2 1 2 2 4 0 3 0 0
230 3 1 0 77937.43145999352 0 5 0 0 1 4 0 2 11 2 5 3 1 3 2 4
231 0 1 0 85515.79464448897 9 7 5 4 11 5 4 2 5 4 1 1 1 4 1 0
231 1 1 0 85620.12679623193 9 7 5 4 11 5 4 2 5 4 1 1 0 1 4 1
231 2 1 0 86343.74713472032 9 7 5 4 11 5 4 3 5 5 1 1 1 0 0 0
231 3 1 0 80577.45369954339 9 0 0 0 11 7 5 4 5 5 4 3 1 5 1 1
232 0 1 0 89000.74113334036 10 8 1 0 11 6 2 0 6 2 1 0 5 1 0 0
232 1 1 0 78985.9972362633 0 10 8 1 0 11 6 2 0 6 0 3 0 5 0 1
232 2 1 0 89262.70049546963 10 7 7 1 11 6 2 1 6 0 3 0 5 0 0 0
232 3 1 0 83658.16714992894 10 0 0 0 11 7 7 1 6 6 2 0 5 0 3 1
233 0 1 0 88441.03348858544 3 1 2 0 5 3 1 0 11 4 1 0 10 8 5 0
233 1 1 0 79634.9223627114 0 3 1 2 0 5 3 1 0 11 4 1 0 10 8 5
233 2 1 0 87655.68339159526 3 1 0 3 5 3 1 0 11 4 4 4 10 8 0 0
233 3 1 0 88751.8379639237 3 1 0 0 5 3 0 2 11 4 1 1 10 8 4 4
234 0 1 0 95912.83012046608 1 3 0 0 7 1 1 0 11 7 5 2 10 9 7 5
234 1 1 0 95956.05971637311 0 0 1 3 0 7 1 1 11 7 5 2 10 9 7 5
234 2 1 0 74133.47860366643 7 1 3 0 11 1 1 2 10 7 5 5 0 9 7 0
235 0 1 0 79054.81678587556 2 1 3 0 1 6 8 0 3 4 9 0 1 4 10 0
235 1 1 0 90024.42006471768 0 0 3 3 0 1 6 8 0 3 4 9 0 1 4 10
235 2 1 0 90015.29085358744 0 3 1 3 0 3 6 8 1 3 4 9 0 0 3 10
235 3 1 0 89092.81146351603 0 0 1 3 0 2 6 8 0 1 4 9 1 4 3 10
236 0 1 0 77813.90892925725 2 4 3 6 2 5 11 0 1 6 0 0 3 1 0 0
236 1 1 0 80211.27566938254 2 4 3 6 0 2 5 11 0 1 0 6 0 0 3 1
236 2 1 0 80624.72952502104 2 4 3 6 3 0 5 11 0 3 6 0 0 0 1 0
236 3 1 0 80869.82399593412 0 0 3 0 2 4 5 6 2 0 6 11 1 3 1 0
237 0 1 0 80411.83592111449 3 4 5 0 4 6 7 0 2 4 11 0 0 0 5 0
237 1 1 0 83299.65605225335 0 3 4 5 0 4 6 7 0 2 4 11 0 0 0 5
237 3 1 0 82294.02467910726 0 0 0 5 1 2 4 7 0 4 6 11 0 2 4 5
238 0 3 0 74779.73782533917 0 5 2 0 3 7 0 0 3 4 3 11 3 2 5 3
238 1 3 0 80987.68484043419 0 0 5 2 0 0 3 7 3 4 3 11 3 2 5 3
238 2 3 0 74881.92913462657 0 3 5 2 3 4 7 11 3 2 3 3 0 0 5 0
238 3 3 0 71847.17389122903 0 0 5 0 0 3 7 2 0 4 3 11 4 2 5 3
239 0 1 0 80440.89049921413 3 0 0 0 0 3 2 0 3 5 8 9 5 11 10 0
239 1 1 0 93090.24509511332 0 3 0 0 0 0 3 2 3 5 8 9 0 5 11 10
239 2 1 0 78977.66735916292 3 0 3 2 3 5 8 9 4 4 11 10 0 0 0 0
239 3 1 0 92402.13242623463 0 0 0 0 3 0 3 2 3 5 8 9 4 4 11 10
240 0 1 0 81845.42185695116 1 3 0 0 3 5 11 0 1 4 5 0 0 4 1 0
240 1 1 0 82508.93302172149 0 1 3 0 0 3 5 11 0 1 4 5 0 0 4 1
240 2 1 0 82208.93416319872 1 4 5 11 0 1 4 5 0 0 4 1 0 0 0 0
240 3 1 0 82455.40527588071 0 0 0 0 1 3 0 11 0 3 5 5 0 1 5 1
241 0 1 0 73573.03562563943 3 6 2 0 3 6 8 1 3 8 11 0 3 2 8 9
241 1 1 0 75418.26515459231 0 3 6 2 3 6 8 1 0 3 8 11 3 2 8 9
241 2 1 0 72538.2053213513 4 5 5 3 3 6 8 0 3 8 11 9 0 2 8 0
241 3 1 0 60455.622678195854 0 5 5 0 3 6 8 2 3 8 11 1 4 2 8 9
242 0 1 0 53401.9966811296 4 7 4 2 3 11 4 0 1 3 9 10 3 0 4 0
242 1 1 0 52081.56610311326 4 7 4 2 0 3 11 4 1 3 9 10 0 1 2 4
242 2 1 0 55352.380078759765 4 7 4 2 1 4 11 4 1 2 9 10 0 0 0 4
242 3 1 0 54383.3407646502 0 0 0 2 4 7 4 4 1 4 11 10 1 2 9 4
243 0 1 1 81687.36256383259 1 1 0 0 6 3 2 0 11 6 3 2 4 0 3 0
243 1 1 1 81016.9682831537 0 1 1 0 0 6 3 2 11 6 3 2 0 0 4 3
243 2 1 1 82369.39903661485 1 1 2 0 6 3 3 2 11 6 0 3 0 4 0 0
243 3 1 1 80540.33712567021 0 1 0 0 1 3 0 0 6 6 2 2 11 4 3 3
244 0 1 1 89049.46840018619 0 3 3 0 1 4 6 0 2 4 5 8 3 5 11 10
244 1 1 1 88509.56010360717 0 0 0 4 0 1 4 6 2 4 5 8 3 5 11 10
244 2 1 1 88780.65089311713 1 0 3 3 2 4 4 6 3 5 5 8 0 0 11 10
244 3 1 1 89660.71803236462 0 0 3 3 0 0 4 6 3 4 5 8 3 5 11 10
245 0 1 1 59988.84677096904 5 2 1 0 4 7 4 0 3 9 5 9 3 8 11 10
245 1 1 1 54290.53544123815 0 4 4 3 0 4 7 4 3 9 5 9 3 8 11 10
245 2 1 1 46514.92317428491 5 4 2 1 3 7 4 9 3 9 5 10 0 8 11 0
245 3 1 1 56941.78871449148 0 4 2 0 4 7 4 1 4 9 5 9 4 8 11 10
246 0 3 1 65612.01005402692 4 4 6 0 5 7 2 2 6 9 7 9 3 8 11 10
246 1 3 1 1126.4516781629475 0 4 4 6 5 7 2 2 6 9 7 9 3 8 11 10
247 0 1 0 85727.61093664152 5 11 8 7 3 4 7 0 0 4 1 0 0 0 1 0
247 1 1 0 85304.3785012018 5 11 8 7 0 3 4 7 0 0 4 1 0 0 0 1
247 2 1 0 84580.48262274137 5 11 8 8 1 2 5 1 0 0 0 1 0 0 0 0
247 3 1 0 79972.34980118123 0 0 0 0 5 11 8 8 1 2 4 1 0 0 4 1
248 0 1 0 65500.63904100098 4 11 8 4 3 8 7 3 1 7 4 0 1 4 2 0
248 1 1 0 75062.09422724842 4 11 8 4 3 8 7 3 0 1 7 4 0 1 4 2
249 0 1 0 80690.48242935195 5 11 3 0 1 1 4 5 4 0 0 0 3 0 0 0
249 1 1 0 80778.68021093347 0 5 11 3 1 1 4 5 0 4 0 0 0 0 3 0
249 2 1 0 80772.8161539025 5 11 2 1 1 1 4 5 4 3 0 0 0 0 0 0
249 3 1 0 79603.71676138081 0 0 0 0 5 11 2 1 1 1 4 5 4 3 0 0
250 0 1 0 85934.1752969331 9 11 6 4 6 4 2 0 2 4 3 0 1 0 0 0
250 1 1 0 83950.44006083194 9 11 6 4 0 6 4 2 0 2 4 3 0 1 0 0
250 2 1 0 84800.54160060752 9 11 6 4 5 5 4 2 3 4 0 3 0 0 0 0
250 3 1 0 78910.83487716955 0 0 0 0 9 11 6 4 5 5 4 2 3 4 0 3
251 0 1 0 87068.7481295173 9 11 6 5 8 6 5 0 4 3 2 0 1 2 0 0
251 1 1 0 82164.93496392856 9 11 6 5 0 8 6 5 0 3 4 2 0 0 1 2
251 2 1 0 87161.01445021856 9 11 6 5 8 6 5 2 3 3 3 0 0 1 2 0
251 3 1 0 78825.29640725328 0 11 6 0 9 6 5 5 8 3 3 0 3 1 2 2
252 0 1 0 79583.46990887431 3 4 5 0 11 5 3 0 3 5 1 0 0 1 2 0
252 1 1 0 80547.12454007467 0 3 4 5 0 11 5 3 0 3 5 1 0 0 0 3
252 2 1 0 80258.3227859588 1 2 4 5 0 11 6 3 0 3 1 3 0 0 0 0
252 3 1 0 80278.0236884641 0 0 0 0 1 2 4 5 0 11 6 3 0 3 1 3
253 0 1 0 87320.03262020291 9 6 7 0 11 6 4 0 5 4 2 0 4 4 0 0
253 1 1 0 77257.92174359785 0 9 6 7 0 11 6 4 0 5 4 2 0 4 3 3
253 2 1 0 87083.8682733929 9 7 7 3 11 4 3 0 5 3 2 0 4 0 3 0
253 3 1 0 80664.07271828424 9 0 7 0 11 7 3 0 5 4 2 3 4 3 3 0
254 0 1 0 87652.08998768215 9 8 7 5 11 7 5 3 3 0 3 0 2 1 2 0
254 1 1 0 87394.92639653088 9 8 7 5 11 7 5 3 0 0 3 3 0 2 0 3
254 2 1 0 87519.87467499182 9 8 7 5 11 7 5 4 2 3 1 2 0 0 0 0
254 3 1 0 80306.7029039493 0 0 0 0 9 8 7 5 11 7 5 4 2 3 1 2
255 0 1 0 74853.6673056045 10 8 4 3 11 5 4 3 3 4 1 0 3 1 9 0
255 1 1 0 71312.41619092546 10 8 4 3 11 5 4 3 0 3 4 1 0 3 1 9
255 2 1 0 73012.61769865919 10 8 5 4 11 5 4 1 3 3 1 9 0 0 0 0
255 3 1 0 66191.64358687247 0 0 0 0 10 8 4 4 11 5 5 1 3 3 1 9
