12 8 2 3 5 4 4 4 1 4 0 0 0 0 1 0 1 0 2 1 0 0 0 0 2 2 3 542
12 8 6 3 7 4 1 0 3 4 0 0 1 1 0 0 1 0 3 1 0 0 0 0 1 4 1 567
12 9 5 3 3 5 0 2 4 3 0 3 0 2 0 2 1 0 3 1 0 0 0 0 3 0 2 592
12 9 7 3 4 6 3 1 4 3 0 0 3 2 0 0 1 0 2 1 0 0 0 0 2 1 1 617
3 12 9 8 3 3 7 6 3 4 0 4 1 2 0 0 1 0 2 1 0 0 0 0 2 1 1 642
3 4 12 10 3 4 5 2 0 0 3 5 3 0 1 1 1 0 3 1 0 0 0 0 1 2 0 667
4 5 12 10 0 1 5 7 2 4 4 4 0 2 0 1 1 0 2 1 0 0 0 0 1 0 1 692
2 0 12 10 1 3 7 9 3 6 5 8 3 2 2 3 1 0 1 1 0 0 0 0 2 1 0 717
1 3 12 11 0 8 5 9 4 2 5 3 4 3 1 1 1 0 2 1 0 0 0 0 1 2 1 742
2 3 12 11 3 8 7 9 5 4 4 5 1 2 2 1 1 0 1 1 0 0 0 0 0 0 3 767
0 3 12 11 1 4 6 10 0 2 1 4 4 0 1 3 1 0 2 1 0 0 0 0 0 1 1 792
0 3 12 11 0 3 7 10 3 3 5 6 1 0 2 4 1 0 1 1 0 0 0 0 0 1 0 817
1 1 12 11 1 8 8 10 2 5 6 3 0 3 4 2 1 0 2 1 0 0 0 0 0 0 1 842
2 2 12 11 4 1 9 10 4 6 7 3 4 4 1 2 1 0 1 1 0 0 0 0 0 0 0 867
0 3 12 11 1 1 9 10 0 5 8 6 2 9 5 5 1 0 3 1 0 0 0 0 0 1 0 892
3 7 12 11 2 4 9 10 3 8 7 2 3 1 9 6 1 0 3 1 0 0 0 0 1 0 0 917
0 0 1 0 0 2 3 3 0 2 5 6 1 4 3 12 1 0 2 1 0 0 0 0 2 1 1 585
3 2 2 1 1 1 4 7 2 4 6 12 3 3 3 0 1 0 2 1 0 0 0 0 1 0 2 610
3 6 0 0 3 5 8 12 3 4 3 1 3 2 0 0 1 0 1 1 0 0 0 0 0 1 1 635
1 7 8 12 4 5 6 4 3 3 2 3 0 0 0 2 1 0 1 1 0 0 0 0 0 0 1 660
3 4 7 9 2 3 6 12 1 2 5 3 0 3 3 2 1 0 1 1 0 0 0 0 1 0 0 685
3 5 7 9 2 5 8 12 1 5 4 1 0 3 4 3 1 0 3 1 0 0 0 0 0 1 0 710
0 0 3 0 2 3 3 3 1 3 6 9 3 7 10 12 1 0 1 1 0 0 0 0 0 1 2 735
2 3 5 0 6 5 4 0 8 4 12 0 11 0 2 3 1 0 3 1 0 0 0 0 3 1 0 760
2 0 2 0 3 7 2 0 4 8 7 3 1 11 12 4 1 0 1 1 0 0 0 0 2 1 0 785
0 3 0 0 4 3 4 7 6 9 0 9 6 11 12 6 1 0 3 1 0 0 0 0 2 2 1 810
1 0 4 0 9 6 3 1 7 8 10 0 11 12 3 3 1 0 1 1 0 0 0 0 0 3 2 835
0 0 0 3 0 0 3 6 1 2 4 4 0 3 5 12 1 0 3 1 0 0 0 0 3 3 2 488
0 0 0 3 2 4 4 6 0 3 5 7 0 4 9 12 1 0 1 1 0 0 0 0 3 3 2 513
1 3 3 2 6 4 4 5 3 8 12 0 3 9 0 0 1 0 3 1 0 0 0 0 3 3 1 538
1 2 1 4 0 4 2 12 0 1 3 10 0 0 0 6 1 0 3 1 0 0 0 0 2 3 3 563
3 2 3 2 0 3 4 3 2 5 8 12 5 1 7 10 1 0 2 1 0 0 0 0 4 1 3 588
3 5 4 4 0 3 6 4 0 4 1 2 0 11 12 2 1 0 1 1 0 0 0 0 3 3 3 613
0 3 0 1 5 6 3 2 9 5 1 3 11 12 4 0 1 0 2 1 0 0 0 0 3 3 4 638
2 2 3 2 5 4 3 1 9 7 4 3 11 12 6 4 1 0 2 1 0 0 0 0 4 1 4 663
3 3 3 3 0 8 5 3 9 8 5 3 11 12 7 3 1 0 1 1 0 0 0 0 3 4 3 688
0 0 0 3 1 1 4 3 10 7 5 4 11 12 7 5 1 0 2 1 0 0 0 0 2 3 4 713
3 2 4 5 0 3 5 4 10 7 6 4 11 12 7 6 1 0 2 1 0 0 0 0 4 2 2 738
6 2 0 1 6 4 3 2 10 9 3 1 11 12 8 3 1 0 2 1 0 0 0 0 3 2 4 763
5 1 0 2 7 6 6 3 10 9 8 3 11 12 9 2 1 0 1 1 0 0 0 0 3 3 3 788
1 1 0 0 0 5 3 0 5 6 3 0 13 9 5 3 1 0 1 1 0 0 0 0 1 4 3 813
0 0 0 2 2 1 0 5 0 0 3 8 3 13 9 8 1 0 1 1 0 0 0 0 2 2 4 838
2 0 3 3 0 0 2 5 0 3 5 6 2 5 13 10 1 0 3 1 0 0 0 0 4 1 2 863
0 1 2 2 3 3 3 0 5 7 0 0 9 7 13 10 1 0 3 1 0 0 0 0 3 2 2 888
3 3 0 2 2 3 4 0 4 6 8 5 9 7 13 10 1 0 1 1 0 0 0 0 3 2 3 913
0 0 1 4 0 0 5 6 1 2 5 11 0 0 2 13 1 0 3 1 0 0 0 0 2 2 3 938
2 4 4 2 3 7 10 1 2 4 10 11 5 13 6 1 1 0 2 1 0 0 0 0 4 2 3 963
0 0 2 5 1 3 6 8 5 3 4 1 1 3 13 12 3 1 4 0.54545454545454553 5 0.27272727272727276 6 0.18181818181818185 2 4 4 988
2 0 2 0 3 3 6 3 4 6 7 8 5 13 12 3 1 0 2 1 0 0 0 0 4 1 4 1013
0 1 5 3 7 9 3 1 13 12 4 2 1 2 0 3 1 0 3 1 0 0 0 0 2 3 3 1038
1 1 3 5 3 13 8 4 0 1 9 4 0 3 0 12 1 0 2 1 0 0 0 0 1 3 3 1063
5 1 3 5 7 13 3 0 8 6 1 3 9 12 2 0 1 0 3 1 0 0 0 0 2 3 2 1088
4 0 3 2 13 5 3 0 9 4 1 0 10 12 6 3 1 0 2 1 0 0 0 0 3 2 3 1113
7 5 3 1 13 6 5 1 9 7 2 1 10 12 2 0 1 0 3 1 0 0 0 0 2 3 3 1138
0 2 3 3 1 3 3 0 5 12 1 0 1 13 11 4 1 0 3 1 0 0 0 0 2 4 2 1163
1 3 0 0 2 11 7 3 12 13 5 3 3 3 4 5 1 0 2 1 0 0 0 0 3 2 3 1188
3 1 3 0 12 11 1 4 2 2 6 6 3 13 8 4 1 0 2 1 0 0 0 0 4 3 1 1213
0 3 0 0 0 1 4 3 0 3 6 4 3 12 4 2 1 0 1 1 0 0 0 0 3 4 3 490
1 0 0 0 2 0 1 0 5 6 4 3 5 12 7 4 1 0 3 1 0 0 0 0 3 4 3 515
0 2 1 2 3 3 4 5 1 5 6 7 2 12 7 8 1 0 2 1 0 0 0 0 4 2 4 540
2 2 5 1 1 4 5 0 3 4 9 0 4 12 9 2 3 1 4 0.54545454545454541 5 0.27272727272727271 6 0.1818181818181818 1 0 0 565
3 1 2 2 3 3 4 4 1 3 7 6 3 0 12 10 1 0 3 1 0 0 0 0 0 0 0 590
0 0 0 3 1 2 3 3 0 4 6 8 4 5 12 10 1 0 2 1 0 0 0 0 4 3 4 615
3 3 0 0 4 4 2 3 5 6 8 9 1 7 12 10 1 0 2 1 0 0 0 0 4 3 4 640
0 2 0 0 0 3 4 3 7 6 4 5 3 11 12 1 1 0 2 1 0 0 0 0 4 3 4 665
1 1 3 0 3 5 3 2 5 9 4 3 11 12 5 2 3 1 6 0.28571428571428575 7 0.28571428571428575 8 0.4285714285714286 0 0 0 690
3 1 3 3 0 2 5 6 2 7 10 12 1 3 9 11 1 0 2 1 0 0 0 0 1 0 1 715
2 1 3 4 3 2 5 2 5 8 10 12 4 5 9 11 1 0 1 1 0 0 0 0 1 0 1 740
3 4 8 12 1 4 2 7 0 1 5 4 0 0 1 3 1 0 2 1 0 0 0 0 2 3 3 568
0 9 12 3 3 7 8 7 4 6 6 6 2 2 1 3 1 0 1 1 0 0 0 0 3 3 4 593
10 12 5 1 9 5 4 0 2 4 0 2 0 1 0 2 1 0 2 1 0 0 0 0 4 2 4 618
10 12 3 0 9 7 3 0 5 4 3 2 5 1 3 1 1 0 2 1 0 0 0 0 3 3 3 643
10 12 6 4 9 7 5 3 6 5 3 0 2 4 3 3 1 0 2 1 0 0 0 0 4 2 2 668
11 12 7 3 6 5 0 3 3 0 0 0 1 0 2 0 1 0 2 1 0 0 0 0 3 2 3 693
11 12 7 4 7 5 4 3 4 4 3 2 3 2 1 0 1 0 3 1 0 0 0 0 3 2 2 718
11 12 7 4 7 6 5 3 6 6 4 0 1 0 3 0 1 0 1 1 0 0 0 0 1 3 3 743
11 12 7 5 9 7 5 4 5 3 3 0 1 4 0 1 1 0 1 1 0 0 0 0 1 4 2 768
11 12 8 5 9 7 6 4 3 2 1 4 0 0 3 1 1 0 1 1 0 0 0 0 1 3 2 793
11 12 4 1 10 5 4 2 4 6 1 0 2 8 0 0 1 0 2 1 0 0 0 0 3 2 1 818
11 12 6 4 10 7 5 0 5 8 2 3 4 2 0 3 1 0 2 1 0 0 0 0 4 1 2 843
11 12 7 3 10 9 5 3 3 3 4 0 0 2 3 3 3 1 4 0.54545454545454541 5 0.27272727272727271 6 0.1818181818181818 4 3 2 868
11 12 8 3 10 9 5 3 2 5 4 0 0 1 2 0 1 0 3 1 0 0 0 0 3 2 3 893
11 12 8 6 10 9 7 4 2 3 3 3 0 0 2 3 1 0 2 1 0 0 0 0 4 1 2 918
13 0 0 1 6 2 0 0 3 4 1 0 1 2 2 1 1 0 3 1 0 0 0 0 1 2 3 943
3 0 0 0 13 4 0 0 7 4 3 0 3 6 3 2 1 0 1 1 0 0 0 0 2 2 1 968
5 13 8 3 4 5 4 3 3 2 2 0 0 0 0 3 1 0 3 1 0 0 0 0 3 1 0 993
10 13 8 4 1 8 5 4 2 8 4 1 1 0 4 2 1 0 2 1 0 0 0 0 1 1 4 1018
10 13 4 4 3 10 5 3 4 3 2 3 1 1 0 3 1 0 3 1 0 0 0 0 3 4 1 1043
11 13 8 3 7 5 3 0 5 4 0 0 4 3 1 2 1 0 3 1 0 0 0 0 3 3 2 1068
11 13 10 2 9 4 3 2 3 5 6 0 3 3 0 0 1 0 2 1 0 0 0 0 4 1 4 1093
0 1 0 0 3 5 4 4 9 13 6 1 2 12 7 3 1 0 2 1 0 0 0 0 3 3 3 1118
0 13 0 1 1 12 2 4 9 3 5 1 3 8 7 3 1 0 3 1 0 0 0 0 2 4 3 1143
12 5 4 0 13 1 3 2 10 0 0 0 4 10 3 1 1 0 2 1 0 0 0 0 3 3 3 1168
12 3 1 0 11 6 1 0 3 7 2 0 13 9 9 2 1 0 3 1 0 0 0 0 4 4 3 1193
12 8 4 3 11 10 5 3 3 2 3 2 13 1 3 1 1 0 3 1 0 0 0 0 4 4 2 1218
11 12 8 1 10 7 5 2 8 5 3 0 13 4 4 0 1 0 2 1 0 0 0 0 4 3 4 1243
9 2 3 0 8 4 4 2 12 5 0 3 0 1 3 0 1 0 1 1 0 0 0 0 0 0 1 473
9 4 0 0 8 5 0 0 12 6 5 4 6 4 2 1 1 0 2 1 0 0 0 0 1 0 0 498
10 4 4 0 12 5 0 3 8 4 0 0 5 2 2 0 1 0 1 1 0 0 0 0 1 0 1 523
10 8 4 1 12 7 1 3 8 5 2 0 5 4 3 1 1 0 2 1 0 0 0 0 0 1 1 548
10 9 6 2 12 8 4 3 2 1 3 1 0 1 3 3 1 0 2 1 0 0 0 0 0 0 1 573
10 9 7 2 12 8 6 1 1 3 5 0 0 3 5 3 1 0 2 1 0 0 0 0 0 0 1 598
11 5 1 3 12 6 2 2 0 1 4 1 3 4 2 2 1 0 1 1 0 0 0 0 0 0 0 623
11 8 3 0 12 7 1 0 6 5 5 2 2 4 4 1 1 0 2 1 0 0 0 0 1 0 0 648
11 10 0 3 12 6 3 1 6 3 1 0 3 2 2 0 1 0 3 1 0 0 0 0 0 0 1 673
11 10 1 0 12 7 3 2 7 5 2 0 4 4 3 1 1 0 2 1 0 0 0 0 1 0 1 698
11 10 1 0 12 7 3 1 7 6 3 2 6 5 5 2 1 0 3 1 0 0 0 0 0 0 1 723
11 11 1 3 12 1 4 2 9 4 4 0 5 0 0 3 1 0 1 1 0 0 0 0 0 2 1 748
1 4 4 5 9 13 2 3 8 7 3 1 0 3 0 2 1 0 1 1 0 0 0 0 0 1 2 773
6 10 13 3 3 1 0 1 3 2 3 0 3 0 0 0 1 0 2 1 0 0 0 0 1 1 0 798
2 4 10 13 1 1 5 8 0 0 2 5 3 0 0 3 1 0 1 1 0 0 0 0 0 1 1 823
5 6 10 13 3 5 6 8 3 1 3 0 3 2 1 3 1 0 3 1 0 0 0 0 0 1 0 848
0 8 10 13 0 5 7 8 3 3 4 5 0 2 1 4 1 0 2 1 0 0 0 0 1 0 0 873
5 8 10 13 0 3 1 9 3 2 1 6 1 0 0 4 1 0 2 1 0 0 0 0 0 1 1 898
5 8 10 13 4 5 5 9 1 2 1 7 0 0 1 5 1 0 3 1 0 0 0 0 0 2 0 923
0 2 7 11 0 6 5 13 3 2 3 5 0 3 0 0 1 0 1 1 0 0 0 0 1 0 1 948
0 4 8 11 1 2 6 13 0 2 4 5 0 3 0 4 1 0 3 1 0 0 0 0 1 0 0 973
4 6 8 11 3 5 7 13 2 0 4 4 0 2 1 3 1 0 1 1 0 0 0 0 0 0 0 998
1 4 9 11 2 5 6 13 0 3 1 6 0 0 0 2 1 0 3 1 0 0 0 0 0 0 0 1023
5 6 9 11 4 5 7 13 0 3 5 3 3 2 0 1 1 0 3 1 0 0 0 0 4 4 3 1048
2 7 9 11 6 6 7 13 4 1 6 3 3 2 5 1 1 0 2 1 0 0 0 0 4 3 4 1073
2 5 10 11 2 4 6 13 1 1 3 6 0 0 2 1 1 0 3 1 0 0 0 0 4 4 3 1098
2 5 10 11 1 4 7 13 3 5 6 1 3 3 5 0 1 0 2 1 0 0 0 0 3 3 4 1123
4 7 10 11 3 4 8 13 0 1 9 4 2 2 0 4 1 0 2 1 0 0 0 0 4 2 4 1148
0 0 2 4 1 1 9 12 2 0 5 5 4 1 8 13 1 0 3 1 0 0 0 0 0 1 0 1173
2 4 6 2 0 4 6 12 1 8 10 6 0 0 1 13 1 0 3 1 0 0 0 0 0 0 1 1198
0 1 4 4 2 1 3 11 1 3 9 4 5 4 13 12 1 0 3 1 0 0 0 0 0 2 0 1223
0 0 0 7 3 0 2 5 9 7 3 11 7 13 12 1 1 0 2 1 0 0 0 0 1 0 2 1248
0 5 3 3 1 12 5 4 4 2 10 13 0 1 11 0 1 0 2 1 0 0 0 0 1 1 1 1273
3 7 6 12 2 2 4 2 0 3 1 1 0 0 3 0 1 0 3 1 0 0 0 0 4 3 2 509
1 5 8 12 2 4 5 2 0 1 4 1 0 0 2 2 1 0 3 1 0 0 0 0 3 2 3 534
2 6 8 12 1 1 7 5 0 0 4 4 0 1 0 0 3 1 4 0.54545454545454541 5 0.27272727272727271 6 0.1818181818181818 2 4 3 559
5 6 9 12 2 4 4 2 1 4 2 0 0 1 2 0 1 0 3 1 0 0 0 0 4 2 3 584
3 5 7 9 0 0 6 12 0 2 8 5 0 2 3 4 1 0 1 1 0 0 0 0 3 2 4 609
3 5 6 10 2 5 12 0 3 1 3 1 0 0 2 3 3 1 7 0.1818181818181818 8 0.27272727272727271 9 0.54545454545454541 3 3 3 634
2 4 8 10 3 3 3 12 2 9 0 4 1 0 0 1 1 0 2 1 0 0 0 0 3 2 4 659
0 1 8 10 3 9 7 12 0 3 9 5 0 3 3 3 1 0 2 1 0 0 0 0 3 3 3 684
3 4 0 1 8 0 4 3 5 1 7 11 2 6 6 12 1 0 1 1 0 0 0 0 2 4 3 709
2 2 3 4 4 7 3 3 1 4 9 5 1 9 12 11 1 0 1 1 0 0 0 0 3 4 3 734
1 3 2 1 3 2 6 8 0 4 10 11 0 1 12 3 1 0 2 1 0 0 0 0 3 3 3 759
0 1 4 6 3 3 7 8 2 3 10 11 9 7 12 3 1 0 2 1 0 0 0 0 4 3 3 784
0 1 0 2 3 1 2 0 0 1 5 4 0 4 4 12 1 0 3 1 0 0 0 0 1 2 2 581
0 2 0 0 3 2 1 3 0 0 6 3 0 7 12 4 1 0 3 1 0 0 0 0 2 1 1 606
2 1 0 0 2 3 2 3 3 4 4 3 8 12 5 3 3 1 4 0.54545454545454541 5 0.27272727272727271 6 0.1818181818181818 2 0 2 631
3 0 1 0 2 3 2 0 7 4 2 1 9 12 6 3 1 0 3 1 0 0 0 0 2 1 2 656
1 3 2 0 4 4 3 4 8 6 5 4 9 12 6 3 1 0 3 1 0 0 0 0 2 2 1 681
1 2 2 1 4 4 0 0 7 5 5 0 10 12 7 4 1 0 2 1 0 0 0 0 2 1 2 706
2 0 0 0 3 4 2 0 8 6 4 3 10 12 7 4 1 0 1 1 0 0 0 0 2 1 1 731
1 3 1 2 0 5 3 1 9 5 4 2 10 12 8 1 3 1 4 0.54545454545454541 5 0.27272727272727271 6 0.1818181818181818 1 3 3 756
3 2 2 1 4 4 4 0 9 7 5 4 10 12 8 5 1 0 3 1 0 0 0 0 3 2 2 781
0 0 3 0 4 0 1 0 6 5 0 2 11 12 5 2 1 0 3 1 0 0 0 0 3 2 2 806
4 1 2 0 5 4 1 0 7 3 3 3 11 12 6 2 1 0 2 1 0 0 0 0 2 1 3 831
0 2 2 0 2 3 4 1 8 6 5 4 11 12 6 4 1 0 1 1 0 0 0 0 2 1 3 856
1 0 0 2 4 3 3 0 8 7 5 2 11 12 7 5 1 0 3 1 0 0 0 0 2 1 2 881
3 1 3 1 2 5 5 0 10 7 1 3 11 12 0 5 1 0 2 1 0 0 0 0 1 2 3 906
2 1 3 0 3 3 2 0 10 8 5 0 11 12 6 3 1 0 1 1 0 0 0 0 1 1 3 931
0 1 2 3 3 6 3 3 10 8 5 3 11 12 7 5 1 0 3 1 0 0 0 0 2 2 1 956
6 6 2 0 3 3 5 0 13 3 2 1 0 0 2 0 1 0 1 1 0 0 0 0 2 1 3 981
3 2 0 0 1 5 3 0 3 7 2 1 1 13 7 3 1 0 2 1 0 0 0 0 2 2 1 1006
3 3 0 0 1 1 7 1 0 4 4 7 2 13 10 3 1 0 3 1 0 0 0 0 2 4 1 1031
2 0 1 3 0 3 6 2 13 9 6 3 10 3 8 4 1 0 3 1 0 0 0 0 3 2 3 1056
4 1 0 0 13 2 2 1 10 5 5 1 4 10 2 2 1 0 1 1 0 0 0 0 2 2 4 1081
5 3 1 1 7 5 2 2 13 11 3 0 3 1 3 4 1 0 2 1 0 0 0 0 2 2 3 1106
13 9 5 3 11 5 3 3 5 3 0 3 3 0 0 3 1 0 1 1 0 0 0 0 3 4 1 1131
13 10 1 0 11 6 4 3 7 3 0 2 5 3 0 0 1 0 3 1 0 0 0 0 3 3 2 1156
13 2 9 0 11 11 3 1 8 1 6 0 5 6 4 0 1 0 2 1 0 0 0 0 3 3 4 1181
3 13 3 6 12 7 3 10 8 4 5 1 5 6 3 3 1 0 2 1 0 0 0 0 0 0 0 1206
1 13 12 6 3 1 2 7 1 3 9 10 5 0 4 7 1 0 2 1 0 0 0 0 0 1 1 1231
0 4 12 8 2 13 1 6 1 0 4 11 0 2 3 3 1 0 3 1 0 0 0 0 0 0 3 1256
3 0 3 0 4 3 12 5 1 5 8 3 13 5 7 11 1 0 1 1 0 0 0 0 0 2 0 1281
6 5 3 0 12 11 2 3 2 13 10 4 0 2 0 10 1 0 1 1 0 0 0 0 2 0 1 1306
3 0 1 2 0 0 4 6 5 4 3 8 0 1 12 4 1 0 3 1 0 0 0 0 3 4 2 458
1 3 6 10 0 2 4 12 0 2 4 5 2 3 1 0 1 0 1 1 0 0 0 0 3 3 4 483
5 5 7 10 0 3 6 12 2 3 3 3 2 0 0 0 1 0 1 1 0 0 0 0 3 2 4 508
4 7 8 10 3 3 6 12 3 4 3 3 1 2 0 0 1 0 3 1 0 0 0 0 4 4 3 533
2 4 10 10 3 1 3 12 0 4 1 6 0 2 0 4 1 0 1 1 0 0 0 0 3 4 4 558
3 3 4 11 0 4 6 12 2 1 4 7 2 1 0 5 1 0 3 1 0 0 0 0 4 4 3 583
2 1 8 11 0 4 7 12 0 0 4 7 0 2 0 5 1 0 1 1 0 0 0 0 0 0 0 608
1 1 9 11 3 2 6 12 0 3 6 7 0 3 3 5 1 0 2 1 0 0 0 0 0 0 0 633
2 8 9 11 3 3 8 12 0 4 6 7 3 4 5 2 1 0 1 1 0 0 0 0 1 0 1 658
3 2 10 11 2 6 7 12 1 4 6 7 3 0 3 4 1 0 2 1 0 0 0 0 2 0 0 683
0 2 10 11 4 2 8 12 0 3 7 7 1 3 4 3 1 0 3 1 0 0 0 0 1 0 0 708
5 2 10 11 3 4 9 12 3 0 6 6 3 0 0 3 1 0 1 1 0 0 0 0 0 0 1 733
3 4 10 11 3 4 9 12 0 2 4 8 3 0 3 3 1 0 1 1 0 0 0 0 0 0 0 758
5 7 10 11 2 4 9 12 1 4 5 8 0 3 3 5 1 0 2 1 0 0 0 0 1 0 0 783
4 3 11 11 3 7 5 12 2 6 0 1 3 0 3 0 3 1 4 0.54545454545454541 5 0.27272727272727271 6 0.1818181818181818 1 1 0 808
0 0 2 9 1 4 5 13 1 4 7 6 0 0 10 3 1 0 2 1 0 0 0 0 2 2 1 833
0 1 2 3 3 10 13 9 1 3 7 8 0 0 1 3 1 0 3 1 0 0 0 0 1 3 1 858
1 0 0 3 0 3 4 1 0 1 2 4 0 4 5 12 1 0 3 1 0 0 0 0 1 3 3 594
2 0 0 0 1 1 1 0 6 3 2 3 7 12 4 2 1 0 1 1 0 0 0 0 1 2 3 619
4 2 0 0 6 4 0 0 8 5 0 3 12 2 1 0 1 0 1 1 0 0 0 0 2 2 3 644
4 1 0 2 7 5 0 0 8 6 3 1 12 9 3 2 1 0 3 1 0 0 0 0 2 2 3 669
4 4 3 1 6 2 1 1 10 3 4 1 12 0 3 0 1 0 2 1 0 0 0 0 1 3 2 694
10 7 5 3 12 6 4 2 3 3 3 1 0 2 1 0 1 0 2 1 0 0 0 0 2 1 2 719
10 9 1 6 12 8 6 2 2 3 4 1 0 0 2 0 1 0 3 1 0 0 0 0 3 2 1 744
10 9 1 3 12 9 2 0 3 4 2 0 0 3 4 3 1 0 3 1 0 0 0 0 3 2 1 769
11 9 5 3 12 6 4 0 6 4 2 3 4 0 1 0 1 0 2 1 0 0 0 0 3 2 2 794
11 10 1 0 12 7 3 2 7 5 3 2 5 3 3 0 1 0 2 1 0 0 0 0 3 1 4 819
11 10 7 1 12 9 5 5 4 3 3 2 3 0 2 0 1 0 2 1 0 0 0 0 4 2 2 844
11 10 8 5 12 9 5 4 3 3 1 4 0 0 0 2 1 0 1 1 0 0 0 0 2 3 2 869
11 11 8 3 12 8 7 1 6 2 2 3 4 1 0 0 1 0 2 1 0 0 0 0 3 2 3 894
13 9 5 0 8 4 1 1 5 3 0 0 3 1 0 2 1 0 2 1 0 0 0 0 1 2 4 919
13 9 4 0 8 7 4 3 7 5 0 0 5 3 1 0 1 0 2 1 0 0 0 0 2 2 3 944
13 2 3 0 10 6 0 0 7 4 0 0 6 4 2 1 3 1 6 0.33333333333333331 7 0.33333333333333331 8 0.33333333333333331 3 2 3 969
3 1 0 0 13 3 0 0 10 3 0 1 9 8 4 3 1 0 3 1 0 0 0 0 2 4 3 994
5 5 5 3 13 6 3 4 10 8 2 1 3 9 0 3 1 0 2 1 0 0 0 0 4 3 3 1019
1 2 3 2 3 4 4 5 3 13 6 3 1 11 0 0 1 0 1 1 0 0 0 0 3 4 4 1044
4 0 0 1 3 7 5 2 3 4 6 2 3 13 12 1 1 0 3 1 0 0 0 0 0 0 0 1069
2 3 3 4 1 6 5 1 5 4 8 1 3 10 13 12 1 0 2 1 0 0 0 0 0 1 0 1094
4 1 0 0 2 2 2 1 10 12 1 0 10 13 3 4 1 0 3 1 0 0 0 0 0 0 1 1119
2 0 1 2 7 0 3 2 11 12 1 4 13 1 3 4 1 0 3 1 0 0 0 0 0 0 0 1144
8 0 1 0 11 4 3 2 13 12 4 0 4 3 1 2 1 0 1 1 0 0 0 0 3 4 4 1169
4 7 3 1 11 8 6 3 13 7 6 2 2 12 1 0 1 0 1 1 0 0 0 0 0 1 1 1194
1 3 1 3 11 9 5 1 13 7 6 2 2 12 5 4 1 0 3 1 0 0 0 0 0 1 0 1219
1 3 0 1 11 10 3 0 13 12 5 5 3 2 6 4 1 0 2 1 0 0 0 0 0 0 1 1244
0 0 3 1 0 3 3 7 11 10 7 2 3 13 12 4 1 0 3 1 0 0 0 0 0 0 0 1269
1 1 7 4 2 0 8 4 3 13 13 6 2 0 3 0 1 0 1 1 0 0 0 0 0 1 1 1294
1 0 2 1 0 2 3 6 1 3 7 8 0 3 3 12 1 0 2 1 0 0 0 0 3 3 4 508
2 1 0 1 0 3 2 3 0 0 5 6 4 5 12 10 3 1 5 0.42857142857142855 6 0.2857142857142857 7 0.2857142857142857 0 0 0 533
2 1 0 0 2 3 0 6 1 4 6 7 4 6 12 10 1 0 3 1 0 0 0 0 0 0 0 558
0 1 2 3 0 3 3 5 4 3 7 8 3 5 12 10 1 0 1 1 0 0 0 0 3 4 4 583
1 3 0 0 2 5 3 8 4 6 9 0 4 5 12 10 1 0 3 1 0 0 0 0 0 0 0 608
1 3 5 9 1 5 6 8 2 5 7 9 0 7 12 10 1 0 3 1 0 0 0 0 0 1 0 633
7 6 4 1 3 5 10 11 0 5 12 3 0 3 2 2 1 0 1 1 0 0 0 0 0 0 1 658
3 5 0 2 3 3 6 11 12 10 6 6 9 3 6 1 1 0 1 1 0 0 0 0 1 2 1 683
0 2 5 12 1 0 5 1 0 4 5 2 0 0 3 0 1 0 3 1 0 0 0 0 0 0 0 565
1 6 12 4 1 6 6 4 2 1 4 4 0 0 2 3 1 0 2 1 0 0 0 0 0 0 0 590
2 5 12 8 0 3 4 4 0 0 6 1 3 0 2 1 1 0 2 1 0 0 0 0 4 3 4 615
2 5 12 8 2 1 7 6 0 0 4 5 0 3 0 1 3 1 4 0.54545454545454541 5 0.27272727272727271 6 0.1818181818181818 4 4 3 640
4 5 12 9 4 6 4 0 3 3 3 3 2 1 0 0 1 0 2 1 0 0 0 0 4 3 3 665
3 7 12 9 3 3 4 7 0 0 4 4 0 0 0 4 3 1 7 0.1818181818181818 8 0.27272727272727271 9 0.54545454545454541 4 4 3 690
1 7 12 10 1 3 7 7 3 3 5 2 0 3 3 2 1 0 3 1 0 0 0 0 4 4 2 715
4 7 12 10 3 6 7 9 1 0 3 0 0 0 2 3 1 0 3 1 0 0 0 0 4 4 3 740
5 8 12 11 0 3 3 5 3 0 0 4 3 0 0 3 1 0 1 1 0 0 0 0 0 1 0 765
5 8 12 11 0 5 6 7 2 0 4 4 0 0 1 3 1 0 2 1 0 0 0 0 1 0 1 790
4 2 12 11 5 4 4 10 2 5 7 3 0 0 0 3 1 0 2 1 0 0 0 0 3 0 1 815
4 5 12 11 3 4 8 10 3 5 4 3 2 0 0 2 1 0 1 1 0 0 0 0 2 1 0 840
3 7 12 11 2 6 8 10 0 1 2 5 1 3 3 3 1 0 2 1 0 0 0 0 1 0 1 865
2 5 12 11 2 4 9 10 0 3 7 8 0 1 1 1 1 0 2 1 0 0 0 0 1 1 1 890
2 9 12 11 2 4 9 10 2 1 3 9 1 3 4 1 1 0 1 1 0 0 0 0 0 1 2 915
2 2 9 13 1 3 6 1 2 5 6 10 4 3 0 3 1 0 3 1 0 0 0 0 2 1 2 940
0 2 13 3 0 5 9 10 3 1 7 8 0 0 0 3 1 0 2 1 0 0 0 0 3 2 1 965
1 0 11 2 0 0 8 13 1 3 6 5 5 3 4 4 1 0 3 1 0 0 0 0 2 3 3 990
0 3 11 3 0 1 8 13 0 1 2 8 2 0 1 5 1 0 1 1 0 0 0 0 1 3 3 1015
0 0 3 5 0 0 4 13 3 2 11 9 1 2 0 7 1 0 3 1 0 0 0 0 3 2 1 1040
0 0 2 0 3 0 0 3 0 4 3 13 5 11 8 9 1 0 3 1 0 0 0 0 2 1 2 1065
0 0 1 2 2 4 5 8 3 4 7 13 5 11 8 9 1 0 3 1 0 0 0 0 3 2 2 1090
0 1 1 0 3 3 13 0 6 10 9 3 4 11 8 3 1 0 3 1 0 0 0 0 2 4 1 1115
2 1 2 3 4 10 5 13 8 11 1 9 4 8 4 4 1 0 3 1 0 0 0 0 3 3 1 1140
12 2 1 1 8 7 5 2 2 3 4 0 0 1 0 0 1 0 3 1 0 0 0 0 1 1 0 477
3 0 0 0 3 2 2 0 4 4 4 0 12 9 3 1 1 0 1 1 0 0 0 0 0 0 1 502
0 1 0 3 3 4 2 1 4 6 4 2 12 9 6 3 1 0 3 1 0 0 0 0 0 0 0 527
3 0 0 2 2 4 3 1 0 8 6 1 12 9 6 3 1 0 2 1 0 0 0 0 1 0 0 552
1 2 3 1 5 2 3 0 8 7 7 4 12 9 3 0 1 0 1 1 0 0 0 0 0 1 0 577
4 1 0 0 5 4 0 2 10 5 4 0 12 7 1 2 1 0 2 1 0 0 0 0 1 0 1 602
2 2 4 2 1 1 4 0 10 6 1 0 12 8 9 3 1 0 3 1 0 0 0 0 1 1 0 627
5 2 3 1 12 9 2 0 1 11 4 0 3 3 0 0 1 0 1 1 0 0 0 0 1 2 1 652
1 4 4 1 12 7 4 11 0 9 2 4 0 4 3 1 1 0 2 1 0 0 0 0 1 2 1 677
0 3 3 1 3 4 4 0 12 5 2 2 9 8 11 3 1 0 1 1 0 0 0 0 1 1 1 702
4 2 1 0 12 7 7 1 9 8 11 0 0 2 1 0 1 0 2 1 0 0 0 0 1 1 2 727
11 10 3 4 12 4 6 1 0 4 4 2 3 0 2 3 1 0 1 1 0 0 0 0 0 0 3 752
11 10 6 3 12 7 3 0 7 4 2 2 4 2 0 3 1 0 1 1 0 0 0 0 3 1 1 777
11 10 1 3 12 8 8 3 3 4 3 0 0 3 0 2 1 0 1 1 0 0 0 0 1 2 2 802
11 10 6 3 12 9 6 3 5 3 0 0 4 0 2 1 3 1 4 0.54545454545454541 5 0.27272727272727271 6 0.1818181818181818 2 2 2 827
11 10 7 6 12 9 6 4 3 5 4 2 1 2 2 1 1 0 2 1 0 0 0 0 2 0 3 852
11 10 8 2 12 9 7 7 4 4 4 3 2 3 1 4 1 0 1 1 0 0 0 0 1 1 3 877
2 8 1 0 13 4 3 0 7 5 3 3 3 1 1 0 1 0 2 1 0 0 0 0 1 2 2 902
3 3 3 0 0 13 2 0 0 8 8 5 2 1 5 2 1 0 1 1 0 0 0 0 2 1 1 927
3 0 0 0 4 5 2 2 13 5 3 0 9 7 5 0 1 0 3 1 0 0 0 0 3 1 0 952
0 3 2 2 4 1 0 0 13 5 4 3 9 8 5 4 1 0 1 1 0 0 0 0 1 1 1 977
0 0 2 1 4 1 2 3 13 6 2 1 9 8 7 5 1 0 1 1 0 0 0 0 0 1 1 1002
4 4 3 3 5 6 3 0 13 1 2 0 10 1 0 0 1 0 2 1 0 0 0 0 1 1 0 1027
4 4 0 0 7 5 4 1 13 6 0 0 10 3 0 3 1 0 2 1 0 0 0 0 0 0 1 1052
4 3 3 0 8 4 3 1 13 6 3 0 10 5 1 2 1 0 2 1 0 0 0 0 0 0 0 1077
4 4 0 2 8 7 5 0 13 6 4 1 10 9 3 3 1 0 3 1 0 0 0 0 0 0 0 1102
0 1 1 8 13 11 4 6 3 2 5 5 0 0 1 2 1 0 2 1 0 0 0 0 0 0 0 1127
1 4 3 2 8 0 4 1 2 11 4 5 3 13 9 1 1 0 2 1 0 0 0 0 1 1 0 1152
2 4 5 3 3 8 4 5 11 7 4 0 13 9 10 3 3 1 8 0.18181818181818185 9 0.27272727272727276 10 0.54545454545454553 2 1 1 1177
2 1 3 4 1 4 2 3 13 11 5 3 1 11 9 5 1 0 1 1 0 0 0 0 0 2 1 1202
1 2 3 3 4 2 4 1 0 4 13 7 2 6 12 9 1 0 1 1 0 0 0 0 1 1 0 1227
4 5 3 1 8 7 6 3 10 12 13 2 9 0 9 7 1 0 1 1 0 0 0 0 1 2 1 1252
1 1 5 4 9 13 8 2 11 12 1 6 2 3 0 1 1 0 2 1 0 0 0 0 1 2 2 1277
0 0 0 1 0 3 0 2 3 12 6 4 2 2 6 3 1 0 3 1 0 0 0 0 2 0 3 582
4 12 7 6 0 3 4 6 3 0 3 1 0 0 1 2 1 0 1 1 0 0 0 0 0 2 2 607
4 6 12 8 0 3 6 1 3 0 4 4 0 0 2 3 1 0 2 1 0 0 0 0 2 1 0 632
3 3 3 12 1 4 8 8 3 3 2 1 2 2 0 0 1 0 1 1 0 0 0 0 0 0 2 657
2 1 3 12 0 1 5 9 0 1 3 7 0 0 3 4 1 0 2 1 0 0 0 0 0 1 0 682
4 7 12 10 4 7 1 3 4 4 0 0 1 2 0 0 1 0 2 1 0 0 0 0 0 0 1 707
5 8 12 10 1 5 7 8 2 0 1 1 2 0 0 0 1 0 2 1 0 0 0 0 0 0 1 732
2 0 12 10 1 8 8 8 1 3 5 6 0 4 4 2 1 0 2 1 0 0 0 0 1 0 0 757
0 2 12 10 4 5 8 9 3 5 6 7 0 3 3 3 1 0 1 1 0 0 0 0 0 0 1 782
2 3 2 4 0 12 10 5 0 9 10 8 0 5 6 5 1 0 1 1 0 0 0 0 2 1 0 807
3 2 7 1 12 11 8 2 9 6 5 5 1 5 1 2 1 0 2 1 0 0 0 0 1 0 1 832
4 1 3 0 12 10 11 8 3 4 2 7 3 0 3 1 1 0 1 1 0 0 0 0 0 2 1 857
0 5 1 1 0 12 10 4 1 4 5 10 2 2 11 4 1 0 3 1 0 0 0 0 1 2 1 882
4 3 7 0 3 5 6 0 12 4 3 1 3 2 1 0 1 0 2 1 0 0 0 0 0 0 2 588
0 0 0 2 4 1 0 2 4 6 1 0 12 8 6 1 1 0 2 1 0 0 0 0 0 0 1 613
0 4 3 0 1 6 3 0 12 7 6 3 2 2 8 3 1 0 1 1 0 0 0 0 0 0 0 638
4 0 0 1 9 4 3 2 12 6 4 2 1 5 4 3 1 0 1 1 0 0 0 0 3 4 4 663
3 3 0 3 9 7 2 0 12 6 7 3 1 4 2 1 1 0 2 1 0 0 0 0 4 3 4 688
5 8 1 0 9 7 2 0 12 5 4 0 4 4 3 2 1 0 1 1 0 0 0 0 3 3 4 713
1 2 0 4 2 5 7 3 1 9 9 5 4 12 9 3 1 0 3 1 0 0 0 0 4 4 3 738
0 4 3 3 1 7 4 2 9 7 3 1 5 12 10 5 1 0 2 1 0 0 0 0 3 3 4 763
3 2 0 1 3 5 5 0 6 8 7 2 1 12 11 3 1 0 3 1 0 0 0 0 0 0 0 788
3 2 0 1 0 4 1 3 3 5 12 7 2 3 10 11 1 0 1 1 0 0 0 0 0 1 1 813
3 3 4 1 2 3 7 3 5 12 7 3 8 10 11 2 1 0 2 1 0 0 0 0 2 0 0 838
3 7 2 0 9 11 6 3 12 4 2 2 10 4 4 1 1 0 3 1 0 0 0 0 2 0 2 863
1 1 0 3 0 3 0 13 0 3 6 4 0 3 4 3 1 0 3 1 0 0 0 0 0 2 2 888
2 2 0 10 0 3 7 13 2 1 4 6 0 1 3 5 1 0 1 1 0 0 0 0 1 1 2 913
2 4 6 11 0 4 4 13 2 2 3 8 0 1 0 3 1 0 3 1 0 0 0 0 2 0 2 938
3 2 1 11 2 3 7 13 3 5 5 8 0 3 4 5 1 0 3 1 0 0 0 0 2 1 0 963
0 6 11 13 1 4 5 9 1 1 4 2 2 2 1 1 1 0 2 1 0 0 0 0 0 1 1 988
5 6 11 13 0 5 7 9 2 1 4 3 0 0 1 2 1 0 2 1 0 0 0 0 1 0 0 1013
3 5 11 13 2 5 8 9 3 6 1 2 4 0 0 0 1 0 1 1 0 0 0 0 0 0 0 1038
5 7 11 13 5 6 8 9 3 3 2 7 1 2 3 1 1 0 3 1 0 0 0 0 0 0 0 1063
0 2 0 0 5 3 12 13 5 6 3 1 4 7 0 2 1 0 1 1 0 0 0 0 0 0 0 1088
0 2 8 12 3 1 4 13 0 1 5 6 0 2 3 5 1 0 1 1 0 0 0 0 3 4 4 1113
3 4 12 0 2 3 8 13 1 3 6 7 4 4 5 1 1 0 1 1 0 0 0 0 2 4 4 1138
4 4 9 12 3 5 8 13 2 4 3 3 1 0 0 0 1 0 1 1 0 0 0 0 3 4 4 1163
3 2 9 12 3 6 8 13 3 6 7 9 1 2 3 0 1 0 1 1 0 0 0 0 0 0 0 1188
2 12 3 7 6 11 13 1 5 5 2 3 0 2 1 0 3 1 6 0.33333333333333331 7 0.33333333333333331 8 0.33333333333333331 1 0 1 1213
3 0 0 4 4 11 6 3 7 13 12 3 3 1 5 8 1 0 2 1 0 0 0 0 1 1 0 1238
0 3 2 0 1 4 4 3 1 4 5 0 12 6 9 2 1 0 2 1 0 0 0 0 4 3 4 568
1 0 2 0 3 1 4 0 3 6 5 3 12 7 9 5 1 0 1 1 0 0 0 0 2 4 4 593
3 3 0 0 1 1 2 0 12 2 2 1 10 7 8 3 1 0 3 1 0 0 0 0 4 4 3 618
3 3 0 2 7 4 4 1 12 6 5 3 10 7 8 4 1 0 3 1 0 0 0 0 4 4 3 643
4 4 3 1 5 6 2 1 12 7 2 1 10 9 4 3 1 0 1 1 0 0 0 0 2 4 4 668
1 0 2 1 0 3 3 3 12 8 5 4 10 9 7 5 1 0 1 1 0 0 0 0 2 4 4 693
4 3 2 0 6 1 4 0 12 5 3 0 11 4 3 7 1 0 2 1 0 0 0 0 4 3 4 718
2 0 0 3 3 4 3 1 12 7 0 0 11 8 4 0 1 0 3 1 0 0 0 0 4 4 3 743
0 4 0 3 2 8 3 1 12 7 7 3 11 8 9 3 1 0 3 1 0 0 0 0 0 0 0 768
0 1 0 1 6 4 2 0 12 8 4 0 11 10 7 4 1 0 2 1 0 0 0 0 0 0 0 793
1 2 3 4 3 4 4 2 12 9 4 4 11 10 4 1 1 0 1 1 0 0 0 0 3 4 4 818
5 3 1 2 7 5 5 3 12 9 2 1 11 10 1 0 1 0 2 1 0 0 0 0 3 3 4 843
4 4 4 0 8 6 3 3 12 9 4 0 11 10 1 0 1 0 1 1 0 0 0 0 2 4 4 868
4 6 4 0 8 7 5 3 12 9 3 3 11 10 2 0 1 0 1 1 0 0 0 0 3 3 3 893
1 3 6 3 0 2 5 3 0 2 13 4 0 1 2 1 1 0 3 1 0 0 0 0 3 3 2 918
1 0 0 0 6 2 0 3 7 6 0 0 13 3 3 2 1 0 1 1 0 0 0 0 2 2 3 943
0 4 1 0 3 6 4 3 7 6 5 3 3 13 6 3 1 0 1 1 0 0 0 0 1 3 2 968
3 0 0 2 9 0 0 2 2 5 4 1 5 13 2 1 1 0 1 1 0 0 0 0 2 1 4 993
0 3 9 3 1 3 3 8 0 3 5 13 2 3 4 1 1 0 3 1 0 0 0 0 2 3 3 1018
0 5 9 3 2 2 7 8 3 0 5 13 1 0 3 4 1 0 3 1 0 0 0 0 3 2 2 1043
6 10 4 3 3 13 3 0 0 4 0 0 0 1 0 0 1 0 3 1 0 0 0 0 2 3 1 1068
0 3 4 10 3 4 7 13 3 1 4 5 0 0 1 4 1 0 3 1 0 0 0 0 1 3 1 1093
0 3 10 13 3 6 8 9 0 0 6 10 4 3 3 3 1 0 3 1 0 0 0 0 3 3 1 1118
0 0 2 13 3 3 10 9 2 4 9 10 3 4 3 1 1 0 1 1 0 0 0 0 3 3 1 1143
6 4 1 13 9 10 11 3 8 2 4 3 0 6 1 1 1 0 1 1 0 0 0 0 1 4 3 1168
0 0 0 1 0 2 3 4 2 2 8 8 0 3 7 12 1 0 3 1 0 0 0 0 3 1 1 481
2 0 0 2 0 4 4 3 0 5 6 9 2 5 7 12 1 0 1 1 0 0 0 0 2 0 2 506
0 2 3 0 1 2 4 4 0 0 6 9 4 6 8 12 1 0 2 1 0 0 0 0 2 0 2 531
1 4 0 0 4 6 4 1 3 6 7 9 3 9 8 12 1 0 2 1 0 0 0 0 1 2 1 556
1 5 4 2 0 3 1 4 2 5 6 9 1 3 10 12 1 0 2 1 0 0 0 0 0 0 3 581
1 0 0 3 3 0 5 0 1 2 8 10 3 6 10 12 1 0 3 1 0 0 0 0 1 2 1 606
0 3 3 4 3 1 2 5 5 7 9 12 1 3 3 11 1 0 1 1 0 0 0 0 0 2 2 631
3 8 9 0 2 6 12 0 3 3 11 5 3 2 1 2 1 0 1 1 0 0 0 0 2 1 0 656
0 2 7 9 1 5 8 12 1 4 2 7 0 2 11 1 1 0 1 1 0 0 0 0 0 1 2 681
1 1 10 12 0 3 3 7 2 4 3 4 2 1 2 11 1 0 3 1 0 0 0 0 1 1 0 706
2 5 10 12 2 4 4 8 11 3 4 6 3 0 1 0 1 0 1 1 0 0 0 0 1 1 1 731
2 0 10 12 2 6 6 9 1 3 2 7 3 2 11 1 1 0 3 1 0 0 0 0 2 0 1 756
4 7 10 12 1 3 8 10 1 3 1 11 0 0 0 3 1 0 1 1 0 0 0 0 0 4 1 781
6 6 7 13 4 8 3 0 2 3 2 1 0 2 0 1 1 0 1 1 0 0 0 0 1 1 2 806
4 5 10 13 3 4 6 5 3 3 4 0 0 0 2 1 1 0 2 1 0 0 0 0 2 1 2 831
4 4 10 13 1 2 6 7 1 2 5 5 0 1 4 4 1 0 3 1 0 0 0 0 1 2 1 856
1 0 10 13 4 7 7 8 0 1 5 3 1 1 3 4 1 0 3 1 0 0 0 0 0 4 1 881
3 6 10 13 3 3 6 9 0 4 5 7 1 0 0 5 1 0 2 1 0 0 0 0 2 2 2 906
4 7 10 13 3 6 8 9 0 3 0 3 3 2 0 0 1 0 1 1 0 0 0 0 2 2 1 931
3 8 10 13 2 1 8 9 2 3 5 7 3 1 2 5 1 0 1 1 0 0 0 0 1 1 3 956
4 1 10 13 4 5 10 0 0 4 8 8 0 1 5 0 1 0 2 1 0 0 0 0 2 3 0 981
0 2 11 13 0 5 6 9 2 3 5 6 0 3 3 5 1 0 2 1 0 0 0 0 3 0 2 1006
2 11 13 9 0 4 7 9 0 3 4 7 1 3 3 6 1 0 1 1 0 0 0 0 1 2 2 1031
4 11 13 10 2 4 8 8 0 1 0 3 0 1 1 2 1 0 1 1 0 0 0 0 0 2 3 1056
11 13 3 1 0 7 9 10 1 3 4 4 0 2 8 0 1 0 1 1 0 0 0 0 0 2 3 1081
2 11 13 3 4 9 10 3 2 9 4 1 0 0 0 3 1 0 3 1 0 0 0 0 2 1 1 1106
0 0 4 2 2 3 13 1 4 3 7 1 0 2 7 12 3 1 4 0.54545454545454553 5 0.27272727272727276 6 0.18181818181818185 2 1 2 1131
2 0 3 3 0 3 6 1 0 5 6 12 5 2 13 8 1 0 1 1 0 0 0 0 2 2 1 1156
3 0 0 2 4 5 1 1 4 0 2 0 4 13 9 12 1 0 3 1 0 0 0 0 2 2 0 1181
1 0 0 0 3 3 5 3 1 4 6 12 4 6 13 10 1 0 3 1 0 0 0 0 0 2 2 1206
2 2 1 4 1 5 5 6 1 6 7 12 0 2 13 10 1 0 3 1 0 0 0 0 1 1 1 1231
0 3 0 3 1 4 6 7 1 3 8 12 3 13 10 7 1 0 2 1 0 0 0 0 1 2 1 1256
3 3 3 4 6 3 7 12 3 7 8 7 0 13 10 3 1 0 2 1 0 0 0 0 2 1 0 1281
0 1 5 3 0 1 12 3 2 5 8 9 9 13 10 5 1 0 2 1 0 0 0 0 1 1 1 1306
0 0 0 3 0 3 1 12 1 6 5 5 2 0 2 3 1 0 1 1 0 0 0 0 3 4 3 543
3 0 3 7 3 3 6 12 4 4 4 7 1 0 2 4 1 0 1 1 0 0 0 0 3 4 3 568
3 3 3 3 3 5 8 12 2 5 6 7 0 2 1 0 1 0 2 1 0 0 0 0 4 2 4 593
3 0 0 0 3 1 3 2 3 3 2 0 7 9 12 3 1 0 3 1 0 0 0 0 4 3 2 618
0 2 1 3 3 3 3 0 5 6 5 3 7 9 12 5 1 0 2 1 0 0 0 0 4 3 2 643
2 3 1 2 0 0 4 6 3 4 6 8 4 5 9 12 1 0 2 1 0 0 0 0 4 2 3 668
0 0 2 1 2 2 3 7 2 3 7 8 1 7 9 12 1 0 2 1 0 0 0 0 4 1 4 693
3 0 4 5 0 1 5 7 0 2 6 9 2 3 10 12 1 0 3 1 0 0 0 0 4 3 2 718
2 4 5 5 3 4 6 9 1 4 8 12 0 0 10 9 1 0 2 1 0 0 0 0 4 3 4 743
0 1 0 4 0 3 3 9 1 4 7 12 2 2 7 11 1 0 1 1 0 0 0 0 3 4 4 768
1 3 0 4 0 1 9 4 5 2 7 12 3 6 8 11 1 0 2 1 0 0 0 0 0 0 0 793
1 3 4 4 1 7 9 5 5 5 8 12 0 4 9 11 1 0 3 1 0 0 0 0 0 2 0 818
1 0 2 3 2 4 5 6 3 4 9 12 2 7 10 11 1 0 3 1 0 0 0 0 2 0 0 843
1 2 3 4 3 5 7 8 3 4 9 12 3 3 10 11 1 0 2 1 0 0 0 0 2 1 0 868
5 4 3 4 2 3 1 1 3 6 1 12 2 2 3 12 1 0 2 1 0 0 0 0 2 1 1 893
0 2 0 0 0 0 1 12 3 0 6 4 0 4 3 3 1 0 2 1 0 0 0 0 4 3 4 507
2 12 7 4 2 6 4 3 0 1 1 3 0 0 0 3 1 0 2 1 0 0 0 0 4 3 3 532
2 4 12 8 1 1 4 6 0 2 3 3 0 3 2 0 1 0 2 1 0 0 0 0 4 2 3 557
1 5 12 8 3 4 5 7 3 0 4 4 2 0 2 3 1 0 1 1 0 0 0 0 3 3 2 582
2 5 12 9 0 1 5 4 0 0 3 4 3 1 4 4 1 0 2 1 0 0 0 0 3 3 1 607
4 5 12 9 3 6 7 0 3 2 3 0 0 2 1 1 1 0 1 1 0 0 0 0 1 2 3 632
12 9 1 0 1 7 8 1 6 5 3 0 3 4 1 2 1 0 2 1 0 0 0 0 0 2 4 657
6 12 10 3 5 4 0 1 4 3 3 0 3 0 0 0 1 0 2 1 0 0 0 0 2 2 1 682
10 5 4 0 12 6 4 0 7 4 2 1 4 1 0 1 1 0 1 1 0 0 0 0 0 3 2 707
10 8 3 0 12 6 4 0 7 5 3 0 5 3 3 4 1 0 2 1 0 0 0 0 3 2 1 732
10 9 2 1 12 7 3 0 4 4 5 4 3 2 1 3 1 0 2 1 0 0 0 0 2 1 3 757
10 9 2 1 12 7 6 3 7 5 4 3 2 1 0 3 1 0 2 1 0 0 0 0 2 1 3 782
10 9 1 0 12 8 6 3 7 5 3 0 5 1 3 0 1 0 2 1 0 0 0 0 1 2 2 807
11 3 6 3 12 6 4 0 4 5 1 0 2 1 0 0 1 0 2 1 0 0 0 0 1 1 3 832
11 9 4 1 12 5 4 0 5 3 0 0 3 2 0 0 1 0 2 1 0 0 0 0 2 1 3 857
11 9 7 0 12 7 3 0 7 0 2 7 4 3 2 3 1 0 1 1 0 0 0 0 3 2 3 882
2 2 1 12 0 4 6 6 3 3 4 5 3 7 3 0 1 0 1 1 0 0 0 0 0 0 0 397
2 3 7 12 0 3 5 9 1 2 1 5 0 3 0 0 1 0 2 1 0 0 0 0 1 0 0 422
4 6 8 12 0 3 5 9 3 3 1 4 0 2 0 1 1 0 2 1 0 0 0 0 0 0 1 447
5 2 9 12 3 5 6 9 1 3 4 3 0 2 2 1 1 0 1 1 0 0 0 0 0 0 2 472
1 5 9 12 0 3 7 9 0 0 3 7 3 0 3 3 1 0 3 1 0 0 0 0 0 1 1 497
0 2 12 1 2 2 7 10 0 1 5 8 0 4 4 9 1 0 1 1 0 0 0 0 1 1 0 522
2 3 12 1 3 1 9 10 3 4 9 1 3 3 3 3 1 0 2 1 0 0 0 0 0 1 0 547
3 2 3 1 5 3 12 11 3 7 1 0 1 0 2 2 1 0 3 1 0 0 0 0 0 0 0 572
3 0 0 2 2 1 0 3 1 1 4 12 3 5 9 11 1 0 2 1 0 0 0 0 0 0 0 597
0 0 3 4 1 1 5 6 0 2 7 12 0 4 10 11 1 0 3 1 0 0 0 0 0 1 0 622
0 1 1 2 3 1 4 3 4 5 8 12 2 6 10 11 1 0 2 1 0 0 0 0 0 0 1 647
0 1 0 2 3 4 6 6 2 5 8 12 3 7 10 11 1 0 3 1 0 0 0 0 1 0 1 672
0 8 1 2 3 4 3 3 1 3 7 12 2 2 11 11 1 0 3 1 0 0 0 0 1 0 2 697
2 2 1 0 1 2 3 4 3 5 13 0 1 4 9 0 1 0 2 1 0 0 0 0 1 0 2 722
0 2 2 0 0 2 4 4 2 1 5 13 3 4 8 9 1 0 1 1 0 0 0 0 2 0 1 747
0 0 0 2 6 4 3 0 3 5 13 2 5 8 8 9 1 0 1 1 0 0 0 0 2 1 1 772
3 2 0 0 5 4 3 1 6 7 3 4 7 10 13 2 1 0 1 1 0 0 0 0 1 1 2 797
3 4 4 2 2 5 6 2 8 7 4 2 10 13 1 0 1 0 3 1 0 0 0 0 3 0 0 822
3 3 0 2 4 2 2 0 9 6 4 1 10 13 5 4 1 0 3 1 0 0 0 0 2 0 0 847
0 3 3 1 5 5 1 0 9 7 4 3 10 13 8 4 1 0 2 1 0 0 0 0 0 1 3 872
3 1 3 3 2 3 6 3 9 9 1 0 10 13 4 3 1 0 2 1 0 0 0 0 1 1 1 897
3 3 0 0 3 4 0 2 5 7 4 1 11 13 5 4 1 0 2 1 0 0 0 0 1 0 1 922
0 1 2 2 5 6 4 0 8 3 3 2 11 13 1 1 1 0 2 1 0 0 0 0 1 0 0 947
3 3 1 2 6 4 3 3 8 7 4 1 11 13 3 2 1 0 3 1 0 0 0 0 0 0 0 972
6 4 3 3 7 5 4 1 8 7 3 0 11 13 2 0 1 0 1 1 0 0 0 0 3 4 4 997
1 2 3 0 8 3 1 2 9 7 6 5 11 13 4 4 1 0 3 1 0 0 0 0 4 4 3 1022
5 0 1 2 8 5 4 3 9 8 6 3 11 13 4 3 1 0 2 1 0 0 0 0 4 3 4 1047
4 4 0 0 9 6 3 3 10 8 1 0 11 13 2 0 1 0 3 1 0 0 0 0 0 0 0 1072
0 2 0 1 12 7 3 2 13 6 3 1 1 3 1 2 1 0 2 1 0 0 0 0 0 0 1 1097
12 8 6 4 13 3 4 2 2 3 1 0 2 4 0 1 1 0 3 1 0 0 0 0 1 0 0 1122
12 8 6 6 13 6 4 4 2 1 5 2 3 0 2 1 1 0 1 1 0 0 0 0 0 0 0 1147
12 3 3 0 13 9 4 0 4 5 6 4 4 2 1 2 1 0 1 1 0 0 0 0 0 0 0 1172
13 9 3 12 3 6 7 6 1 3 4 3 0 0 2 3 1 0 3 1 0 0 0 0 4 4 3 1197
13 10 3 12 7 4 2 0 4 2 0 1 1 0 0 3 1 0 3 1 0 0 0 0 4 4 3 1222
4 13 11 12 0 9 7 7 0 3 3 4 3 0 0 1 1 0 2 1 0 0 0 0 0 0 0 1247
4 13 11 12 2 5 9 8 0 4 6 7 1 4 2 5 1 0 1 1 0 0 0 0 0 0 0 1272
4 10 11 12 13 1 3 7 3 1 5 3 2 3 0 0 1 0 2 1 0 0 0 0 0 0 0 1297
4 3 0 3 13 10 11 2 4 6 4 12 5 1 8 4 1 0 2 1 0 0 0 0 1 0 0 1322
3 2 3 3 0 7 3 5 0 0 5 12 0 1 0 2 1 0 1 1 0 0 0 0 0 0 0 564
3 7 2 3 6 6 2 0 8 2 5 3 12 1 0 0 1 0 2 1 0 0 0 0 3 0 1 589
1 4 2 1 6 3 2 0 9 6 4 1 12 4 3 3 1 0 1 1 0 0 0 0 1 3 0 614
3 3 1 0 0 4 5 1 4 7 5 1 9 12 7 3 1 0 1 1 0 0 0 0 0 4 1 639
3 5 0 2 2 7 0 0 9 8 6 2 12 9 6 4 1 0 1 1 0 0 0 0 3 1 3 664
0 3 0 0 1 4 4 3 9 6 5 3 12 10 5 3 1 0 2 1 0 0 0 0 1 1 4 689
4 0 0 1 7 5 0 3 9 7 5 3 12 10 4 1 1 0 3 1 0 0 0 0 2 4 1 714
2 1 0 3 7 6 4 0 9 8 3 0 12 10 4 2 1 0 1 1 0 0 0 0 2 2 2 739
1 1 4 3 12 9 2 5 9 10 4 1 3 9 4 3 1 0 3 1 0 0 0 0 1 3 2 764
3 1 0 3 0 6 3 4 3 11 8 3 12 4 9 4 1 0 2 1 0 0 0 0 3 3 1 789
3 0 4 4 1 1 5 7 0 11 12 10 2 1 3 6 1 0 3 1 0 0 0 0 2 4 2 814
1 2 0 1 1 3 6 3 3 11 5 8 3 4 12 10 1 0 3 1 0 0 0 0 1 3 3 839
2 3 3 3 0 1 5 3 11 6 7 8 0 5 12 10 1 0 2 1 0 0 0 0 2 1 3 864
2 0 0 0 1 0 3 3 0 5 4 8 11 5 12 11 1 0 3 1 0 0 0 0 3 3 3 889
3 3 0 0 1 2 4 3 5 5 8 9 11 7 12 11 1 0 2 1 0 0 0 0 4 3 2 914
2 1 2 3 0 4 5 5 0 11 9 9 1 1 12 11 1 0 2 1 0 0 0 0 2 2 4 939
0 5 4 4 3 2 5 3 0 1 7 0 0 1 13 10 1 0 1 1 0 0 0 0 2 4 1 964
0 3 2 1 3 1 5 4 2 5 7 7 3 7 13 10 1 0 1 1 0 0 0 0 2 3 2 989
2 3 3 1 1 5 4 3 3 3 5 9 4 2 13 10 1 0 1 1 0 0 0 0 2 3 2 1014
3 1 1 4 0 2 2 6 0 5 6 9 4 6 13 10 1 0 2 1 0 0 0 0 2 1 3 1039
3 3 2 9 4 4 10 10 4 6 8 1 3 3 13 3 1 0 2 1 0 0 0 0 3 2 1 1064
2 1 0 1 3 4 5 9 3 5 8 11 5 7 13 4 1 0 1 1 0 0 0 0 0 2 3 1089
1 4 5 3 0 6 2 1 3 10 1 3 13 11 3 1 1 0 2 1 0 0 0 0 0 2 2 1114
1 0 5 3 13 1 4 1 11 7 6 1 9 10 4 4 1 0 3 1 0 0 0 0 0 4 0 1139
2 4 2 3 3 13 5 3 11 8 7 3 3 9 10 3 1 0 3 1 0 0 0 0 3 1 0 1164
3 0 2 0 4 13 3 0 11 4 4 3 3 11 4 2 1 0 3 1 0 0 0 0 2 0 1 1189
0 0 2 2 0 1 3 3 0 1 13 7 3 2 12 6 1 0 3 1 0 0 0 0 1 0 1 1214
1 2 0 0 3 4 0 4 1 2 1 9 2 13 6 12 1 0 1 1 0 0 0 0 1 2 0 1239
1 2 2 3 0 0 1 6 0 4 2 9 4 13 7 12 1 0 3 1 0 0 0 0 1 0 1 1264
0 0 0 2 4 2 1 1 0 4 6 9 5 13 8 12 1 0 2 1 0 0 0 0 1 0 1 1289
2 3 3 2 4 5 1 1 5 3 4 10 13 3 12 0 1 0 2 1 0 0 0 0 1 0 1 1314
3 1 1 1 3 2 0 0 5 6 4 2 13 7 12 10 1 0 3 1 0 0 0 0 0 1 0 1339
0 2 0 1 4 3 0 0 4 5 6 3 13 8 12 10 1 0 3 1 0 0 0 0 0 0 0 1364
2 1 3 3 0 2 6 3 9 7 6 4 13 8 12 10 1 0 1 1 0 0 0 0 0 0 1 1389
3 0 6 0 1 6 11 0 3 7 13 12 4 3 3 2 1 0 2 1 0 0 0 0 1 0 0 1414
1 11 12 0 9 13 4 1 6 6 3 2 3 5 2 0 1 0 1 1 0 0 0 0 0 1 1 1439
3 1 2 0 13 11 12 0 9 8 1 4 1 5 3 3 1 0 2 1 0 0 0 0 0 1 0 1464
4 12 0 2 2 11 5 1 13 8 7 3 9 3 3 3 1 0 1 1 0 0 0 0 0 0 0 1489
0 0 3 0 5 1 3 0 8 5 4 1 12 4 3 2 1 0 2 1 0 0 0 0 2 2 1 537
10 5 4 3 12 5 4 3 3 0 0 0 0 0 2 0 1 0 2 1 0 0 0 0 3 1 2 562
10 8 6 5 12 6 4 4 5 5 3 3 1 0 0 2 1 0 1 1 0 0 0 0 2 3 2 587
10 8 3 0 12 8 5 0 6 4 2 3 4 3 0 0 1 0 2 1 0 0 0 0 3 1 2 612
10 9 3 0 12 6 3 1 7 6 3 0 3 3 3 1 1 0 2 1 0 0 0 0 2 3 2 637
10 9 6 3 12 8 5 1 5 4 4 0 3 1 2 2 1 0 2 1 0 0 0 0 2 1 4 662
3 10 9 2 12 9 3 0 4 3 0 0 3 1 4 3 1 0 1 1 0 0 0 0 2 3 1 687
2 11 0 0 7 5 3 0 12 5 2 0 3 2 3 3 1 0 3 1 0 0 0 0 4 1 1 712
2 11 1 0 8 7 2 0 12 6 3 3 1 5 5 1 1 0 2 1 0 0 0 0 2 2 3 737
0 11 0 7 3 9 5 4 3 12 6 4 2 2 3 1 1 0 2 1 0 0 0 0 3 1 3 762
2 12 11 10 5 4 6 4 1 4 2 1 3 0 0 0 1 0 2 1 0 0 0 0 3 2 2 787
11 10 4 1 12 5 5 0 7 6 2 0 1 1 5 2 1 0 3 1 0 0 0 0 2 3 2 812
11 10 1 3 12 7 3 2 7 7 3 0 4 4 1 1 1 0 3 1 0 0 0 0 1 3 2 837
11 10 3 0 12 8 3 1 7 6 3 0 6 5 4 1 1 0 2 1 0 0 0 0 1 2 2 862
11 10 5 2 12 9 5 0 6 1 2 1 6 0 1 0 1 0 3 1 0 0 0 0 1 2 1 887
0 0 3 3 0 3 8 4 1 3 3 5 0 13 3 4 1 0 1 1 0 0 0 0 1 3 1 912
0 0 3 3 2 1 0 7 0 2 6 8 3 4 13 3 1 0 2 1 0 0 0 0 2 0 3 937
5 3 13 1 4 5 8 9 0 4 2 3 1 0 0 2 1 0 3 1 0 0 0 0 2 2 1 962
2 1 0 0 5 5 1 1 6 7 13 0 8 2 9 3 1 0 3 1 0 0 0 0 1 2 2 987
0 0 4 3 1 3 6 13 1 5 11 0 1 4 3 0 1 0 2 1 0 0 0 0 1 3 1 1012
2 3 8 13 2 5 11 9 1 4 0 0 4 0 2 1 1 0 1 1 0 0 0 0 2 2 2 1037
3 8 11 3 3 5 6 13 4 6 1 9 3 0 3 4 1 0 2 1 0 0 0 0 2 2 2 1062
1 11 0 3 10 3 3 3 4 6 10 13 1 4 5 0 1 0 2 1 0 0 0 0 2 3 2 1087
13 12 2 0 7 5 6 1 5 1 3 0 3 2 3 3 1 0 1 1 0 0 0 0 2 3 1 1112
2 1 12 13 0 8 6 5 2 4 4 4 0 3 2 2 1 0 1 1 0 0 0 0 2 0 3 1137
2 0 12 3 4 8 7 2 0 6 6 9 0 3 3 13 1 0 1 1 0 0 0 0 2 1 2 1162
0 1 2 0 2 5 0 2 3 4 6 12 3 6 13 10 1 0 1 1 0 0 0 0 2 1 2 1187
3 0 1 3 3 5 6 12 3 7 6 1 2 8 11 13 1 0 3 1 0 0 0 0 2 3 1 1212
0 3 0 2 1 4 3 3 4 7 4 12 2 9 11 13 1 0 1 1 0 0 0 0 2 2 1 1237
0 3 3 1 1 4 3 3 5 7 7 12 2 9 11 13 1 0 1 1 0 0 0 0 1 3 0 1262
0 3 4 12 0 1 3 7 0 3 0 5 2 0 1 2 1 0 3 1 0 0 0 0 2 2 2 579
4 8 12 4 0 4 5 0 1 0 2 0 0 0 2 3 1 0 2 1 0 0 0 0 3 1 1 604
1 9 12 5 2 7 6 4 4 2 3 3 2 0 0 0 1 0 1 1 0 0 0 0 3 2 1 629
0 0 3 12 0 1 9 8 0 0 7 7 1 6 5 5 1 0 2 1 0 0 0 0 2 3 3 654
1 1 2 3 2 4 4 12 0 4 6 11 0 1 7 2 1 0 1 1 0 0 0 0 3 4 4 679
1 3 3 1 0 0 3 4 0 6 4 12 4 2 8 11 1 0 1 1 0 0 0 0 2 4 4 704
0 2 3 3 1 0 5 6 1 2 7 12 4 3 8 11 1 0 2 1 0 0 0 0 3 2 4 729
0 0 3 2 0 2 3 4 2 4 5 12 1 6 9 11 1 0 3 1 0 0 0 0 4 2 2 754
1 0 3 0 3 5 5 1 3 5 7 12 3 5 9 11 1 0 1 1 0 0 0 0 1 4 2 779
0 2 3 4 0 0 6 5 0 4 4 12 4 6 10 11 1 0 3 1 0 0 0 0 4 3 2 804
3 3 3 1 2 5 5 7 3 3 7 12 0 3 10 11 3 1 4 0.54545454545454541 5 0.27272727272727271 6 0.1818181818181818 4 4 1 829
1 2 1 0 0 4 2 3 4 6 8 12 5 7 10 11 1 0 3 1 0 0 0 0 3 3 3 854
1 4 4 2 2 4 6 0 3 4 13 0 0 0 2 0 1 0 1 1 0 0 0 0 3 2 4 879
2 0 4 1 0 3 5 7 0 1 8 9 0 2 13 10 1 0 3 1 0 0 0 0 0 0 0 904
4 2 4 1 3 3 8 1 2 8 9 10 2 13 10 1 1 0 3 1 0 0 0 0 0 0 0 929
3 3 0 4 0 3 4 7 0 10 11 13 0 2 1 4 1 0 2 1 0 0 0 0 4 3 4 954
2 0 3 0 1 7 7 13 4 5 10 11 3 4 3 4 1 0 3 1 0 0 0 0 4 4 3 979
1 0 2 1 1 6 8 13 2 4 10 11 4 7 4 2 3 1 8 0.18181818181818185 9 0.27272727272727276 10 0.54545454545454553 0 0 1 1004
0 1 0 9 0 1 11 3 3 6 11 13 3 5 2 2 1 0 3 1 0 0 0 0 0 0 0 1029
6 12 9 13 5 7 5 0 4 4 1 2 0 0 0 1 1 0 2 1 0 0 0 0 0 0 0 1054
8 12 9 13 5 5 6 1 0 0 5 1 0 0 4 2 1 0 2 1 0 0 0 0 0 0 0 1079
8 12 9 13 3 7 7 3 1 4 3 1 2 0 2 3 1 0 3 1 0 0 0 0 4 4 3 1104
0 5 12 13 0 2 10 4 1 3 7 0 0 0 2 0 1 0 1 1 0 0 0 0 3 3 4 1129
6 12 10 13 4 6 4 1 3 7 3 1 3 2 4 2 1 0 2 1 0 0 0 0 4 3 3 1154
8 12 10 13 7 5 4 1 4 2 3 0 0 1 0 2 1 0 2 1 0 0 0 0 3 2 4 1179
3 12 1 13 0 11 10 7 2 1 9 5 0 4 4 3 1 0 2 1 0 0 0 0 0 0 0 1204
11 12 2 3 9 10 4 3 1 8 13 3 3 1 5 2 3 1 7 0.2857142857142857 8 0.2857142857142857 9 0.42857142857142855 0 0 0 1229
0 0 3 1 0 4 2 8 2 3 5 7 1 5 3 12 1 0 3 1 0 0 0 0 1 1 1 641
3 3 0 0 1 2 3 1 1 5 1 3 3 5 12 10 1 0 2 1 0 0 0 0 0 2 1 666
2 0 2 2 1 4 4 4 4 5 6 7 3 6 12 10 1 0 1 1 0 0 0 0 1 0 2 691
3 3 2 2 3 5 2 0 3 5 6 8 5 6 12 10 1 0 1 1 0 0 0 0 2 0 1 716
1 4 1 3 2 4 4 5 0 3 5 9 0 3 12 10 1 0 2 1 0 0 0 0 1 1 0 741
2 0 4 1 1 3 3 6 0 5 7 9 4 4 12 10 1 0 2 1 0 0 0 0 0 0 2 766
3 3 0 4 0 1 6 5 0 3 8 9 1 5 12 11 1 0 2 1 0 0 0 0 1 2 0 791
1 2 1 4 0 4 4 7 2 5 8 9 4 6 12 11 1 0 1 1 0 0 0 0 0 1 1 816
0 3 4 4 3 3 6 7 3 6 8 9 2 7 12 11 1 0 1 1 0 0 0 0 1 1 0 841
2 4 4 5 8 6 7 3 1 2 5 10 2 3 12 11 1 0 1 1 0 0 0 0 1 0 1 866
0 6 2 0 0 4 4 7 2 4 9 10 4 7 12 11 1 0 1 1 0 0 0 0 2 1 1 891
2 0 6 2 0 3 5 8 4 7 9 10 2 6 12 11 1 0 3 1 0 0 0 0 3 0 1 916
0 0 0 1 1 3 2 3 0 0 4 5 2 8 13 1 1 0 2 1 0 0 0 0 2 2 1 941
2 0 1 0 1 3 0 0 5 6 1 3 10 13 6 3 1 0 3 1 0 0 0 0 2 4 1 966
2 5 3 3 5 5 6 4 10 13 7 4 1 0 0 0 3 1 7 0.2857142857142857 8 0.2857142857142857 9 0.42857142857142855 3 3 2 991
10 9 9 4 13 3 4 3 1 0 4 3 0 0 0 2 1 0 2 1 0 0 0 0 3 2 3 1016
11 6 4 3 13 5 3 2 5 5 2 3 1 0 0 1 1 0 2 1 0 0 0 0 3 2 2 1041
11 8 4 0 13 6 3 0 6 4 3 0 5 0 2 1 1 0 1 1 0 0 0 0 2 3 2 1066
0 2 0 0 2 3 6 2 11 8 1 4 13 8 3 2 1 0 3 1 0 0 0 0 4 1 2 1091
0 0 0 1 4 3 2 0 11 8 3 4 13 9 6 2 1 0 3 1 0 0 0 0 3 2 3 1116
0 0 0 2 2 2 1 6 11 8 6 4 13 9 7 5 1 0 1 1 0 0 0 0 3 2 3 1141
3 2 0 2 4 1 4 0 11 7 2 0 13 10 4 3 1 0 3 1 0 0 0 0 4 2 2 1166
9 0 3 0 8 0 0 3 12 0 3 0 13 5 4 3 1 0 3 1 0 0 0 0 4 4 1 1191
9 5 4 1 8 7 3 0 12 3 1 0 13 0 1 0 1 0 3 1 0 0 0 0 1 4 3 1216
9 6 6 3 8 7 3 0 12 5 4 0 13 4 0 1 1 0 3 1 0 0 0 0 2 3 2 1241
4 0 3 2 10 4 4 0 12 7 5 2 13 6 3 3 1 0 3 1 0 0 0 0 4 2 2 1266
10 2 3 1 12 6 5 5 10 8 3 1 1 2 13 3 1 0 1 1 0 0 0 0 1 3 4 1291
2 1 3 2 3 7 4 4 11 6 4 1 12 5 13 9 1 0 3 1 0 0 0 0 3 3 2 1316
1 4 0 2 4 6 0 0 11 6 8 9 12 13 2 3 1 0 1 1 0 0 0 0 2 2 3 1341
1 2 3 3 3 1 10 4 11 9 3 2 12 13 2 3 1 0 1 1 0 0 0 0 2 2 4 1366
2 0 0 0 3 2 0 0 4 6 4 0 12 4 1 2 3 1 4 0.54545454545454541 5 0.27272727272727271 6 0.1818181818181818 4 2 4 565
6 4 3 3 7 5 3 1 12 3 0 0 2 0 1 0 1 0 3 1 0 0 0 0 3 4 2 590
8 6 6 7 12 5 4 1 4 3 0 0 2 2 0 0 1 0 1 1 0 0 0 0 3 3 4 615
9 6 5 5 12 4 4 3 5 0 0 3 3 0 0 3 1 0 3 1 0 0 0 0 4 4 1 640
9 7 5 4 12 6 3 4 5 4 4 2 2 3 0 1 1 0 1 1 0 0 0 0 2 2 4 665
9 8 3 2 12 7 8 0 5 4 3 2 4 3 0 0 1 0 1 1 0 0 0 0 3 2 3 690
10 8 2 4 12 8 1 0 5 4 3 3 3 1 0 0 1 0 3 1 0 0 0 0 3 4 1 715
10 9 0 1 12 6 2 0 6 5 3 3 5 4 3 1 1 0 3 1 0 0 0 0 3 4 1 740
10 9 7 4 12 7 5 4 3 3 4 4 2 0 1 0 1 0 1 1 0 0 0 0 2 3 2 765
10 9 7 1 12 8 4 4 7 6 3 3 3 5 4 2 1 0 3 1 0 0 0 0 3 3 2 790
11 8 4 4 12 6 7 3 4 4 5 2 1 1 0 0 1 0 2 1 0 0 0 0 3 3 2 815
11 9 5 4 12 6 5 3 3 6 2 1 0 0 3 0 1 0 2 1 0 0 0 0 3 2 3 840
11 9 4 1 12 8 3 2 6 5 0 3 3 3 0 2 1 0 2 1 0 0 0 0 4 2 3 865
0 0 1 0 0 2 1 2 0 4 4 3 2 4 4 12 1 0 1 1 0 0 0 0 1 1 1 580
3 2 1 3 3 3 4 5 3 6 6 0 2 0 12 0 1 0 2 1 0 0 0 0 2 0 0 605
0 0 3 2 1 3 4 5 0 0 3 9 0 4 3 12 1 0 3 1 0 0 0 0 1 1 1 630
3 2 1 4 1 2 3 7 2 4 7 9 1 0 5 12 1 0 3 1 0 0 0 0 1 1 1 655
0 0 0 1 2 1 4 2 2 5 5 10 0 1 1 12 1 0 3 1 0 0 0 0 1 2 0 680
0 8 3 4 3 3 7 10 2 3 5 12 2 0 1 4 1 0 1 1 0 0 0 0 1 1 1 705
3 6 9 10 2 4 6 12 2 4 5 3 1 0 3 3 1 0 2 1 0 0 0 0 2 0 1 730
4 8 9 10 0 4 7 12 0 3 4 5 2 1 2 2 1 0 1 1 0 0 0 0 1 0 2 755
2 2 6 11 3 4 7 12 2 0 5 6 0 1 0 5 1 0 1 1 0 0 0 0 1 0 2 780
0 7 0 11 3 5 8 12 0 4 5 8 2 3 3 4 1 0 1 1 0 0 0 0 1 1 3 805
0 6 9 11 2 3 6 12 0 3 4 8 0 2 3 4 1 0 2 1 0 0 0 0 3 0 2 830
5 0 10 11 2 3 7 12 0 3 2 3 2 4 3 1 1 0 1 1 0 0 0 0 3 2 1 855
3 2 10 11 1 7 7 12 1 3 4 5 2 0 3 3 1 0 3 1 0 0 0 0 2 2 1 880
0 3 10 11 1 3 8 12 0 2 5 7 0 3 2 5 1 0 1 1 0 0 0 0 1 1 2 905
1 10 11 0 4 8 12 3 1 7 7 0 3 9 6 0 1 0 2 1 0 0 0 0 1 2 1 930
0 5 5 13 3 3 4 7 0 0 1 5 0 0 0 1 1 0 1 1 0 0 0 0 0 3 1 955
13 4 0 0 8 5 3 3 5 3 3 0 3 3 2 0 1 0 1 1 0 0 0 0 0 0 3 980
0 13 6 3 9 4 3 1 7 4 0 3 0 4 2 0 1 0 2 1 0 0 0 0 2 1 2 1005
13 2 3 0 9 4 1 2 8 4 3 3 10 9 6 2 1 0 1 1 0 0 0 0 2 1 3 1030
3 2 3 2 4 4 5 5 8 13 7 5 0 11 1 0 1 0 2 1 0 0 0 0 3 1 2 1055
13 11 10 3 3 6 5 1 9 3 2 0 4 2 3 0 1 0 2 1 0 0 0 0 3 1 2 1080
13 11 10 2 4 7 5 3 9 6 3 3 3 2 0 1 1 0 1 1 0 0 0 0 1 1 3 1105
11 10 4 3 13 8 10 3 4 5 4 5 3 4 6 1 1 0 2 1 0 0 0 0 2 2 2 1130
13 4 12 5 1 10 3 1 4 3 0 0 0 2 0 2 1 0 2 1 0 0 0 0 2 1 4 1155
11 12 1 0 3 2 3 7 13 4 6 0 3 4 4 2 1 0 3 1 0 0 0 0 4 3 3 1180
11 12 4 9 2 13 5 8 1 6 5 0 1 4 7 2 1 0 3 1 0 0 0 0 0 0 1 1205
0 3 2 12 1 11 5 10 0 1 13 7 0 1 0 7 1 0 2 1 0 0 0 0 0 1 0 1230
2 4 3 3 0 5 3 12 1 11 6 10 2 6 13 8 1 0 3 1 0 0 0 0 1 0 0 1255
3 4 2 3 3 11 6 12 5 6 7 10 1 3 13 8 1 0 3 1 0 0 0 0 0 0 0 1280
3 1 0 0 5 5 2 2 3 7 11 12 6 13 9 10 1 0 1 1 0 0 0 0 0 0 0 1305
3 5 2 1 6 3 12 3 8 11 10 3 13 9 4 10 1 0 3 1 0 0 0 0 0 0 0 1330
3 0 0 0 4 3 0 4 12 5 0 0 2 4 3 1 3 1 7 0.1818181818181818 8 0.27272727272727271 9 0.54545454545454541 2 2 2 535
1 2 3 9 0 3 5 12 3 5 3 7 0 3 4 3 3 1 6 0.28571428571428575 7 0.28571428571428575 8 0.4285714285714286 3 3 2 560
1 1 4 4 3 2 5 10 3 4 3 12 0 1 0 4 1 0 1 1 0 0 0 0 1 4 2 585
1 0 0 0 0 0 3 3 1 4 5 10 2 7 8 12 1 0 2 1 0 0 0 0 3 3 3 610
2 3 4 5 0 3 7 10 4 7 8 12 0 8 0 0 1 0 1 1 0 0 0 0 3 3 4 635
5 12 11 2 4 7 8 3 0 6 0 3 1 3 0 0 1 0 1 1 0 0 0 0 3 4 4 660
1 3 12 11 0 5 6 9 0 0 3 4 3 2 0 4 1 0 3 1 0 0 0 0 4 4 3 685
5 6 12 11 4 5 7 9 1 3 3 3 2 0 0 0 1 0 1 1 0 0 0 0 3 4 4 710
1 8 12 11 7 6 7 9 0 6 3 3 1 2 3 3 1 0 2 1 0 0 0 0 0 0 0 735
3 8 12 11 4 7 8 9 4 7 3 0 3 6 0 3 1 0 1 1 0 0 0 0 0 1 1 760
5 8 12 11 1 6 7 10 2 0 2 1 0 3 4 0 1 0 1 1 0 0 0 0 0 1 0 785
2 9 12 11 9 8 7 10 3 8 4 7 2 3 2 1 1 0 1 1 0 0 0 0 1 0 3 810
2 9 12 11 5 10 8 10 5 6 5 7 3 1 2 2 1 0 1 1 0 0 0 0 2 1 1 835
0 0 0 3 2 10 13 1 1 0 6 5 0 7 5 5 1 0 3 1 0 0 0 0 1 2 1 860
2 3 8 10 3 3 5 13 2 3 2 7 0 0 2 4 1 0 1 1 0 0 0 0 3 0 2 885
6 4 8 3 3 4 8 11 3 4 2 13 3 0 0 3 1 0 1 1 0 0 0 0 2 2 2 910
11 7 9 3 4 4 6 11 0 3 3 13 0 2 1 4 1 0 3 1 0 0 0 0 2 2 3 935
11 7 9 3 5 6 7 11 0 2 5 13 1 1 0 1 1 0 2 1 0 0 0 0 1 2 3 960
11 8 9 3 3 6 7 11 0 5 13 5 1 3 3 1 1 0 2 1 0 0 0 0 1 2 3 985
3 9 10 5 0 5 13 4 3 7 12 6 4 1 3 10 1 0 3 1 0 0 0 0 3 4 2 1010
0 2 0 0 0 3 5 1 0 8 5 3 3 8 7 12 1 0 2 1 0 0 0 0 2 1 2 502
0 1 0 1 1 3 3 0 2 4 7 5 3 9 8 12 1 0 3 1 0 0 0 0 0 2 3 527
2 3 3 2 3 4 4 5 5 5 7 6 1 9 8 12 1 0 3 1 0 0 0 0 2 1 1 552
3 0 1 1 0 3 2 3 5 3 5 8 0 3 10 12 1 0 2 1 0 0 0 0 2 2 1 577
0 1 2 5 3 4 5 9 1 3 7 8 0 2 10 12 1 0 1 1 0 0 0 0 1 2 2 602
0 2 0 0 4 3 0 0 4 4 3 2 4 11 12 5 1 0 1 1 0 0 0 0 2 1 1 627
0 1 1 0 4 4 4 1 7 8 0 0 11 12 6 2 1 0 2 1 0 0 0 0 1 2 2 652
3 4 3 0 8 6 3 0 7 8 4 4 11 12 7 2 1 0 3 1 0 0 0 0 3 2 1 677
2 3 4 2 3 5 4 8 10 7 8 2 11 12 5 1 1 0 1 1 0 0 0 0 2 1 4 702
3 1 0 2 4 4 3 0 10 8 9 4 11 12 6 1 1 0 3 1 0 0 0 0 2 3 1 727
0 1 1 2 0 0 4 12 1 3 3 5 3 0 2 0 1 0 3 1 0 0 0 0 0 1 1 458
0 0 1 12 1 2 3 2 0 2 5 7 0 4 4 9 1 0 3 1 0 0 0 0 1 0 1 483
3 1 5 12 0 3 2 5 2 2 1 8 0 0 2 9 1 0 1 1 0 0 0 0 1 0 0 508
3 0 4 12 0 3 6 7 0 1 4 8 2 3 2 9 1 0 3 1 0 0 0 0 1 0 0 533
0 2 3 5 2 4 6 5 0 0 8 12 3 3 8 10 1 0 3 1 0 0 0 0 2 0 2 558
0 1 3 1 4 1 5 8 4 5 7 12 1 6 9 10 1 0 2 1 0 0 0 0 0 3 1 583
0 2 0 1 1 3 7 9 2 3 3 12 0 0 4 11 1 0 1 1 0 0 0 0 1 2 1 608
0 0 3 1 0 3 5 9 2 5 7 12 2 5 6 11 1 0 1 1 0 0 0 0 1 1 1 633
0 2 1 3 3 2 6 9 0 5 6 12 5 9 8 11 1 0 1 1 0 0 0 0 2 2 0 658
0 2 3 4 1 1 4 9 1 0 7 12 2 4 10 11 1 0 3 1 0 0 0 0 1 2 2 683
2 3 4 5 0 1 7 9 3 1 7 12 0 2 10 11 1 0 2 1 0 0 0 0 1 0 3 708
0 5 2 1 3 4 7 9 3 3 8 12 3 9 10 11 3 1 7 0.1818181818181818 8 0.27272727272727271 9 0.54545454545454541 2 2 1 733
0 3 3 5 2 7 7 1 3 3 8 9 3 0 13 3 1 0 2 1 0 0 0 0 2 1 1 758
1 4 1 3 0 3 7 4 0 10 7 8 3 3 3 13 1 0 2 1 0 0 0 0 1 2 2 783
1 2 3 2 1 4 5 1 1 4 6 10 4 5 13 9 1 0 3 1 0 0 0 0 0 2 2 808
1 0 4 2 1 3 4 3 0 3 8 10 2 4 13 9 1 0 3 1 0 0 0 0 1 1 1 833
2 0 0 0 1 3 3 1 5 5 8 10 6 7 13 9 1 0 2 1 0 0 0 0 1 1 1 858
0 3 5 3 0 2 5 6 0 0 4 11 2 0 1 13 1 0 3 1 0 0 0 0 2 1 0 883
3 3 3 5 0 2 6 7 0 2 6 11 0 1 3 13 1 0 1 1 0 0 0 0 1 1 1 908
0 1 0 0 5 11 8 3 3 7 7 9 1 13 4 0 1 0 1 1 0 0 0 0 0 3 1 933
7 10 11 3 13 3 3 2 3 5 0 0 3 0 0 0 1 0 1 1 0 0 0 0 1 1 1 958
8 10 11 4 13 5 5 3 6 4 1 1 4 1 0 2 1 0 2 1 0 0 0 0 0 1 2 983
0 8 0 1 13 10 8 11 3 3 8 9 2 5 1 4 3 1 7 0.2857142857142857 8 0.2857142857142857 9 0.42857142857142855 1 2 3 1008
1 2 4 2 9 12 4 1 3 13 6 3 0 1 6 1 1 0 3 1 0 0 0 0 0 2 3 1033
1 12 3 0 13 9 0 3 3 5 9 1 2 2 2 2 1 0 1 1 0 0 0 0 3 2 1 1058
12 10 2 1 4 3 7 0 13 2 5 0 4 1 0 0 1 0 2 1 0 0 0 0 2 1 3 1083
3 12 5 2 11 9 1 0 13 3 3 0 4 3 0 0 1 0 1 1 0 0 0 0 2 3 2 1108
3 2 11 12 3 4 9 4 3 13 7 7 0 4 1 1 1 0 2 1 0 0 0 0 2 2 3 1133
4 7 11 12 4 5 9 4 1 3 13 8 1 0 3 4 1 0 3 1 0 0 0 0 2 4 1 1158
1 2 11 1 4 8 9 12 1 13 8 5 5 4 4 1 1 0 3 1 0 0 0 0 1 4 2 1183
2 10 11 4 4 5 12 7 4 4 13 5 2 0 3 0 1 0 2 1 0 0 0 0 4 1 1 1208
3 10 11 2 7 12 4 4 2 3 13 2 6 4 6 7 1 0 3 1 0 0 0 0 4 1 1 1233
1 2 0 0 3 5 7 2 12 6 0 0 7 2 4 3 1 0 1 1 0 0 0 0 2 1 2 492
5 3 0 0 12 5 3 1 8 7 3 1 5 4 0 2 1 0 1 1 0 0 0 0 0 2 2 517
3 0 0 3 12 3 2 3 9 6 1 0 1 5 4 0 1 0 2 1 0 0 0 0 1 1 1 542
12 5 4 3 9 7 5 3 3 4 3 2 3 1 3 1 1 0 3 1 0 0 0 0 0 1 1 567
3 12 7 5 9 7 6 2 2 5 5 0 0 1 1 1 1 0 3 1 0 0 0 0 0 1 1 592
3 12 9 3 3 9 3 0 2 2 1 3 0 3 0 3 1 0 3 1 0 0 0 0 1 0 0 617
5 12 10 7 3 5 2 8 4 5 1 7 2 6 0 0 1 0 1 1 0 0 0 0 2 2 1 642
6 12 2 10 2 2 3 7 1 4 5 9 0 3 4 5 1 0 1 1 0 0 0 0 1 0 3 667
1 12 2 1 3 5 5 11 5 6 8 2 1 0 9 0 1 0 2 1 0 0 0 0 1 1 3 692
1 5 12 3 6 6 7 1 3 8 9 11 0 2 0 3 1 0 3 1 0 0 0 0 1 2 1 717
5 4 3 3 7 12 11 0 3 10 3 0 2 0 0 0 1 0 1 1 0 0 0 0 1 1 2 742
5 7 1 2 5 7 3 0 10 12 3 0 11 0 1 0 1 0 2 1 0 0 0 0 1 1 1 767
5 3 0 4 7 4 3 2 10 8 0 3 11 12 1 0 3 1 7 0.1818181818181818 8 0.27272727272727271 9 0.54545454545454541 1 1 1 792
5 3 3 0 2 4 4 0 10 9 1 8 11 12 9 5 1 0 1 1 0 0 0 0 1 2 1 817
3 1 3 8 3 4 6 7 0 4 5 13 1 1 2 4 3 1 5 0.42857142857142855 6 0.2857142857142857 7 0.2857142857142857 1 3 1 842
2 4 8 9 3 3 4 13 0 3 3 5 2 0 0 4 1 0 1 1 0 0 0 0 2 1 3 867
1 8 9 0 2 5 6 13 3 5 6 0 3 5 2 1 1 0 2 1 0 0 0 0 2 1 2 892
5 6 10 13 6 5 6 0 2 5 3 0 0 0 1 2 1 0 1 1 0 0 0 0 2 2 3 917
5 8 10 7 3 5 6 13 2 4 4 2 1 3 1 0 1 0 3 1 0 0 0 0 3 3 2 942
0 4 1 0 11 13 2 0 1 7 1 2 2 3 4 3 1 0 3 1 0 0 0 0 3 3 3 967
10 5 3 2 13 7 6 0 8 6 3 1 11 7 3 0 1 0 1 1 0 0 0 0 3 4 4 992
1 0 1 0 10 8 3 0 13 9 3 0 3 11 5 2 1 0 2 1 0 0 0 0 3 3 4 1017
10 8 7 1 13 9 11 5 3 4 2 0 0 0 2 1 1 0 3 1 0 0 0 0 3 3 3 1042
9 0 0 4 3 0 0 3 3 13 11 11 4 3 3 3 1 0 2 1 0 0 0 0 4 3 2 1067
4 0 3 0 9 0 3 0 7 5 0 3 12 13 3 2 1 0 1 1 0 0 0 0 3 3 2 1092
3 0 0 1 9 2 1 2 8 7 5 0 12 13 4 1 3 1 6 0.33333333333333331 7 0.33333333333333331 8 0.33333333333333331 2 3 4 1117
0 8 3 1 2 1 8 3 9 8 13 1 12 9 2 5 1 0 1 1 0 0 0 0 2 4 4 1142
8 3 3 3 6 6 5 3 10 13 3 0 12 9 3 0 1 0 1 1 0 0 0 0 3 4 2 1167
0 3 0 3 1 4 5 0 11 10 13 4 12 2 4 0 1 0 1 1 0 0 0 0 3 4 3 1192
0 4 1 7 1 2 6 2 10 13 7 4 11 12 5 4 1 0 3 1 0 0 0 0 4 4 3 1217
2 0 8 3 0 6 7 6 1 10 13 2 3 3 11 12 1 0 3 1 0 0 0 0 4 3 3 1242
3 1 4 4 0 3 2 12 3 1 4 1 2 0 1 0 1 0 3 1 0 0 0 0 1 3 1 528
0 2 2 8 0 3 7 12 2 2 5 5 0 0 0 3 1 0 1 1 0 0 0 0 3 0 2 553
9 12 0 3 8 2 3 2 5 4 5 0 3 3 0 0 1 0 1 1 0 0 0 0 2 1 3 578
9 12 1 0 8 6 3 3 6 6 5 0 4 4 1 0 1 0 2 1 0 0 0 0 1 2 3 603
10 12 6 1 9 4 5 3 3 0 3 2 0 3 1 0 1 0 3 1 0 0 0 0 2 3 1 628
10 12 7 3 9 6 5 1 4 4 1 2 0 0 1 5 1 0 2 1 0 0 0 0 1 2 3 653
10 12 3 0 9 8 2 1 6 6 1 4 4 3 0 1 3 1 4 0.54545454545454541 5 0.27272727272727271 6 0.1818181818181818 1 3 2 678
10 12 7 4 9 8 4 3 1 8 4 3 2 0 6 4 1 0 1 1 0 0 0 0 2 3 2 703
11 12 7 5 7 6 4 0 4 3 0 0 3 0 1 3 1 0 1 1 0 0 0 0 1 3 2 728
11 12 7 1 8 5 0 2 7 6 4 3 1 4 3 0 1 0 1 1 0 0 0 0 1 3 2 753
11 12 2 2 9 4 3 3 7 6 6 1 1 3 5 1 1 0 1 1 0 0 0 0 1 3 2 778
11 12 4 3 10 3 3 1 2 3 5 2 1 4 0 0 1 0 3 1 0 0 0 0 2 2 3 803
11 12 6 4 10 6 5 3 0 0 5 3 1 2 4 0 1 0 3 1 0 0 0 0 2 2 2 828
11 12 5 1 10 8 2 1 5 4 1 0 4 3 1 0 1 0 2 1 0 0 0 0 0 2 3 853
11 12 7 5 10 8 5 3 9 5 2 3 3 0 1 3 1 0 3 1 0 0 0 0 2 2 2 878
3 0 0 3 3 13 7 4 0 8 7 6 2 2 4 4 1 0 1 1 0 0 0 0 3 2 1 903
3 4 13 9 0 1 5 7 2 2 4 5 0 3 3 4 3 1 8 0.18181818181818185 9 0.27272727272727276 10 0.54545454545454553 3 2 1 928
4 13 10 3 3 6 8 9 0 7 5 8 1 2 3 4 1 0 1 1 0 0 0 0 2 3 3 953
0 1 13 0 0 1 8 11 3 5 5 6 1 2 2 3 1 0 2 1 0 0 0 0 2 2 3 978
0 4 13 8 0 0 8 11 2 4 3 8 1 0 0 4 1 0 3 1 0 0 0 0 3 3 2 1003
4 13 9 1 3 5 6 11 1 0 5 8 0 3 0 5 1 0 1 1 0 0 0 0 1 4 2 1028
1 0 3 1 13 0 11 2 2 9 9 3 3 3 4 3 1 0 2 1 0 0 0 0 2 1 3 1053
4 2 4 2 13 12 4 0 6 6 0 0 3 4 0 0 1 0 1 1 0 0 0 0 3 2 1 1078
2 0 2 4 0 4 1 12 0 2 13 8 0 0 2 5 1 0 3 1 0 0 0 0 4 1 0 1103
0 3 3 5 6 3 2 12 3 1 7 13 0 2 8 3 1 0 2 1 0 0 0 0 3 1 1 1128
0 3 9 12 2 3 10 1 2 3 5 13 3 0 3 6 1 0 2 1 0 0 0 0 3 1 3 1153
1 12 5 2 2 6 9 3 3 7 10 13 2 5 1 0 1 0 1 1 0 0 0 0 2 2 3 1178
2 4 5 5 12 7 9 13 5 4 7 10 0 1 5 1 1 0 2 1 0 0 0 0 2 2 2 1203
2 0 0 0 3 6 3 3 3 4 5 3 4 6 12 0 1 0 3 1 0 0 0 0 4 3 2 552
1 1 2 3 2 3 2 0 5 4 1 0 12 8 4 3 1 0 2 1 0 0 0 0 3 2 3 577
2 3 3 0 5 5 4 0 9 6 6 0 12 8 4 3 1 0 3 1 0 0 0 0 4 3 2 602
0 1 2 3 3 4 4 6 0 10 8 4 0 12 5 4 1 0 2 1 0 0 0 0 4 3 3 627
1 0 0 0 3 2 1 4 9 6 6 4 10 12 7 2 1 0 3 1 0 0 0 0 0 0 0 652
0 0 0 2 4 4 1 1 9 8 5 4 10 12 7 5 1 0 2 1 0 0 0 0 0 0 0 677
2 1 0 2 2 7 4 3 5 5 1 0 11 12 4 0 1 0 1 1 0 0 0 0 0 0 0 702
0 0 3 0 2 1 3 1 9 8 4 3 11 12 6 3 1 0 2 1 0 0 0 0 0 0 0 727
3 0 0 1 6 5 3 2 9 8 5 1 11 12 7 5 1 0 2 1 0 0 0 0 0 0 0 752
0 1 2 3 3 6 1 0 10 7 4 3 11 12 3 2 1 0 3 1 0 0 0 0 0 0 1 777
2 1 3 0 5 4 1 0 10 8 4 3 11 12 5 4 1 0 2 1 0 0 0 0 0 0 0 802
0 0 2 1 2 1 4 3 10 8 5 3 11 12 7 6 1 0 3 1 0 0 0 0 4 4 3 827
0 6 3 0 6 4 2 3 10 8 5 3 11 12 8 6 1 0 1 1 0 0 0 0 0 0 0 852
2 0 7 4 0 3 4 6 3 11 11 1 2 12 1 3 1 0 2 1 0 0 0 0 1 0 0 877
0 3 0 0 1 1 3 4 3 3 8 3 2 13 6 3 1 0 2 1 0 0 0 0 0 0 0 902
2 0 0 4 3 2 5 8 0 1 6 7 0 3 4 13 1 0 1 1 0 0 0 0 0 0 0 927
0 0 1 3 1 2 5 6 0 2 4 9 0 3 4 13 1 0 2 1 0 0 0 0 4 3 4 952
1 3 3 5 0 4 5 7 2 4 6 9 1 0 2 13 1 0 1 1 0 0 0 0 3 4 4 977
0 0 3 0 0 0 3 7 3 0 4 10 3 3 3 13 1 0 1 1 0 0 0 0 3 4 4 1002
1 4 4 1 1 2 7 7 2 2 13 10 2 0 0 3 1 0 1 1 0 0 0 0 3 3 4 1027
5 4 6 0 4 6 8 0 3 13 10 0 1 2 4 3 1 0 1 1 0 0 0 0 3 4 3 1052
0 0 2 1 0 3 0 9 2 5 13 10 3 5 3 2 1 0 2 1 0 0 0 0 4 1 4 1077
4 4 13 3 0 3 7 9 2 3 5 10 1 0 1 4 1 0 2 1 0 0 0 0 3 3 2 1102
1 2 13 3 0 3 7 9 3 4 6 10 1 5 5 6 1 0 3 1 0 0 0 0 2 3 2 1127
3 3 13 5 5 5 8 9 0 7 10 0 0 2 0 1 1 0 3 1 0 0 0 0 2 2 2 1152
3 3 0 0 5 4 0 0 7 5 4 0 12 7 2 1 1 0 1 1 0 0 0 0 0 1 0 500
5 1 2 0 6 4 0 0 8 6 4 2 12 5 4 0 1 0 1 1 0 0 0 0 0 0 0 525
9 6 3 0 6 12 4 0 3 1 1 3 2 0 0 2 1 0 3 1 0 0 0 0 0 0 0 550
9 7 3 4 12 6 3 1 0 6 4 2 2 4 3 1 1 0 3 1 0 0 0 0 0 0 0 575
9 8 5 4 12 6 4 3 2 6 3 1 0 3 0 0 1 0 2 1 0 0 0 0 4 3 4 600
9 8 6 4 12 7 5 3 6 4 2 1 4 3 0 0 1 0 3 1 0 0 0 0 4 4 2 625
10 9 2 0 12 7 1 3 5 3 1 0 2 5 0 2 1 0 1 1 0 0 0 0 3 3 4 650
10 9 5 1 12 8 4 0 4 4 2 0 3 2 0 2 1 0 3 1 0 0 0 0 4 2 3 675
11 8 0 2 12 6 3 0 6 5 3 0 5 3 3 3 1 0 1 1 0 0 0 0 3 3 3 700
11 10 7 0 12 5 3 2 3 4 3 8 1 3 2 1 1 0 1 1 0 0 0 0 3 4 4 725
11 10 5 6 12 9 3 1 3 3 3 2 5 4 1 0 1 0 2 1 0 0 0 0 0 0 0 750
11 10 3 2 12 9 7 3 5 3 7 3 3 1 1 3 1 0 2 1 0 0 0 0 0 0 0 775
0 0 3 2 0 0 0 4 0 3 13 3 2 3 1 5 1 0 1 1 0 0 0 0 0 0 0 800
1 5 8 9 1 13 7 3 2 2 4 3 0 0 1 0 1 0 2 1 0 0 0 0 0 0 1 825
10 5 8 3 1 13 8 9 3 2 1 2 2 0 0 4 1 0 3 1 0 0 0 0 1 0 0 850
0 1 1 4 0 2 4 4 13 11 8 5 2 0 0 4 1 0 1 1 0 0 0 0 0 1 1 875
9 2 1 3 13 7 5 5 3 5 8 2 2 1 11 7 1 0 3 1 0 0 0 0 2 1 1 900
3 10 3 3 0 3 7 4 13 3 6 3 0 11 0 3 1 0 3 1 0 0 0 0 1 1 1 925
4 2 2 3 5 1 1 0 10 6 1 0 13 11 8 2 1 0 2 1 0 0 0 0 1 0 1 950
2 1 1 0 0 5 4 3 10 7 6 3 13 11 8 2 1 0 3 1 0 0 0 0 0 0 1 975
4 2 3 1 4 3 1 4 10 9 5 2 13 11 5 3 1 0 3 1 0 0 0 0 0 0 0 1000
0 0 2 1 8 5 4 1 11 11 3 2 13 6 1 2 3 1 8 0.18181818181818185 9 0.27272727272727276 10 0.54545454545454553 1 1 1 1025
0 0 3 3 2 6 2 3 8 7 5 4 12 9 13 2 1 0 1 1 0 0 0 0 2 0 0 1050
0 0 0 1 0 0 3 2 3 3 5 5 12 10 13 6 1 0 1 1 0 0 0 0 0 1 1 1075
0 0 3 0 1 2 1 4 0 0 6 6 12 10 13 7 1 0 3 1 0 0 0 0 0 1 0 1100
0 0 3 2 4 4 1 0 5 6 4 4 12 11 13 8 1 0 2 1 0 0 0 0 1 0 1 1125
2 1 3 4 1 3 4 5 2 4 7 6 12 11 13 8 1 0 3 1 0 0 0 0 0 0 1 1150
0 0 2 1 0 0 1 3 3 4 4 7 12 11 13 9 1 0 2 1 0 0 0 0 0 0 0 1175
0 2 2 1 0 0 9 3 3 4 4 8 12 11 13 9 1 0 1 1 0 0 0 0 0 0 0 1200
0 2 1 3 3 0 4 4 9 5 7 8 12 11 13 9 1 0 3 1 0 0 0 0 0 0 0 1225
3 0 3 0 3 3 5 9 4 9 9 3 12 11 13 9 1 0 3 1 0 0 0 0 0 0 0 1250
0 1 7 12 2 2 5 3 3 0 3 1 0 0 1 0 1 0 2 1 0 0 0 0 3 3 3 531
3 7 12 6 0 6 6 5 2 3 3 5 0 0 1 1 1 0 3 1 0 0 0 0 3 4 3 556
3 7 12 0 2 6 5 8 2 3 5 0 1 0 3 1 1 0 1 1 0 0 0 0 2 3 4 581
3 3 2 0 2 3 12 0 1 6 9 0 1 6 0 1 1 0 2 1 0 0 0 0 2 2 4 606
3 1 2 2 1 4 6 12 1 2 8 9 2 0 0 1 1 0 3 1 0 0 0 0 3 3 3 631
3 1 2 2 4 3 7 12 4 4 10 3 9 5 0 0 3 1 7 0.1818181818181818 8 0.27272727272727271 9 0.54545454545454541 4 3 4 656
0 0 2 0 3 0 4 1 1 7 4 12 9 8 6 10 1 0 3 1 0 0 0 0 3 4 3 681
3 0 3 0 0 3 5 2 3 5 11 8 0 4 12 1 1 0 3 1 0 0 0 0 4 4 2 706
4 2 0 0 6 4 1 0 12 7 3 0 11 8 4 2 3 1 7 0.1818181818181818 8 0.27272727272727271 9 0.54545454545454541 4 3 4 731
5 2 0 0 7 5 1 0 12 6 3 3 11 9 3 0 1 0 3 1 0 0 0 0 4 4 3 756
5 3 3 2 7 5 6 1 12 7 4 0 11 9 3 0 1 0 1 1 0 0 0 0 3 4 4 781
1 0 3 3 8 5 5 1 12 8 2 3 11 9 2 4 1 0 3 1 0 0 0 0 0 0 0 806
4 0 2 1 1 5 7 3 12 6 5 4 11 10 2 1 1 0 2 1 0 0 0 0 0 0 0 831
1 3 2 3 6 6 3 3 12 8 1 2 3 11 10 3 1 0 1 1 0 0 0 0 3 4 4 856
3 3 0 0 1 7 3 2 12 8 7 4 3 11 10 4 1 0 3 1 0 0 0 0 4 4 2 881
6 2 0 1 4 7 3 3 3 12 10 3 11 10 3 0 3 1 7 0.1818181818181818 8 0.27272727272727271 9 0.54545454545454541 0 0 0 906
2 1 3 5 0 4 4 3 1 5 8 0 0 9 13 2 1 0 3 1 0 0 0 0 4 4 3 931
5 3 0 0 7 7 1 1 9 6 3 0 13 8 2 2 1 0 2 1 0 0 0 0 4 3 4 956
7 1 8 0 11 6 2 0 13 4 0 0 2 4 1 3 1 0 3 1 0 0 0 0 0 0 0 981
11 10 4 3 13 9 5 3 3 10 1 6 4 3 3 2 1 0 2 1 0 0 0 0 1 0 1 1006
11 10 7 5 13 9 6 3 4 10 3 3 5 2 0 3 1 0 1 1 0 0 0 0 0 0 1 1031
2 2 0 0 0 2 5 3 0 4 4 1 0 1 6 12 1 0 2 1 0 0 0 0 3 1 2 542
3 3 3 1 4 4 3 0 5 5 4 0 3 7 12 0 1 0 1 1 0 0 0 0 0 2 3 567
1 0 0 1 5 3 0 0 5 6 1 0 8 12 4 2 1 0 1 1 0 0 0 0 0 3 1 592
3 6 0 2 0 3 1 1 0 3 7 5 8 12 6 5 1 0 2 1 0 0 0 0 1 1 2 617
3 0 3 0 1 3 6 6 1 5 5 9 2 3 9 12 1 0 2 1 0 0 0 0 2 2 0 642
4 6 0 2 4 6 7 1 5 6 10 0 3 12 0 0 3 1 4 0.54545454545454541 5 0.27272727272727271 6 0.1818181818181818 2 2 2 667
3 1 2 4 0 5 5 7 2 6 8 3 1 5 12 10 1 0 1 1 0 0 0 0 1 2 2 692
3 0 1 0 0 0 3 2 1 4 7 10 3 5 9 12 1 0 3 1 0 0 0 0 1 2 1 717
3 4 0 1 1 4 6 0 3 5 7 10 5 6 9 12 1 0 1 1 0 0 0 0 0 3 1 742
1 2 1 3 2 2 4 5 6 5 7 10 9 8 9 12 1 0 3 1 0 0 0 0 2 1 2 767
1 2 0 0 2 3 3 2 3 5 6 11 4 5 9 12 1 0 2 1 0 0 0 0 3 0 1 792
2 1 0 0 3 1 4 0 0 7 7 11 4 9 12 3 1 0 2 1 0 0 0 0 1 1 1 817
4 5 3 3 2 6 5 11 2 9 8 2 1 3 12 3 3 1 7 0.1818181818181818 8 0.27272727272727271 9 0.54545454545454541 2 0 1 842
0 2 2 3 1 3 12 3 5 10 7 11 3 4 7 8 1 0 1 1 0 0 0 0 1 1 1 867
5 3 4 2 12 5 4 10 1 7 11 2 8 9 1 0 1 0 1 1 0 0 0 0 1 2 1 892
5 5 9 0 12 11 2 0 2 10 4 10 4 2 3 1 1 0 1 1 0 0 0 0 2 1 1 917
6 9 7 3 13 6 6 1 3 3 3 3 0 1 1 0 1 0 2 1 0 0 0 0 0 2 2 942
10 8 13 3 1 5 7 0 3 5 4 1 3 0 0 3 1 0 1 1 0 0 0 0 0 3 1 967
10 8 13 5 5 6 7 4 5 5 4 3 6 1 2 2 1 0 1 1 0 0 0 0 1 1 2 992
3 9 1 2 11 7 13 4 3 7 3 0 0 3 0 0 1 0 2 1 0 0 0 0 2 1 1 1017
4 0 3 2 8 6 3 0 11 6 10 0 13 1 4 0 1 0 2 1 0 0 0 0 2 1 1 1042
3 1 1 0 7 3 3 2 9 7 10 1 11 13 4 0 1 0 2 1 0 0 0 0 1 2 1 1067
4 3 3 3 6 5 0 0 9 8 10 3 11 13 6 3 1 0 2 1 0 0 0 0 2 1 1 1092
1 3 3 3 7 10 5 0 9 8 7 1 11 13 4 3 3 1 7 0.2857142857142857 8 0.2857142857142857 9 0.42857142857142855 0 2 2 1117
2 1 4 4 1 6 7 6 7 5 8 3 2 12 13 3 1 0 1 1 0 0 0 0 1 2 0 1142
2 2 3 3 0 3 12 5 0 1 4 6 0 1 2 1 1 0 1 1 0 0 0 0 3 4 4 472
2 1 2 1 4 12 7 0 3 6 4 1 3 4 4 0 1 0 1 1 0 0 0 0 2 4 4 497
1 0 2 4 1 4 5 12 3 4 6 8 9 0 0 0 1 0 2 1 0 0 0 0 3 3 4 522
4 4 5 4 2 6 7 12 1 0 6 8 3 0 9 9 1 0 1 1 0 0 0 0 3 4 4 547
4 5 8 3 4 5 6 12 4 3 4 9 1 3 2 10 1 0 3 1 0 0 0 0 4 4 3 572
0 12 5 3 1 3 2 4 2 6 1 7 0 3 0 1 1 0 2 1 0 0 0 0 1 1 1 475
3 9 12 5 5 6 4 1 4 3 3 0 0 0 1 0 1 0 1 1 0 0 0 0 0 3 2 500
0 4 9 12 3 3 8 5 0 0 5 3 0 0 0 2 1 0 2 1 0 0 0 0 3 1 2 525
4 5 8 9 3 4 7 12 0 3 4 1 3 1 0 0 1 0 2 1 0 0 0 0 1 2 2 550
2 2 4 10 0 5 3 12 3 1 3 5 0 0 2 3 1 0 2 1 0 0 0 0 3 0 2 575
1 3 8 10 0 0 5 12 2 0 4 6 2 0 3 4 1 0 1 1 0 0 0 0 2 2 2 600
0 1 8 10 0 4 7 12 3 3 5 6 0 3 4 4 1 0 2 1 0 0 0 0 2 2 2 625
2 4 9 10 3 3 7 12 0 2 4 7 0 3 2 1 1 0 1 1 0 0 0 0 3 2 2 650
5 7 9 10 3 4 8 12 0 3 1 1 0 2 0 0 1 0 3 1 0 0 0 0 2 3 1 675
1 0 7 4 0 0 5 11 0 0 5 12 0 5 1 2 1 0 3 1 0 0 0 0 2 3 3 700
3 7 3 11 2 3 7 12 2 3 6 3 0 1 4 0 1 0 1 1 0 0 0 0 2 2 3 725
4 5 5 11 0 9 8 12 2 8 7 5 1 0 0 3 1 0 2 1 0 0 0 0 3 2 3 750
