0 3 0 3 0 7 0 2 11 3 3 0 5 2 5 1 9 3 1 3 1 2 1 1 2 2 1 3 1 304 4 3 2 
0 3 0 3 0 1 3 4 1 0 3 6 0 2 11 7 0 1 2 1 351 0 0 0 
0 0 0 1 3 2 4 11 3 1 5 4 0 0 0 3 2 2 2 1 1 1 290 0 2 0 
3 0 0 0 7 3 3 0 2 6 4 3 1 11 7 6 0 1 3 1 315 0 0 0 
0 2 2 2 1 3 4 4 3 2 6 11 0 6 0 0 4 3 1 1 3 1 1 1 310 2 0 2 
0 3 4 4 0 11 4 3 2 3 5 3 0 1 0 2 9 1 1 2 2 1 3 3 2 1 1 3 1 327 4 3 2 
3 0 0 0 11 6 0 1 7 3 5 3 4 3 0 0 10 1 2 3 2 3 2 3 1 1 2 1 3 1 305 3 4 3 
3 3 0 1 1 3 0 0 2 5 3 0 11 0 2 0 11 2 1 2 2 3 3 1 3 2 1 1 1 3 1 294 4 4 3 
3 2 0 11 0 4 5 2 0 0 4 1 0 1 3 2 5 3 1 2 1 1 1 2 1 283 3 1 1 
3 0 0 0 4 2 0 0 4 7 4 1 11 7 0 2 10 1 1 3 3 3 2 1 2 3 2 1 1 1 341 3 3 4 
0 0 7 2 2 3 4 7 0 1 1 11 0 2 0 3 10 3 1 2 1 3 1 2 1 3 3 1 2 1 294 4 2 4 
0 3 0 0 2 0 1 2 2 3 4 0 4 11 7 3 7 1 3 1 2 3 1 1 1 2 1 330 4 1 2 
3 0 2 1 0 0 3 4 0 4 5 3 0 2 11 3 9 1 3 1 3 1 1 2 2 3 1 2 1 306 4 2 3 
3 0 0 0 6 4 0 0 11 5 3 0 3 3 1 3 0 1 2 1 350 0 0 0 
1 4 0 0 2 5 4 2 11 3 0 0 3 1 4 1 4 3 1 2 2 1 3 1 337 1 2 1 
11 4 1 0 6 6 3 2 0 4 0 0 0 2 0 0 10 3 3 1 1 3 2 2 2 1 1 1 3 1 329 4 3 3 
0 0 3 0 3 4 0 0 6 5 3 0 11 4 4 3 9 3 2 3 1 2 1 1 1 2 1 2 1 293 4 3 2 
6 5 5 3 11 3 0 2 0 6 0 3 0 3 1 0 1 1 1 2 1 340 1 0 0 
3 1 1 3 2 4 3 0 11 0 1 1 2 0 0 0 8 1 2 3 2 3 2 2 3 1 1 1 307 1 4 3 
1 3 2 3 3 0 1 11 0 5 5 6 0 3 0 5 7 2 2 1 1 2 2 3 1 1 1 333 2 4 1 
0 3 2 3 0 0 1 11 1 4 6 3 2 0 3 7 5 2 2 1 3 3 1 1 1 367 1 2 2 
0 0 3 0 0 0 1 0 0 4 7 4 1 2 4 11 10 2 3 2 3 3 1 1 2 2 3 1 1 1 308 2 4 4 
0 0 2 0 0 0 0 3 0 1 3 2 3 3 6 11 0 1 1 1 359 0 0 0 
0 0 0 6 0 0 0 11 0 0 5 5 1 3 2 2 7 2 3 3 3 3 1 1 3 6 0.1818181818181818 7 0.27272727272727271 8 0.54545454545454541 298 2 1 4 
6 4 4 2 11 3 0 3 0 5 0 3 0 2 1 0 4 2 1 1 3 1 3 1 309 2 1 1 
0 0 2 0 1 3 3 1 3 5 1 3 2 3 11 6 0 1 2 1 371 0 0 0 
5 2 0 0 11 3 3 1 4 3 6 0 3 1 0 0 9 2 3 2 1 2 3 2 1 1 1 3 1 316 3 4 2 
0 2 0 0 1 1 4 1 0 5 4 3 0 11 6 3 7 1 2 3 3 3 2 3 1 2 1 293 1 2 4 
1 1 0 0 0 4 2 0 0 6 3 2 0 6 11 1 2 2 3 1 3 1 336 0 1 1 
0 0 0 3 11 3 0 0 6 4 2 2 4 1 3 0 5 1 3 3 1 2 3 5 0.37499999999999994 6 0.24999999999999994 7 0.37499999999999994 306 2 1 2 
3 7 11 4 0 4 2 0 2 1 0 0 0 0 0 1 1 2 1 1 1 338 0 1 0 
3 5 2 3 11 4 3 0 2 6 3 2 0 1 0 0 5 3 1 2 1 3 1 1 1 322 2 1 2 
0 5 2 4 2 4 2 4 1 1 3 11 0 3 0 3 0 1 1 1 370 0 0 0 
0 0 5 3 4 2 5 3 0 2 1 11 2 0 3 8 4 1 2 1 1 1 3 1 325 3 1 0 
3 1 0 0 2 4 0 2 3 4 5 2 11 6 0 0 8 3 1 1 1 3 1 3 2 1 2 1 332 4 1 3 
0 0 0 1 0 0 0 4 4 5 6 4 3 2 11 5 1 3 1 3 1 271 0 0 1 
0 4 1 0 0 6 1 0 3 2 3 0 1 3 11 3 5 2 3 3 2 1 1 2 1 287 1 2 2 
3 2 0 0 11 5 0 2 6 3 1 1 3 2 4 2 2 1 3 1 1 1 310 1 0 1 
0 0 5 4 1 0 5 11 0 0 3 7 0 1 2 0 7 2 1 2 3 3 1 2 1 3 1 318 2 3 2 
1 2 0 0 0 3 0 0 11 5 3 3 6 4 4 2 5 2 2 3 1 1 1 1 1 298 2 2 1 
4 3 4 3 11 1 0 1 4 3 2 0 1 6 0 0 9 2 3 2 1 1 3 2 2 3 1 3 1 271 2 4 3 
0 0 1 2 0 4 3 2 0 2 5 1 1 3 11 2 8 2 1 3 3 1 3 3 1 1 2 1 323 3 1 4 
2 6 11 1 1 6 5 2 0 3 0 3 0 0 0 1 7 1 2 2 3 1 3 3 1 2 1 342 2 2 3 
11 0 2 0 5 7 3 0 5 3 0 1 1 3 2 3 6 1 3 2 3 1 2 3 5 0.37499999999999994 6 0.24999999999999994 7 0.37499999999999994 324 2 2 2 
0 0 2 0 11 3 0 0 6 3 4 0 2 3 0 2 4 1 3 1 3 1 1 1 288 2 0 2 
3 5 4 0 2 11 1 2 6 2 0 0 2 3 0 0 4 1 3 1 1 1 3 1 295 3 0 1 
1 0 0 1 2 5 2 3 0 3 4 3 0 1 11 5 5 1 3 2 3 2 1 3 1 320 1 2 2 
0 5 4 4 6 0 6 11 0 2 4 3 0 0 1 0 11 1 3 1 2 3 3 2 2 2 1 3 1 1 1 283 3 4 4 
0 3 0 0 4 4 7 0 11 4 2 2 1 2 5 1 5 3 3 3 1 1 1 2 1 307 2 0 3 
6 11 5 3 5 4 0 0 1 3 4 0 1 3 1 0 5 2 2 1 2 3 1 2 1 299 1 3 1 
11 5 3 2 3 3 1 3 3 2 6 0 0 0 0 1 7 3 2 1 1 2 2 1 1 3 1 363 3 3 1 
7 5 0 3 11 4 5 0 3 3 1 0 1 0 0 0 8 2 2 2 3 1 3 1 2 1 3 1 294 2 4 2 
0 2 1 1 0 3 4 3 0 3 5 6 2 4 4 11 0 1 3 1 328 0 0 0 
0 0 1 0 1 2 2 1 4 4 4 0 2 6 11 3 11 1 2 1 1 2 3 3 3 2 2 1 1 3 1 315 4 4 3 
0 2 2 3 0 0 4 11 3 1 6 1 1 4 2 3 8 2 1 3 2 1 3 3 1 1 2 1 319 3 2 3 
0 3 5 3 3 1 3 11 2 1 2 7 0 3 1 0 0 1 2 1 317 0 0 0 
0 0 0 3 0 0 1 2 1 3 3 4 0 11 8 5 8 1 1 2 2 1 3 3 2 1 2 1 324 3 3 2 
2 6 11 1 4 6 2 3 3 3 0 0 1 0 0 0 3 3 2 3 1 1 1 333 0 1 2 
0 0 3 2 11 0 0 0 4 3 5 2 5 4 3 1 4 1 3 3 1 1 2 1 324 2 0 2 
11 7 2 0 5 3 1 0 4 3 0 0 1 2 0 2 6 2 3 1 1 3 3 1 3 1 315 2 1 3 
0 1 0 2 0 1 1 3 2 4 5 2 0 11 6 1 1 2 1 3 1 325 0 1 0 
1 3 2 4 1 3 5 7 0 3 4 11 0 0 2 3 11 3 1 2 1 2 1 2 3 3 1 3 1 2 1 344 4 3 4 
3 1 2 0 11 3 4 3 0 7 2 0 0 6 0 2 1 1 1 1 1 315 1 0 0 
0 11 7 3 1 5 3 2 3 0 1 4 0 0 0 2 0 1 3 1 304 0 0 0 
0 0 2 1 0 2 5 3 0 4 6 0 3 1 2 11 7 1 3 2 2 3 1 1 1 3 1 311 3 2 2 
0 0 0 3 0 3 0 0 1 5 4 2 6 5 11 3 7 2 3 2 1 1 2 1 3 5 0.37499999999999994 6 0.24999999999999994 7 0.37499999999999994 363 3 3 1 
3 2 0 0 11 4 0 2 6 4 2 0 4 3 3 0 2 1 1 1 1 1 244 2 0 0 
11 6 0 3 7 5 4 1 6 4 2 0 4 0 1 0 4 1 2 3 3 1 2 1 315 1 1 2 
3 0 0 0 6 6 4 5 11 4 4 0 1 5 3 1 1 2 1 2 1 347 0 1 0 
0 0 2 0 1 3 3 0 4 6 4 3 4 11 0 0 3 2 1 1 1 2 1 288 2 1 0 
2 3 0 3 0 7 1 5 3 2 11 3 3 4 1 1 6 3 2 1 2 1 2 1 3 1 309 2 3 1 
3 11 6 4 0 5 6 3 0 0 0 3 0 0 0 1 9 1 2 2 1 2 3 2 3 1 1 3 1 328 3 4 2 
0 0 1 3 0 0 3 3 0 2 6 4 1 2 3 11 8 3 1 2 2 3 2 1 1 1 3 1 308 3 3 2 
11 0 1 2 7 0 0 0 1 3 2 0 2 2 0 0 7 1 2 3 3 3 3 1 1 1 1 344 2 1 4 
0 0 1 0 3 0 0 5 3 3 4 3 3 11 6 5 3 2 3 1 1 2 1 336 1 1 1 
2 4 5 1 0 0 2 11 3 0 0 3 1 0 0 0 11 1 3 2 2 3 2 3 1 1 2 1 1 3 1 346 4 4 3 
11 4 0 1 6 1 3 2 3 4 0 0 0 2 3 0 1 1 1 2 1 313 1 0 0 
3 5 5 11 1 4 4 0 0 3 2 2 0 1 0 1 10 2 1 3 2 3 1 2 3 3 2 1 1 1 316 2 4 4 
2 0 0 2 0 3 11 3 1 1 3 1 0 5 0 0 2 3 3 1 2 1 289 0 0 2 
3 4 3 0 11 5 3 0 1 6 2 0 3 0 1 3 8 2 2 1 1 3 2 2 1 1 3 1 308 3 4 1 
2 5 2 0 5 4 4 1 11 7 0 0 0 2 1 0 4 3 1 1 3 1 2 1 325 2 0 2 
0 2 2 5 0 4 6 5 0 1 4 11 3 3 0 3 5 1 2 1 3 2 1 1 1 344 2 2 1 
0 4 3 6 3 3 3 8 1 3 5 11 0 2 0 0 2 1 3 1 2 1 321 1 0 1 
3 11 4 4 1 4 5 3 0 2 3 0 0 3 2 0 0 1 1 1 325 0 0 0 
2 0 5 11 0 2 5 4 0 6 3 0 0 3 0 0 6 3 2 1 1 3 1 1 3 1 305 3 1 2 
0 1 0 0 2 1 5 2 5 4 4 11 0 1 5 6 6 2 3 3 1 2 3 1 3 1 297 1 2 3 
0 1 3 11 3 2 7 7 1 3 4 5 0 0 2 1 6 2 2 1 2 1 3 1 3 1 280 2 3 1 
0 0 1 3 0 0 6 11 0 2 5 4 3 3 3 4 0 1 3 1 294 0 0 0 
2 11 6 3 3 6 5 2 3 1 2 0 0 1 0 0 0 1 1 1 351 0 0 0 
3 3 3 5 5 5 5 0 11 4 3 0 1 0 0 0 10 1 2 3 3 3 2 2 3 1 2 1 1 1 282 2 4 4 
0 0 0 3 0 0 5 1 3 1 4 4 2 5 11 4 4 1 2 2 1 1 2 1 367 2 2 0 
0 0 11 5 2 4 6 4 0 0 0 3 1 3 0 0 1 2 1 1 1 292 0 1 0 
4 11 0 0 3 4 5 2 2 3 1 0 0 0 1 1 10 3 2 3 2 1 2 2 1 3 1 1 3 1 328 3 4 3 
0 0 0 2 0 0 2 4 1 3 5 6 3 4 7 11 3 1 2 3 1 1 1 314 1 1 1 
3 2 0 0 3 4 0 0 4 6 2 3 4 11 0 1 2 1 1 1 2 1 328 2 0 0 
4 11 3 4 2 1 6 3 3 2 0 0 0 2 0 0 4 1 1 1 3 1 2 1 322 3 0 1 
2 3 0 0 3 5 3 1 3 5 11 0 4 6 0 0 7 2 1 3 2 3 2 1 1 1 1 332 2 3 2 
0 3 1 3 0 11 5 2 1 4 4 5 0 2 3 6 1 2 1 1 1 303 0 1 0 
1 0 1 0 0 3 2 4 0 3 5 11 1 3 5 3 6 2 2 1 3 1 2 1 2 1 330 2 3 1 
3 1 3 3 0 1 2 11 3 0 6 0 0 7 0 0 0 1 2 1 328 0 0 0 
3 5 4 6 0 1 4 11 2 0 0 3 1 0 0 0 5 1 3 3 2 3 1 2 1 307 1 1 3 
0 2 0 3 3 2 0 0 11 5 3 0 5 1 2 0 7 1 2 3 1 2 1 3 1 1 1 341 3 2 2 
1 0 0 0 3 0 0 0 1 3 2 5 4 11 5 2 11 2 1 3 1 1 2 3 2 1 3 3 1 2 1 348 4 3 4 
1 11 5 3 4 6 4 3 1 3 2 0 0 0 0 3 0 1 2 1 316 0 0 0 
0 1 11 6 3 1 1 4 0 2 4 5 2 0 2 3 9 1 1 3 2 3 3 2 1 2 1 3 1 344 3 3 3 
3 1 0 3 11 3 0 0 5 3 2 4 3 3 4 0 10 2 3 3 1 1 3 2 2 2 1 1 1 1 336 3 4 3 
0 0 0 1 2 3 0 3 3 3 4 2 3 5 11 1 6 3 2 1 3 1 3 1 2 1 339 2 1 3 
0 5 3 0 2 8 7 4 3 4 11 4 0 3 4 4 9 3 2 3 1 1 1 2 1 3 1 2 1 344 4 2 3 
6 3 4 0 11 5 2 0 3 4 4 2 0 1 2 0 8 3 1 2 3 2 3 1 1 1 1 1 340 3 2 3 
0 2 0 0 11 7 4 0 2 6 3 1 3 0 0 0 9 2 1 1 3 2 1 1 2 3 1 3 1 282 4 3 2 
11 6 1 0 8 6 3 1 4 4 3 0 0 0 0 1 5 3 3 2 2 3 1 2 1 385 0 2 3 
2 2 4 7 0 3 4 5 1 2 3 11 0 0 0 6 2 1 1 1 3 1 298 2 0 0 
3 0 3 0 5 0 0 0 7 3 0 3 11 2 0 0 8 1 2 1 1 3 2 3 2 1 1 1 350 3 3 2 
1 2 5 5 0 0 6 11 0 3 0 1 0 3 0 0 0 1 2 1 296 0 0 0 
0 0 2 3 1 3 3 0 3 5 4 2 4 11 1 0 11 1 2 3 1 1 3 3 2 3 2 2 1 1 1 315 3 4 4 
0 11 5 3 2 4 4 3 0 3 4 3 0 0 0 1 9 2 1 3 2 3 3 1 1 2 1 3 1 321 3 3 3 
5 3 4 3 8 4 2 0 11 2 1 1 0 0 2 0 10 3 3 1 2 3 2 1 3 1 2 1 1 1 305 3 3 4 
0 3 0 3 0 0 0 1 0 2 1 6 2 1 11 6 1 2 1 3 1 328 0 1 0 
0 2 0 0 3 0 1 0 6 0 3 2 11 7 1 0 7 3 1 3 2 1 3 2 1 3 1 334 2 2 3 
3 0 2 3 3 4 2 0 4 7 1 0 11 1 0 0 10 1 3 2 3 1 2 2 3 1 2 1 1 1 350 3 4 3 
2 0 3 0 2 1 1 0 4 6 0 0 3 4 11 3 10 1 1 3 2 3 2 3 2 2 1 1 1 1 296 3 4 3 
0 0 3 1 0 1 4 2 0 0 6 6 3 3 4 11 7 1 2 3 3 1 3 2 1 2 1 299 2 2 3 
11 7 4 2 2 4 3 0 1 3 0 0 3 0 0 0 7 1 2 3 1 2 3 1 1 3 1 327 3 2 2 
3 0 11 1 0 1 5 3 0 4 4 1 0 0 2 2 1 3 1 2 1 327 0 0 1 
0 3 0 1 0 0 2 3 3 5 3 4 2 0 11 5 5 2 3 1 3 3 1 1 1 312 1 1 3 
0 3 0 3 2 1 2 0 0 5 3 3 4 6 11 0 6 3 3 1 2 1 2 1 1 1 323 2 2 2 
1 7 5 6 6 3 0 0 11 5 4 2 0 3 0 3 11 3 3 2 3 1 2 2 3 2 1 1 1 1 1 305 3 4 4 
