21311801 544 5 2 2 1 1 3 1 0 3 1 0 0 0 0 2 2 1 3 0 5 0 1 3 4 4 2 5 6 12 2 1 3 3
21311802 484 1 3 1 0 2 1 0 0 0 0 0 0 1 12 1 2 0 3 6 3 0 3 1 3 1 0 0 2 0
21311803 569 10 2 3 3 1 2 1 2 2 1 1 1 0 3 1 0 0 0 0 4 4 2 5 3 4 1 3 7 5 2 12 3 0 0 3 2 1 3
21311804 517 3 2 3 1 1 0 3 1 0 0 0 0 1 1 1 2 5 3 6 1 5 12 0 1 4 4 0 2 0 0 0
21311806 501 9 1 3 1 3 3 1 3 2 2 1 0 1 1 0 0 0 0 3 2 4 0 2 0 0 12 4 5 0 5 4 6 0 3 2 1 2
21311807 518 10 1 1 1 2 2 2 3 3 3 2 1 0 1 1 0 0 0 0 3 4 3 12 7 3 3 4 4 1 0 4 2 3 0 3 0 0 0
21311808 610 1 1 1 0 3 1 0 0 0 0 1 0 0 12 4 2 0 6 7 5 0 5 5 2 1 0 2 0 1
21311809 556 0 1 0 1 1 0 0 0 0 0 0 0 0 0 2 4 0 0 5 12 6 4 2 3 3 0 1 4
21311811 515 6 2 1 2 1 2 3 1 0 3 1 0 0 0 0 2 3 1 3 0 0 2 1 3 0 0 4 7 1 0 12 5 4 0
21311812 518 1 2 1 0 1 1 0 0 0 0 0 1 0 4 7 1 3 4 6 5 3 12 4 0 0 4 2 0 0
21311813 616 3 3 1 1 1 0 3 1 0 0 0 0 2 0 1 2 0 0 0 4 5 2 3 3 2 7 1 3 12 0 0
21311814 513 9 1 3 3 1 2 3 3 1 2 1 0 2 1 0 0 0 0 3 2 4 0 1 2 0 0 3 2 4 4 5 3 3 1 6 8 12
21311815 528 1 1 1 0 3 1 0 0 0 0 1 0 0 12 4 2 0 6 4 5 1 5 5 2 0 3 1 3 2
21311816 578 1 3 1 0 2 1 0 0 0 0 0 0 1 0 0 1 0 4 3 0 0 4 5 7 0 12 4 4 3
21311817 597 4 3 1 1 2 1 0 2 1 0 0 0 0 2 1 1 0 4 3 12 3 7 5 4 0 0 3 3 2 0 1 0
21311818 562 2 1 2 1 0 3 1 0 0 0 0 1 1 0 4 1 2 2 7 4 3 4 12 4 1 0 2 0 1 0
21311819 571 5 1 3 3 2 3 1 0 2 1 0 0 0 0 1 1 3 0 1 0 2 5 4 4 0 6 5 2 3 12 1 4 1
21311820 560 5 2 1 1 3 1 1 0 1 1 0 0 0 0 3 1 1 0 0 0 3 2 0 4 12 0 3 4 6 0 2 2 3
21311821 541 11 2 2 1 2 3 1 1 1 3 3 3 1 0 2 1 0 0 0 0 4 3 4 5 12 4 0 5 3 3 3 2 6 0 0 0 1 0 0
21311822 570 1 3 1 0 2 1 0 0 0 0 0 0 1 0 3 2 3 0 1 5 5 3 0 4 12 1 0 0 0
21311823 574 0 1 0 3 1 0 0 0 0 0 0 0 3 12 4 1 5 5 6 3 3 0 4 0 2 0 0 3
21311824 545 10 3 1 2 3 3 1 2 3 2 1 1 0 1 1 0 0 0 0 3 3 4 12 2 2 0 8 3 2 2 7 3 1 3 1 5 1 0
21311825 456 9 3 1 2 2 2 1 2 3 3 1 0 1 1 0 0 0 0 2 4 3 1 0 0 3 0 2 1 2 0 1 4 12 0 4 4 5
21311826 474 8 1 2 3 1 1 2 3 3 1 0 2 1 0 0 0 0 3 2 3 4 3 12 0 3 4 6 1 2 5 0 2 0 0 1 0
21311827 495 8 2 2 3 2 1 1 1 3 1 0 2 1 0 0 0 0 3 3 2 1 0 0 0 0 3 1 4 3 2 4 8 3 4 4 12
21311828 554 2 3 1 1 0 2 1 0 0 0 0 1 0 1 0 0 3 1 0 4 5 2 1 2 3 3 0 12 3 5
21311829 523 7 2 3 2 2 1 1 3 1 0 3 1 0 0 0 0 2 3 2 1 5 3 12 3 5 5 6 0 3 7 1 0 0 0 2
21311830 590 0 1 0 2 1 0 0 0 0 0 0 0 1 0 2 2 3 4 1 1 6 5 2 3 12 1 0 0
21311831 494 10 3 1 2 1 3 2 3 1 2 1 1 0 2 1 0 0 0 0 4 3 3 0 0 0 3 1 3 0 2 2 4 3 1 0 4 6 12
21311832 467 1 3 1 0 1 1 0 0 0 0 0 0 1 0 3 3 0 12 7 5 2 6 3 3 0 1 1 2 2
21311833 522 8 3 3 1 2 2 2 1 1 1 0 3 1 0 0 0 0 3 3 2 3 0 0 0 5 7 3 0 2 7 12 7 0 1 3 0
21311834 540 8 3 2 3 2 1 2 1 3 1 0 1 1 0 0 0 0 2 3 3 12 6 3 3 1 6 4 1 2 0 5 0 0 2 0 0
21311835 601 8 3 2 3 2 1 1 2 1 1 0 2 1 0 0 0 0 3 3 2 12 3 3 4 3 5 4 0 0 3 1 0 3 2 1 0
21311836 485 8 3 2 3 1 1 1 3 2 1 0 2 1 0 0 0 0 3 2 3 3 1 7 4 12 5 3 4 2 6 2 0 1 0 0 0
21311838 519 9 2 1 3 2 1 2 1 3 2 1 0 1 1 0 0 0 0 3 4 2 0 1 2 0 4 6 2 3 0 1 12 4 3 3 3 0
21311840 555 2 3 3 3 1 5 0.33333333333333331 6 0.33333333333333331 7 0.33333333333333331 0 0 2 0 7 4 0 7 3 2 0 1 3 12 1 0 2 0 0
21311841 563 8 3 1 3 1 1 3 2 3 1 0 2 1 0 0 0 0 3 1 4 0 2 0 0 3 1 3 1 2 3 2 6 0 0 5 12
21311842 561 6 1 1 1 2 2 3 1 0 3 1 0 0 0 0 3 2 1 0 2 3 0 12 5 1 3 5 4 4 0 7 2 0 0
21311843 503 3 3 3 1 1 0 1 1 0 0 0 0 1 0 2 7 12 1 0 5 4 2 2 0 2 2 0 0 0 1 0
21311844 521 8 2 3 2 1 1 1 3 2 1 0 3 1 0 0 0 0 3 3 2 0 1 7 3 3 1 5 6 0 0 3 12 0 2 3 2
21311845 570 9 1 2 3 3 3 1 1 3 2 1 0 2 1 0 0 0 0 3 2 4 1 1 0 0 12 6 3 0 3 5 3 2 1 2 3 2
21311846 568 1 2 1 0 2 1 0 0 0 0 0 1 0 2 3 0 0 4 1 1 0 7 5 4 1 12 4 3 3
21311847 547 8 1 2 1 3 1 3 2 1 1 0 3 1 0 0 0 0 4 2 2 0 2 0 1 3 2 1 12 0 4 4 7 2 2 5 6
21311848 531 4 2 3 1 3 1 0 3 1 0 0 0 0 1 1 2 1 12 6 5 3 7 3 3 4 3 5 3 0 2 0 0
21311849 592 4 3 2 2 3 1 0 2 1 0 0 0 0 0 2 2 0 6 6 1 0 3 3 12 3 6 0 4 0 1 1 0
21311851 569 8 3 3 1 2 2 2 1 3 1 0 3 1 0 0 0 0 2 3 3 2 12 3 1 4 4 5 0 0 2 1 0 0 1 4 0
21311852 602 0 1 0 3 1 0 0 0 0 0 0 0 3 4 6 12 2 4 5 8 0 0 1 4 0 0 5 3
21311853 584 4 1 3 3 1 1 0 2 1 0 0 0 0 2 0 2 0 2 0 1 2 4 3 5 0 1 2 12 3 3 1 2
21311854 577 0 1 0 1 1 0 0 0 0 0 0 0 0 4 3 2 0 5 4 12 2 1 2 4 0 0 0 1
21311855 582 5 1 2 2 1 2 1 0 3 1 0 0 0 0 2 3 0 0 3 0 0 4 3 1 0 5 3 7 0 12 3 3 3
21311856 424 0 3 1 5 0.33333333333333331 6 0.33333333333333331 7 0.33333333333333331 0 0 0 1 0 3 0 3 3 6 7 3 5 7 0 2 3 4 12
21311857 598 5 1 1 1 1 3 1 0 3 1 0 0 0 0 4 0 1 2 4 4 12 0 2 5 6 0 2 7 1 0 2 3 2
21311858 509 9 2 1 3 3 1 3 1 1 2 1 0 2 1 0 0 0 0 4 2 3 3 12 4 2 1 3 5 3 3 3 2 0 0 0 0 3
21311859 560 9 3 1 1 1 3 2 3 2 2 1 0 3 1 0 0 0 0 3 3 3 2 0 5 3 0 1 3 5 0 0 12 7 0 3 5 3
21311860 607 0 1 0 1 1 0 0 0 0 0 0 0 0 0 3 3 0 0 5 3 0 3 4 12 3 2 3 3
21311861 544 3 3 1 3 1 0 1 1 0 0 0 0 1 0 2 2 0 0 0 3 2 3 2 5 5 3 1 12 3 3 0
21311862 587 11 1 2 1 2 2 3 1 1 2 3 3 1 0 3 1 0 0 0 0 4 4 3 1 2 4 12 0 3 3 5 0 3 3 5 0 0 2 1
21311863 556 10 2 2 1 3 1 3 1 3 3 2 1 0 2 1 0 0 0 0 3 3 4 0 0 0 2 0 3 6 1 1 0 4 3 0 3 4 12
21311864 555 1 2 1 0 1 1 0 0 0 0 0 1 0 3 0 0 0 5 4 0 0 6 7 1 0 12 9 3 2
21311865 523 5 2 2 1 2 3 1 0 3 1 0 0 0 0 1 3 1 0 1 0 0 0 3 2 1 0 1 6 6 1 2 5 12
21311866 553 1 2 1 0 1 1 0 0 0 0 0 1 0 0 3 1 12 1 6 5 5 2 3 7 2 0 3 4 0
21311867 604 3 2 3 3 1 0 1 1 0 0 0 0 0 1 2 0 1 7 4 3 2 5 12 0 4 3 2 1 3 4 6
21311868 625 1 1 1 0 3 1 0 0 0 0 1 0 0 1 5 12 1 5 4 3 3 0 0 2 5 0 2 0 2
21311869 526 9 2 1 3 3 2 1 2 1 2 1 0 3 1 0 0 0 0 3 4 2 12 8 6 1 1 7 5 0 0 4 2 1 0 0 2 3
21311870 634 10 3 3 2 2 1 2 2 1 1 3 1 0 1 1 0 0 0 0 3 4 3 0 0 3 0 0 2 1 0 12 5 4 1 4 4 2 0
21311871 534 9 1 3 1 3 1 3 2 2 2 1 0 3 1 0 0 0 0 3 3 3 3 4 3 12 2 6 5 3 0 3 4 3 0 1 3 0
21311872 548 3 3 3 2 1 0 1 1 0 0 0 0 0 1 2 3 12 5 4 0 1 5 3 0 2 3 1 0 2 0 0
21311873 547 9 1 3 1 1 1 2 3 2 3 1 0 2 1 0 0 0 0 4 2 3 3 0 0 2 3 4 0 0 6 6 1 0 2 12 4 0
21311874 560 5 3 2 2 2 2 1 0 1 1 0 0 0 0 0 4 1 12 4 3 0 4 3 4 0 3 1 3 1 0 1 3 0
21311875 586 9 3 3 2 1 3 2 2 2 1 1 0 3 1 0 0 0 0 2 4 3 12 3 2 0 1 6 3 1 3 3 4 1 1 0 2 0
21311876 571 7 3 1 2 2 3 2 3 1 0 1 1 0 0 0 0 1 3 3 1 3 0 0 2 4 4 3 0 7 4 12 0 1 0 3
21311877 544 0 1 0 3 1 0 0 0 0 0 0 0 2 1 3 2 0 0 0 12 0 0 4 6 0 1 0 4
21311878 556 7 3 2 1 1 3 2 1 1 0 1 1 0 0 0 0 3 2 2 0 3 0 2 3 2 1 3 0 4 3 4 2 3 8 12
21311879 535 7 3 2 3 2 2 2 1 1 0 3 1 0 0 0 0 1 4 2 1 0 1 0 7 0 3 3 6 6 4 3 4 12 5 1
21311880 575 5 1 1 2 2 3 1 0 1 1 0 0 0 0 2 2 1 1 2 2 0 0 3 3 0 5 5 7 0 12 8 5 3
21311881 536 10 1 3 3 2 1 2 3 2 2 1 1 0 3 1 0 0 0 0 3 4 3 0 1 0 1 4 2 0 0 6 5 6 0 12 6 3 0
21311882 525 4 1 2 3 1 1 0 3 1 0 0 0 0 2 1 1 12 3 1 3 3 6 2 0 3 5 3 0 4 2 0 0
21311883 551 3 1 1 2 1 0 3 1 0 0 0 0 2 1 0 3 0 0 0 12 3 2 0 5 4 0 1 2 4 0 0
21311884 528 1 3 1 0 3 1 0 0 0 0 0 0 1 7 3 7 3 0 2 7 3 1 12 3 2 1 0 0 0
21311885 510 9 1 3 2 1 1 2 3 3 2 1 0 1 1 0 0 0 0 3 3 3 0 12 2 4 0 5 7 4 0 0 5 3 2 0 1 3
21311886 532 11 3 1 2 1 1 2 3 3 2 1 3 1 0 2 1 0 0 0 0 4 3 4 3 0 0 0 3 0 0 1 4 6 4 0 3 12 6 2
21311887 610 2 3 1 1 0 2 1 0 0 0 0 1 0 1 0 2 0 0 3 1 5 1 0 4 4 5 2 3 4 12
21311888 599 11 2 1 3 1 3 3 1 2 1 2 3 1 0 2 1 0 0 0 0 4 3 4 3 12 5 2 0 0 1 3 2 0 1 3 0 0 1 2
21311889 509 3 2 1 2 1 0 3 1 0 0 0 0 1 2 0 12 3 3 0 4 8 4 0 3 3 0 1 2 1 0 0
21311890 509 10 2 2 3 1 2 1 3 1 3 1 1 0 3 1 0 0 0 0 4 3 3 2 0 0 0 5 1 3 0 4 3 1 3 12 3 2 2
21311891 558 0 1 0 2 1 0 0 0 0 0 0 0 12 7 4 3 5 4 6 0 3 4 3 0 0 1 0 0
21311892 587 10 2 2 3 1 3 2 2 3 1 3 1 0 1 1 0 0 0 0 2 4 4 0 0 3 4 0 5 6 3 1 5 2 7 0 3 1 12
21311893 544 0 3 1 5 0.33333333333333331 6 0.33333333333333331 7 0.33333333333333331 0 0 0 0 0 0 1 0 0 2 4 2 3 7 3 1 4 6 12
21311894 605 8 2 3 1 2 1 3 2 2 1 0 3 1 0 0 0 0 2 4 2 0 4 3 0 3 5 3 0 1 5 1 0 3 2 12 1
21311895 524 1 3 1 0 2 1 0 0 0 0 0 0 1 0 3 1 12 0 4 4 3 3 1 5 1 2 2 3 0
21311896 506 1 2 1 0 3 1 0 0 0 0 0 1 0 3 0 1 2 3 3 1 0 12 7 3 0 1 5 6 2
21311897 544 10 2 3 3 3 1 1 2 2 1 1 1 0 3 1 0 0 0 0 4 3 3 0 0 1 0 3 12 2 0 1 5 5 2 2 2 1 0
21311898 500 7 1 3 3 2 1 2 1 1 0 3 1 0 0 0 0 3 2 2 0 0 2 0 12 4 1 2 5 3 3 0 3 4 0 0
21311899 484 11 2 2 2 1 3 3 3 1 3 1 1 1 0 2 1 0 0 0 0 4 3 4 2 4 3 12 1 6 4 3 0 0 0 1 0 0 0 2
21311901 509 7 2 3 2 2 3 3 3 1 0 2 1 0 0 0 0 0 3 4 1 5 3 1 12 4 3 1 1 2 0 0 1 3 0 0
21311902 531 7 2 3 3 2 1 3 2 1 0 3 1 0 0 0 0 1 3 3 12 3 1 3 4 3 3 0 5 2 1 0 1 0 4 0
21311903 584 3 1 2 2 1 0 3 1 0 0 0 0 1 2 0 0 3 2 12 2 6 7 1 0 4 3 5 1 0 3 1
21311904 554 11 3 1 2 1 3 2 2 3 2 1 3 1 0 1 1 0 0 0 0 3 4 4 0 0 0 1 3 6 2 3 0 4 4 6 0 1 2 12
21311905 499 9 1 3 2 1 2 1 2 2 3 1 0 3 1 0 0 0 0 3 4 2 5 3 4 1 3 4 7 4 3 5 12 0 1 2 0 3
21311906 499 7 3 2 3 1 3 2 1 1 0 1 1 0 0 0 0 2 2 3 1 0 0 0 12 2 4 3 3 7 3 2 4 6 4 0
21311907 524 6 2 2 3 3 2 1 1 0 2 1 0 0 0 0 1 3 2 12 3 1 0 4 4 5 0 1 5 4 1 3 0 0 0
21311908 517 2 1 1 1 0 2 1 0 0 0 0 2 0 0 7 3 12 0 2 6 3 0 4 4 3 6 3 0 0 0
21311909 609 11 3 2 2 1 3 1 3 2 1 2 3 1 0 1 1 0 0 0 0 3 4 4 3 0 0 0 4 0 0 0 4 6 3 1 12 8 3 2
21311910 545 11 1 3 1 2 3 1 2 3 3 1 2 1 0 2 1 0 0 0 0 4 3 4 4 5 3 6 4 3 12 0 0 5 3 4 1 2 0 0
21311911 477 5 2 1 2 3 3 1 0 1 1 0 0 0 0 1 2 2 0 12 7 2 2 1 5 3 0 1 0 3 0 0 0 4
21311912 501 6 3 1 3 1 3 1 1 0 2 1 0 0 0 0 3 0 3 0 2 0 1 2 3 3 1 12 4 4 0 2 3 2 3
21311913 580 2 3 2 1 0 1 1 0 0 0 0 0 1 1 12 4 6 4 4 3 3 1 1 6 4 2 2 0 0 0
21311914 576 6 3 1 1 1 2 3 1 0 2 1 0 0 0 0 3 1 2 12 5 4 0 3 5 4 1 4 6 3 2 4 0 2 0
21311915 561 7 2 2 3 1 2 1 1 1 0 3 1 0 0 0 0 3 3 1 0 3 0 0 1 2 3 3 0 0 5 4 0 4 12 3
21311916 593 10 1 2 2 2 3 3 3 1 1 2 1 0 1 1 0 0 0 0 3 4 3 0 3 0 2 3 1 0 3 3 5 2 3 0 12 5 1
21311917 634 0 1 0 2 1 0 0 0 0 0 0 0 12 4 4 0 5 5 5 2 0 3 3 0 0 1 0 1
21311918 551 7 2 3 1 3 3 1 1 1 0 2 1 0 0 0 0 3 1 3 12 3 4 3 3 6 2 0 2 6 0 0 1 0 0 0
21311919 616 4 1 2 2 3 1 0 1 1 0 0 0 0 1 2 1 3 0 2 0 4 0 1 3 4 3 4 0 3 5 12 0
21311920 546 4 1 1 1 1 1 0 3 1 0 0 0 0 4 0 0 0 2 3 12 2 5 4 3 2 2 6 3 0 0 3 3
21311921 493 4 1 1 3 2 1 0 2 1 0 0 0 0 2 1 1 0 3 0 0 0 2 3 1 1 4 6 4 3 2 7 12
21311922 548 2 3 3 1 0 3 1 0 0 0 0 0 0 2 0 12 2 2 5 4 5 1 0 3 6 1 3 1 2 0
21311923 532 6 2 2 3 2 3 1 1 0 3 1 0 0 0 0 1 3 2 12 4 3 3 1 5 3 2 1 6 0 0 1 0 0 0
21311924 565 2 2 3 1 0 2 1 0 0 0 0 0 1 1 0 1 0 0 4 3 0 0 4 5 3 0 1 1 12 2
21311925 516 6 2 3 1 1 1 3 1 0 2 1 0 0 0 0 3 1 2 0 0 3 3 0 1 3 3 0 3 6 8 2 2 3 12
21311926 484 10 2 2 3 1 3 1 1 3 1 3 1 0 2 1 0 0 0 0 4 2 4 0 0 0 2 1 3 3 12 0 2 3 7 0 3 3 5
21311927 512 9 3 1 2 1 2 3 3 3 1 1 0 2 1 0 0 0 0 3 2 4 2 2 12 2 1 4 1 3 6 8 4 4 0 5 1 3
21311928 532 11 1 2 1 3 2 2 1 3 3 2 3 1 0 1 1 0 0 0 0 3 4 4 0 0 4 6 0 3 5 3 0 12 5 3 7 0 1 2
21311929 488 10 1 1 1 3 2 2 3 2 1 3 1 0 2 1 0 0 0 0 4 3 3 0 8 0 0 5 4 12 3 3 3 5 0 4 4 4 0
21311930 609 10 1 3 3 1 3 1 3 2 1 2 1 0 2 1 0 0 0 0 4 2 4 0 2 3 3 3 1 7 4 0 3 4 8 2 5 3 12
21311931 559 4 3 3 3 1 1 0 3 1 0 0 0 0 1 0 3 0 1 0 2 0 4 0 2 3 1 3 6 2 4 3 12
21311932 553 5 3 1 2 2 3 1 0 1 1 0 0 0 0 1 2 2 0 0 1 0 4 1 3 2 4 4 12 0 2 5 3 0
21311933 596 5 2 2 2 3 3 1 0 3 1 0 0 0 0 0 3 2 0 0 3 2 5 4 1 1 0 3 4 1 1 3 4 12
21311934 510 3 1 2 1 1 0 1 1 0 0 0 0 2 1 0 0 2 0 0 1 6 4 3 7 4 2 3 4 2 12 0
21311935 505 3 2 3 3 1 0 2 1 0 0 0 0 0 1 2 0 1 0 0 3 6 1 2 5 3 4 3 3 12 3 1
21311936 549 4 1 2 3 1 1 0 3 1 0 0 0 0 2 1 1 0 4 7 12 0 1 5 3 0 3 0 2 2 3 0 0
21311937 538 11 1 2 1 2 2 3 3 1 3 3 1 1 0 2 1 0 0 0 0 4 3 4 0 4 0 0 3 6 4 8 0 6 4 1 3 12 3 2
21311938 620 3 3 2 3 1 0 3 1 0 0 0 0 0 1 2 0 0 0 1 1 2 0 6 0 3 4 6 0 12 5 5
21311939 532 1 3 1 0 1 1 0 0 0 0 0 0 1 0 3 2 12 0 4 7 1 0 1 0 2 2 3 0 0
21311941 555 0 1 0 1 1 0 0 0 0 0 0 0 0 0 2 0 6 5 4 3 0 7 5 1 0 12 2 3
21311942 561 3 3 2 3 1 0 2 1 0 0 0 0 0 1 2 8 7 12 0 1 4 3 3 1 4 5 1 2 3 0 0
21311943 520 11 3 3 3 2 3 1 2 1 2 2 1 1 0 1 1 0 0 0 0 3 4 4 0 3 1 2 0 2 3 0 1 6 3 7 5 3 12 0
21311944 557 7 3 1 2 2 2 1 1 1 0 2 1 0 0 0 0 3 3 1 0 1 0 0 2 0 3 4 3 3 12 1 7 5 4 3
21311945 556 6 3 1 3 2 3 1 1 0 3 1 0 0 0 0 2 1 3 0 12 7 2 2 1 4 4 0 3 5 3 0 0 1 2
21311946 582 6 3 3 2 1 1 1 1 0 3 1 0 0 0 0 3 1 2 0 2 2 0 1 6 3 12 2 4 5 4 0 4 3 3
21311947 533 8 2 3 3 1 2 3 1 2 1 0 3 1 0 0 0 0 2 3 3 0 0 2 0 1 3 3 5 1 5 5 2 0 12 3 1
21311948 524 6 1 3 3 2 1 2 1 0 1 1 0 0 0 0 2 2 2 12 6 2 1 7 6 3 0 4 3 4 0 0 0 2 0
21311949 562 2 3 3 1 0 2 1 0 0 0 0 0 0 2 3 4 4 12 2 5 4 1 0 1 0 1 2 0 0 0
21311950 565 9 3 3 2 2 1 1 1 2 2 1 0 3 1 0 0 0 0 3 4 2 0 1 0 0 0 3 2 5 1 3 6 5 3 3 4 12
21311951 574 3 3 2 2 1 0 3 1 0 0 0 0 0 2 1 4 12 2 1 1 6 5 1 2 5 0 0 1 0 0 0
21311953 505 3 1 3 1 1 0 2 1 0 0 0 0 2 0 1 0 3 0 0 0 4 0 2 12 6 4 0 4 3 3 0
21311954 438 5 3 3 2 2 2 1 0 3 1 0 0 0 0 0 3 2 0 4 4 6 0 3 12 1 1 3 0 0 0 0 1 0
21311955 500 10 2 1 2 2 1 1 2 3 3 3 1 0 1 1 0 0 0 0 3 4 3 1 12 4 3 3 3 3 7 1 2 6 2 3 3 3 0
21311956 530 11 3 3 1 1 2 2 1 1 3 2 2 1 0 3 1 0 0 0 0 4 4 3 0 0 3 1 2 2 7 0 0 1 6 12 0 4 3 4
21311957 615 8 2 2 1 3 2 1 1 3 3 1 6 0.33333333333333331 7 0.33333333333333331 8 0.33333333333333331 3 3 2 12 2 1 0 1 6 0 0 3 6 4 3 0 2 0 3
21311958 634 10 1 2 2 3 1 2 1 2 3 1 1 0 3 1 0 0 0 0 4 4 2 1 1 0 0 0 4 2 3 6 5 2 0 12 5 4 0
21311960 515 8 3 2 2 2 3 3 3 1 1 0 1 1 0 0 0 0 1 3 4 1 12 2 0 3 6 4 2 8 4 1 0 3 1 3 0
21311961 604 10 1 3 3 1 3 1 1 2 3 2 1 0 2 1 0 0 0 0 4 2 4 2 2 0 0 4 1 5 3 0 4 12 2 0 3 1 0
21311962 517 0 1 0 1 1 0 0 0 0 0 0 0 0 2 3 0 3 1 5 2 3 4 7 3 3 1 2 12
21311963 479 11 2 3 1 2 1 3 2 3 3 2 1 1 0 1 1 0 0 0 0 3 4 4 12 4 2 1 5 4 7 2 1 3 0 0 3 0 0 0
21311964 548 8 2 2 3 1 3 1 3 1 1 0 1 1 0 0 0 0 3 2 3 0 2 0 0 4 0 3 0 12 5 3 0 3 8 5 2
21311965 585 6 3 2 1 3 1 1 1 0 2 1 0 0 0 0 3 1 2 2 5 0 0 1 3 2 3 12 0 0 0 8 4 5 4
21311966 614 0 1 0 3 1 0 0 0 0 0 0 0 12 1 2 0 8 5 4 0 2 6 0 1 0 1 2 0
21311967 515 5 1 2 1 3 3 1 0 2 1 0 0 0 0 2 1 2 0 0 0 1 0 3 2 4 0 3 3 12 3 0 4 3
21311968 642 5 2 1 3 3 2 1 0 1 1 0 0 0 0 1 2 2 0 4 2 12 2 1 5 3 0 0 5 1 0 3 0 8
21311969 545 10 2 1 3 2 1 3 3 1 1 2 1 0 3 1 0 0 0 0 4 3 3 2 0 3 0 0 4 3 0 1 6 4 7 0 12 3 2
21311970 628 6 1 2 2 3 3 3 1 0 1 1 0 0 0 0 1 2 3 2 3 4 3 1 2 5 5 0 12 3 6 0 1 0 0
21311971 563 1 3 1 0 3 1 0 0 0 0 0 0 1 12 5 4 0 5 4 0 0 5 0 2 1 1 0 2 0
21311972 598 10 2 3 1 3 2 3 1 2 2 1 3 1 6 0.33333333333333331 7 0.33333333333333331 8 0.33333333333333331 3 4 3 1 1 0 0 5 2 3 0 5 6 3 3 12 8 3 0
21311973 508 2 2 3 1 0 1 1 0 0 0 0 0 1 1 0 2 0 0 2 12 1 3 1 3 5 3 0 3 4 4
21311974 575 2 2 3 1 0 3 1 0 0 0 0 0 1 1 0 0 3 2 0 0 1 4 0 1 4 5 3 3 3 12
21311975 577 1 1 1 0 2 1 0 0 0 0 1 0 0 3 6 12 0 3 5 1 0 3 5 1 0 0 2 0 2
21311976 488 6 3 2 3 1 1 3 1 0 2 1 0 0 0 0 2 1 3 2 1 0 2 1 3 0 0 4 3 4 0 12 5 3 0
21311977 549 3 1 1 1 1 0 3 1 0 0 0 0 3 0 0 0 2 2 0 0 3 5 1 0 2 1 2 2 3 12 4
21311978 592 9 1 3 2 2 3 1 1 3 2 1 0 1 1 0 0 0 0 3 3 3 0 0 2 0 4 1 4 0 5 4 3 3 2 12 0 0
21311979 516 9 1 3 2 2 3 2 1 3 2 1 0 1 1 0 0 0 0 2 4 3 1 6 7 12 3 7 3 3 0 4 7 0 0 3 2 1
21311980 498 9 3 2 3 1 1 2 2 2 3 1 0 1 1 0 0 0 0 2 4 3 7 0 1 0 0 2 3 3 3 6 5 3 0 12 4 1
21311981 500 6 3 2 2 2 3 2 1 0 3 1 0 0 0 0 0 4 2 1 5 4 0 5 6 0 0 12 5 3 1 0 1 0 1
21311983 568 6 2 2 3 1 3 3 1 0 1 1 0 0 0 0 1 2 3 0 3 4 1 0 2 12 3 2 3 1 3 1 0 2 0
21311984 538 4 1 2 1 3 1 0 3 1 0 0 0 0 2 1 1 0 1 0 0 0 3 2 3 2 6 5 4 3 3 3 12
21311985 604 0 1 0 1 1 0 0 0 0 0 0 0 5 1 2 0 5 4 0 0 7 6 3 0 12 3 0 2
21311986 567 0 1 0 3 1 0 0 0 0 0 0 0 0 0 4 12 1 3 6 8 2 6 1 6 0 0 0 2
21311988 552 6 1 2 1 3 3 3 1 0 1 1 0 0 0 0 2 1 3 0 0 3 0 0 12 5 3 0 5 3 3 2 3 2 3
21311989 577 3 2 1 2 1 0 3 1 0 0 0 0 1 2 0 1 5 12 0 2 4 6 4 3 2 0 1 8 1 0 0
21311990 521 9 1 1 2 1 3 2 2 3 1 1 0 3 1 0 0 0 0 4 3 2 3 0 0 2 5 4 5 0 3 2 6 7 4 12 1 0
21311991 580 5 3 3 2 3 1 1 0 2 1 0 0 0 0 1 1 3 1 0 0 0 1 2 0 0 3 2 4 0 4 6 12 1
21311992 554 10 3 1 1 1 3 1 2 2 2 3 1 0 3 1 0 0 0 0 4 3 3 2 4 1 2 6 4 5 0 12 3 3 0 3 0 0 0
21311993 459 8 1 2 3 1 3 1 1 3 1 0 2 1 0 0 0 0 4 1 3 0 3 7 3 0 1 3 12 3 2 3 4 3 2 0 2
21311994 609 7 2 1 1 3 2 2 1 1 0 3 1 0 0 0 0 3 3 1 2 3 2 12 0 4 6 5 1 1 4 3 0 3 0 0
21311995 544 6 1 1 2 3 2 2 1 0 1 1 0 0 0 0 2 3 1 2 3 0 0 3 4 0 3 3 4 4 0 1 3 12 0
21311996 550 9 1 2 3 3 2 3 2 1 1 3 1 7 0.33333333333333331 8 0.33333333333333331 9 0.33333333333333331 3 3 3 3 3 4 12 0 0 6 8 0 4 1 3 0 0 0 2
21311997 528 3 2 1 1 1 0 3 1 0 0 0 0 2 1 0 6 12 3 0 5 5 5 2 2 3 1 4 1 3 2 0
21311998 562 6 1 3 2 1 3 1 1 0 2 1 0 0 0 0 3 1 2 4 6 12 2 3 5 5 0 0 3 1 0 2 6 0 0
21311999 515 0 1 0 2 1 0 0 0 0 0 0 0 3 0 0 0 1 4 12 0 5 3 2 1 3 3 4 0
21312000 520 2 1 2 1 0 2 1 0 0 0 0 1 1 0 0 0 0 3 1 2 12 4 4 3 3 0 4 6 1 0
21312001 518 5 2 1 3 2 3 1 0 3 1 0 0 0 0 1 2 2 0 3 3 4 2 4 3 7 1 6 3 12 0 1 0 0
21312002 516 0 1 0 2 1 0 0 0 0 0 0 0 12 6 3 0 6 7 3 1 4 3 3 0 0 1 0 2
21312003 595 2 2 1 1 0 2 1 0 0 0 0 1 1 0 0 3 3 0 12 4 0 0 6 3 5 0 1 4 3 6
21312004 531 0 1 0 3 1 0 0 0 0 0 0 0 0 2 7 1 0 4 2 4 6 8 6 3 3 3 12 1
21312005 624 9 3 1 1 1 2 1 3 3 3 1 0 2 1 0 0 0 0 4 1 4 2 0 2 2 4 1 0 0 6 7 1 0 12 4 2 0
21312006 599 1 2 1 0 2 1 0 0 0 0 0 1 0 0 2 0 1 1 6 1 0 4 4 5 12 0 3 3 3
21312007 540 4 1 2 1 2 1 0 1 1 0 0 0 0 2 2 0 0 3 0 0 2 4 0 0 1 4 6 3 0 12 4 2
21312008 547 9 1 1 2 3 2 2 3 3 1 1 0 2 1 0 0 0 0 3 3 3 1 3 3 12 0 4 4 3 0 0 5 3 0 0 7 3
21312009 509 1 3 1 0 1 1 0 0 0 0 0 0 1 0 3 2 1 2 12 6 3 0 0 1 5 0 0 2 0
21312010 580 6 2 2 2 3 1 1 1 0 1 1 0 0 0 0 2 3 1 0 0 0 3 4 3 3 1 5 5 0 0 12 4 4 2
21312011 539 3 3 3 3 1 0 2 1 0 0 0 0 0 0 3 1 0 0 0 4 6 2 0 4 3 3 1 3 4 12 0
21312012 497 0 1 0 3 1 0 0 0 0 0 0 0 1 3 0 0 1 6 0 2 0 2 4 3 0 3 4 12
21312013 533 10 3 2 2 1 3 1 3 2 1 3 1 0 2 1 0 0 0 0 3 3 4 0 2 3 1 0 2 6 4 0 3 5 4 1 12 5 1
21312014 551 0 1 0 1 1 0 0 0 0 0 0 0 6 2 0 0 3 6 5 4 7 3 4 1 12 3 3 2
21312015 485 8 2 1 3 3 2 2 1 1 1 0 3 1 0 0 0 0 3 3 2 0 1 0 12 3 4 2 4 0 3 5 1 2 5 4 4
21312016 574 5 3 1 2 3 2 1 0 3 1 0 0 0 0 1 2 2 1 0 0 2 0 8 1 3 0 4 4 3 0 12 7 5
21312017 510 11 1 1 1 2 1 2 3 2 2 3 3 1 0 3 1 0 0 0 0 4 4 3 3 0 0 0 12 3 1 0 8 3 4 0 5 5 0 2
21312018 622 4 1 1 3 3 1 0 2 1 0 0 0 0 2 0 2 2 0 0 0 2 2 1 0 5 4 4 4 12 8 6 1
21312019 545 6 1 1 2 3 2 3 1 0 1 1 0 0 0 0 2 2 2 8 3 3 0 6 5 3 3 3 2 3 2 1 3 12 3
21312021 557 8 1 2 2 1 2 3 2 3 1 0 1 1 0 0 0 0 2 4 2 1 4 0 0 3 2 1 3 2 5 5 1 3 3 6 12
21312022 531 8 3 1 2 3 3 2 2 1 1 0 1 1 0 0 0 0 2 3 3 12 2 5 2 5 3 1 3 0 3 1 0 0 3 0 0
21312023 540 2 1 2 1 0 1 1 0 0 0 0 1 1 0 0 3 4 12 0 3 4 7 3 4 6 3 3 2 0 3
21312024 606 7 1 2 1 2 3 3 2 1 0 3 1 0 0 0 0 2 3 2 1 5 8 7 12 2 1 3 3 5 4 0 1 2 0 0
21312025 507 2 2 2 1 0 1 1 0 0 0 0 0 2 0 1 5 2 3 3 4 4 0 3 5 12 0 1 0 0 0
21312026 539 9 2 1 3 3 3 1 3 2 1 1 0 1 1 0 0 0 0 3 2 4 2 4 0 0 2 5 6 3 4 1 2 0 12 1 3 2
21312027 519 0 1 0 2 1 0 0 0 0 0 0 0 0 0 3 4 3 2 1 7 0 3 3 12 0 0 5 1
21312029 555 4 1 3 1 2 1 0 3 1 0 0 0 0 2 1 1 0 2 0 3 0 0 0 4 0 3 5 3 3 0 4 12
21312030 565 5 1 3 3 1 2 1 0 2 1 0 0 0 0 2 1 2 4 5 12 3 4 6 3 0 3 1 0 0 2 0 0 0
21312031 519 6 3 3 3 2 1 3 1 0 2 1 0 0 0 0 1 1 4 1 5 3 1 0 0 4 12 1 1 4 2 0 0 2 2
21312032 577 11 3 2 1 1 2 3 2 1 3 2 1 1 0 3 1 0 0 0 0 4 4 3 0 2 1 2 1 3 5 3 0 5 7 1 6 2 12 3
21312034 553 10 2 1 1 3 3 2 3 2 1 2 1 0 1 1 0 0 0 0 3 4 3 0 0 3 0 0 3 4 12 1 4 7 2 5 4 3 3
21312035 535 10 2 1 3 3 3 2 1 2 2 3 1 0 1 1 0 0 0 0 2 4 4 3 4 1 2 0 12 1 0 3 2 4 0 0 1 5 0
21312036 583 9 3 3 2 2 1 3 1 2 1 1 0 2 1 0 0 0 0 3 3 3 3 3 0 1 0 2 3 0 0 6 4 2 0 12 1 1
21312037 580 9 2 1 2 3 1 2 1 3 3 1 0 2 1 0 0 0 0 3 3 3 3 0 0 0 2 0 2 0 1 3 6 3 1 5 12 1
21312038 518 0 1 0 3 1 0 0 0 0 0 0 0 12 5 5 3 3 4 1 3 2 0 1 0 2 0 0 0
21312039 524 10 2 1 3 3 2 1 2 1 3 1 1 0 2 1 0 0 0 0 4 3 3 2 0 3 0 3 1 5 0 1 12 3 3 3 5 2 5
21312040 505 2 2 1 1 0 1 1 0 0 0 0 1 1 0 0 0 0 2 0 1 4 2 2 4 5 1 3 3 12 5
21312041 486 1 2 1 0 1 1 0 0 0 0 0 1 0 2 5 5 12 1 4 7 4 0 0 2 3 0 1 0 0
21312044 633 9 2 3 3 1 2 1 2 3 1 1 0 1 1 0 0 0 0 3 3 3 3 2 2 4 0 1 6 1 0 3 1 12 2 3 2 3
21312046 552 8 3 3 2 2 1 3 2 1 1 0 1 1 0 0 0 0 2 3 3 0 3 1 3 0 3 5 4 2 2 6 7 1 3 4 12
21312047 534 0 1 0 3 1 0 0 0 0 0 0 0 2 0 0 0 1 3 0 0 12 4 1 4 3 3 4 2
21312048 485 2 2 3 1 0 1 1 0 0 0 0 0 1 1 1 0 0 0 3 2 3 0 3 5 3 3 12 7 4 0
21312049 488 10 1 3 1 3 2 3 3 2 2 2 1 0 1 1 0 0 0 0 2 4 4 1 4 4 0 2 4 4 0 3 5 12 0 0 6 0 1
21312050 553 11 1 3 1 2 2 3 2 3 1 2 1 1 0 3 1 0 0 0 0 4 4 3 3 3 7 12 2 1 6 0 3 4 2 3 0 0 1 0
21312051 532 7 1 3 3 2 1 1 3 1 0 2 1 0 0 0 0 3 1 3 2 1 0 0 4 3 0 0 3 5 0 3 12 4 4 2
21312052 543 0 1 0 1 1 0 0 0 0 0 0 0 2 3 4 0 0 1 2 0 4 3 5 7 0 4 12 6
21312053 528 4 3 3 3 1 1 0 1 1 0 0 0 0 1 0 3 0 0 0 1 12 2 3 2 8 5 7 0 3 6 2 0
21312054 503 11 1 3 3 1 2 2 1 3 1 3 2 1 0 2 1 0 0 0 0 4 3 4 1 0 0 3 2 1 3 6 2 0 5 4 4 12 4 8
21312055 585 8 3 2 1 3 1 2 1 2 1 0 3 1 0 0 0 0 3 3 2 0 0 3 3 0 6 5 4 5 7 2 3 0 12 8 1
21312056 520 0 1 0 1 1 0 0 0 0 0 0 0 0 0 3 0 0 3 2 3 0 3 5 3 5 12 6 4
21312057 550 5 2 1 2 1 3 1 0 2 1 0 0 0 0 2 2 1 12 2 3 3 5 5 6 0 4 1 0 1 3 0 0 0
21312058 646 0 3 1 6 0.33333333333333331 7 0.33333333333333331 8 0.33333333333333331 0 0 0 1 1 2 0 7 3 3 3 6 6 5 2 5 12 8 3
21312059 557 0 1 0 1 1 0 0 0 0 0 0 0 4 1 12 3 2 5 8 3 3 2 4 8 3 0 0 0
21312060 514 2 1 3 1 0 1 1 0 0 0 0 1 0 1 0 2 2 2 0 0 6 1 3 4 7 3 1 2 3 12
21312061 505 6 1 3 3 2 2 3 1 0 2 1 0 0 0 0 1 2 3 1 0 3 0 0 0 3 0 3 4 6 0 3 5 12 1
21312062 582 5 3 2 3 2 2 1 0 3 1 0 0 0 0 0 3 2 0 2 1 0 1 0 1 0 0 3 6 1 4 5 5 12
21312063 588 8 2 1 1 2 2 3 1 3 1 0 1 1 0 0 0 0 3 3 2 0 2 0 3 0 5 1 3 0 4 4 7 7 2 3 12
21312064 537 10 1 3 2 3 1 1 2 2 3 1 1 0 2 1 0 0 0 0 4 3 3 0 0 2 0 1 1 12 3 3 5 3 0 2 8 4 0
21312065 526 7 1 1 3 2 1 3 3 1 0 2 1 0 0 0 0 3 1 3 2 3 5 3 3 1 4 4 0 3 12 1 0 2 0 2
21312066 617 5 2 2 1 1 3 1 0 3 1 0 0 0 0 2 2 1 4 6 6 3 0 3 3 7 1 12 3 2 0 1 0 2
21312067 640 4 1 2 2 2 1 0 1 1 0 0 0 0 1 3 0 12 4 1 3 4 3 6 0 2 0 3 3 0 0 0 1
21312068 481 0 1 0 2 1 0 0 0 0 0 0 0 0 4 2 6 0 1 1 2 1 4 12 3 3 2 6 1
21312069 501 3 2 3 1 1 0 3 1 0 0 0 0 1 1 1 0 0 1 0 4 2 2 0 4 12 2 1 7 1 4 4
21312070 524 1 3 1 0 3 1 0 0 0 0 0 0 1 2 3 12 7 3 4 7 6 0 6 0 3 0 0 1 0
21312071 605 9 3 2 3 3 1 1 1 2 2 1 0 1 1 0 0 0 0 3 3 3 0 0 2 0 4 3 4 3 3 4 3 0 12 8 3 4
21312072 613 0 1 0 1 1 0 0 0 0 0 0 0 0 3 0 4 2 5 8 12 1 1 3 9 2 3 5 2
21312073 576 5 1 2 3 1 3 1 0 3 1 0 0 0 0 2 1 2 0 0 3 0 0 5 1 3 2 2 3 4 3 8 8 12
21312074 587 4 1 2 1 3 1 0 3 1 0 0 0 0 2 1 1 0 0 0 3 2 0 12 5 2 3 2 5 0 0 1 1
21312075 540 4 3 3 1 2 1 0 3 1 0 0 0 0 1 1 2 5 7 12 0 4 6 1 2 4 5 0 0 2 1 0 0
21312076 561 5 2 1 3 2 2 1 0 3 1 0 0 0 0 1 3 1 2 5 8 12 3 1 1 6 0 1 4 5 0 3 0 0
21312077 563 2 1 3 1 0 3 1 0 0 0 0 1 0 1 2 0 0 3 5 5 3 0 1 4 5 0 3 12 2 3
21312078 538 8 2 2 1 1 3 1 3 3 1 0 2 1 0 0 0 0 3 2 3 1 6 12 0 4 3 3 7 2 6 2 4 1 0 0 0
21312079 480 0 1 0 3 1 0 0 0 0 0 0 0 0 3 12 2 0 1 4 7 3 4 4 7 0 2 1 3
21312080 699 2 3 2 1 0 3 1 0 0 0 0 0 1 1 2 9 4 1 3 12 1 4 6 2 1 3 1 2 0 0
21312081 506 1 3 1 0 1 1 0 0 0 0 0 0 1 2 1 1 3 2 6 5 5 0 3 7 12 0 0 4 2
21312082 557 3 1 2 3 1 0 2 1 0 0 0 0 1 1 1 12 7 4 0 5 6 3 0 4 1 2 1 0 0 3 0
21312083 582 0 1 0 2 1 0 0 0 0 0 0 0 6 12 3 1 6 5 3 0 4 3 1 3 0 0 2 0
21312084 583 6 1 1 3 1 2 2 1 0 2 1 0 0 0 0 3 2 1 0 0 3 2 0 0 5 3 1 3 2 0 12 4 3 1
21312085 574 3 1 2 3 1 0 1 1 0 0 0 0 1 1 1 0 3 12 2 0 2 3 4 1 0 3 5 0 2 0 1
21312086 579 4 1 3 3 2 1 0 2 1 0 0 0 0 1 1 2 0 1 4 12 2 4 5 3 0 0 4 3 1 0 0 3
21312087 700 3 1 3 2 1 0 3 1 0 0 0 0 1 1 1 0 4 0 3 0 10 3 3 2 1 3 8 0 5 7 12
21312088 547 10 3 3 2 1 1 1 2 2 3 2 1 0 1 1 0 0 0 0 3 4 3 0 2 0 3 0 2 5 1 0 4 4 8 3 3 1 12
21312089 575 0 1 0 2 1 0 0 0 0 0 0 0 0 2 0 0 0 3 1 4 0 4 1 12 1 3 2 3
21312090 578 6 2 1 1 1 2 3 1 0 2 1 0 0 0 0 3 2 1 0 1 4 12 0 5 3 2 3 2 0 4 1 0 0 0
21312091 618 4 3 3 2 2 1 0 3 1 0 0 0 0 0 2 2 2 4 4 12 3 0 5 5 0 1 3 1 0 0 0 1
21312092 642 8 1 2 1 3 2 2 1 2 1 0 3 1 0 0 0 0 3 4 1 1 1 4 2 3 5 12 2 3 9 1 3 0 5 3 0
21312093 557 7 2 2 1 3 3 2 3 1 0 3 1 0 0 0 0 1 3 3 2 3 5 12 1 4 4 1 0 3 2 3 0 1 1 0
21312094 551 7 3 1 2 1 2 2 3 1 0 1 1 0 0 0 0 2 3 2 4 5 12 3 4 6 7 0 3 3 1 0 0 2 3 0
21312095 613 9 2 1 3 1 3 1 3 2 1 1 0 2 1 0 0 0 0 4 2 3 12 2 4 0 7 6 5 1 4 5 3 2 0 0 0 3
21312096 526 11 1 3 1 1 3 2 2 3 2 2 1 1 0 3 1 0 0 0 0 4 4 3 0 0 0 2 2 1 3 0 4 5 2 1 4 1 12 0
21312097 462 1 2 1 0 2 1 0 0 0 0 0 1 0 3 1 3 0 4 5 3 0 12 4 4 3 0 0 1 0
21312098 570 5 1 3 1 3 1 1 0 3 1 0 0 0 0 3 0 2 0 2 0 0 0 0 4 5 0 6 4 6 2 5 2 12
21312099 563 0 1 0 2 1 0 0 0 0 0 0 0 2 1 0 0 1 1 2 0 4 5 0 0 12 7 2 1
21312101 515 1 2 1 0 3 1 0 0 0 0 0 1 0 0 0 3 0 3 3 1 0 3 4 3 2 12 5 1 0
21312102 556 6 2 1 3 3 1 2 1 0 2 1 0 0 0 0 2 2 2 3 0 0 0 1 0 1 4 2 12 3 5 0 5 7 6
21312103 576 2 1 2 1 0 1 1 0 0 0 0 1 1 0 4 12 0 0 4 2 5 3 6 7 3 3 2 0 1 0
21312104 513 6 1 3 3 2 1 2 1 0 3 1 0 0 0 0 2 2 2 0 2 0 1 1 3 2 3 4 4 3 0 12 8 5 0
21312105 503 4 1 2 2 2 1 0 2 1 0 0 0 0 1 3 0 12 7 5 3 4 5 1 0 1 1 0 0 0 0 0 3
21312106 555 4 1 2 2 1 1 0 3 1 0 0 0 0 2 2 0 1 7 12 5 0 0 6 4 0 0 2 4 0 0 0 4
21312109 546 5 3 2 1 3 1 1 0 2 1 0 0 0 0 2 1 2 1 12 2 2 3 5 6 3 2 4 5 0 3 1 1 0
21312110 525 1 1 1 0 1 1 0 0 0 0 1 0 0 3 3 0 0 4 2 3 2 3 3 4 2 1 12 5 4
21312111 630 0 1 0 1 1 0 0 0 0 0 0 0 3 3 0 1 0 3 6 3 3 4 3 2 0 12 8 2
21312112 574 7 3 3 3 1 1 1 2 1 0 2 1 0 0 0 0 3 1 3 0 3 8 12 3 4 6 4 0 2 4 0 0 0 5 0
21312113 472 8 2 2 1 3 3 3 3 1 1 0 2 1 0 0 0 0 2 2 4 1 0 0 0 3 1 0 0 5 5 3 0 12 6 4 2
21312114 492 11 2 2 3 2 1 2 1 3 1 3 3 1 0 1 1 0 0 0 0 3 4 4 0 0 0 3 2 4 2 3 1 1 4 3 0 3 6 12
21312115 510 7 3 1 3 2 1 3 3 1 0 2 1 0 0 0 0 2 1 4 0 1 0 2 0 0 6 5 1 3 5 6 0 2 3 12
21312116 552 11 3 1 3 2 1 2 3 1 3 2 2 1 0 1 1 0 0 0 0 3 4 4 5 7 12 1 4 5 2 0 3 3 0 0 2 0 1 0
21312117 620 5 1 3 2 2 3 1 0 1 1 0 0 0 0 1 2 2 3 7 12 0 3 6 6 6 3 4 5 0 3 0 0 0
21312119 539 5 1 2 3 3 2 1 0 1 1 0 0 0 0 1 2 2 4 12 2 1 2 2 5 3 0 1 4 4 0 3 1 3
21312120 571 4 2 3 1 2 1 0 1 1 0 0 0 0 1 2 1 0 1 0 0 2 0 3 0 4 3 0 0 12 5 3 3
21312121 609 3 2 3 2 1 0 1 1 0 0 0 0 0 2 1 12 4 3 0 4 5 1 3 3 6 3 0 1 2 0 0
21312122 502 5 2 1 1 2 2 1 0 3 1 0 0 0 0 2 3 0 1 3 3 12 0 2 6 5 0 0 3 3 0 0 1 3
21312123 602 10 1 2 2 2 1 3 2 3 1 1 1 0 3 1 0 0 0 0 4 4 2 3 12 3 0 5 5 6 0 0 1 3 0 0 0 2 3
21312125 608 2 2 1 1 0 1 1 0 0 0 0 1 1 0 0 3 0 8 2 0 1 6 0 0 12 3 0 3 6 2
21312126 545 2 1 3 1 0 1 1 0 0 0 0 1 0 1 4 5 4 0 12 1 3 0 2 2 4 0 0 2 1 2
21312127 533 1 1 1 0 3 1 0 0 0 0 1 0 0 8 12 1 0 2 5 5 3 2 3 2 0 4 0 0 1
21312128 472 1 2 1 0 3 1 0 0 0 0 0 1 0 3 0 0 1 1 0 2 0 1 12 5 2 3 6 4 4
21312129 555 8 2 2 1 2 3 2 1 3 1 0 3 1 0 0 0 0 2 4 2 2 1 1 0 2 3 4 5 1 12 0 0 1 3 0 3
21312130 527 3 3 3 3 1 0 1 1 0 0 0 0 0 0 3 12 4 3 3 2 3 2 2 3 1 0 0 0 1 0 0
21312131 553 6 2 3 1 3 1 1 1 0 3 1 0 0 0 0 3 1 2 12 0 1 3 7 4 2 0 8 7 3 2 2 3 0 0
21312132 470 4 1 2 1 3 1 0 3 1 0 0 0 0 2 1 1 0 12 5 2 5 2 4 4 1 4 6 1 0 2 0 0
21312133 538 3 3 1 3 1 0 1 1 0 0 0 0 1 0 2 4 12 3 2 5 4 1 0 3 2 2 4 2 0 1 0
21312134 544 0 1 0 1 1 0 0 0 0 0 0 0 0 0 0 2 0 0 4 3 1 2 0 4 0 3 5 12
21312135 523 5 2 2 3 3 2 1 0 3 1 0 0 0 0 0 3 2 3 0 1 2 1 3 5 3 12 2 1 0 1 3 1 0
21312136 489 8 3 2 1 3 1 3 1 2 1 0 1 1 0 0 0 0 3 2 3 3 12 1 2 2 2 3 1 4 4 3 0 2 0 8 0
21312137 558 7 3 1 1 2 3 3 2 1 0 3 1 0 0 0 0 2 2 3 1 3 0 0 2 5 0 0 5 3 1 3 12 1 2 2
21312138 530 9 3 2 1 1 1 2 3 3 2 1 0 2 1 0 0 0 0 3 3 3 0 0 0 3 0 3 3 5 3 4 3 5 1 0 5 12
21312139 530 0 1 0 2 1 0 0 0 0 0 0 0 2 0 0 0 3 12 4 3 0 1 4 1 0 3 1 2
21312140 499 6 2 1 3 3 1 2 1 0 1 1 0 0 0 0 2 2 2 3 0 3 3 2 2 5 7 0 4 1 12 0 0 3 0
21312141 512 11 1 1 3 2 2 3 2 1 3 2 1 1 0 3 1 0 0 0 0 4 4 3 1 12 5 1 0 4 2 2 2 4 5 3 0 0 0 1
21312142 582 7 2 3 3 1 2 1 1 1 0 3 1 0 0 0 0 3 2 2 2 0 1 0 1 2 4 4 2 4 6 12 3 2 8 1
21312143 554 0 1 0 3 1 0 0 0 0 0 0 0 2 0 0 0 0 0 5 3 1 4 6 3 4 4 4 12
21312144 543 11 3 3 1 3 1 1 1 3 2 2 2 1 0 2 1 0 0 0 0 4 3 4 0 0 0 1 0 2 0 3 3 5 2 3 4 3 12 1
21312145 546 8 1 3 2 3 2 2 3 3 1 0 1 1 0 0 0 0 1 3 4 12 3 3 4 6 5 0 0 4 1 2 0 0 1 0 0
21312147 638 6 2 3 2 1 2 1 1 0 3 1 0 0 0 0 2 3 1 12 4 4 3 5 5 6 0 1 4 1 0 2 3 0 0
21312149 556 10 1 1 1 3 3 2 2 2 1 3 1 0 3 1 0 0 0 0 4 3 3 1 2 0 2 2 6 0 0 4 3 1 3 4 5 12 0
21312150 586 4 3 1 1 2 1 0 1 1 0 0 0 0 2 1 1 3 2 0 0 3 2 4 4 0 4 6 5 0 5 7 12
21312151 574 10 1 2 3 1 1 3 1 3 2 2 1 0 2 1 0 0 0 0 4 3 3 0 0 2 1 0 0 4 3 3 6 5 3 3 12 7 5
21312152 617 11 1 1 3 3 1 3 2 1 2 2 2 1 0 3 1 0 0 0 0 4 4 3 0 0 3 0 0 0 3 7 3 4 6 4 0 3 4 12
21312153 588 10 2 1 1 3 2 1 3 3 2 1 1 0 3 1 0 0 0 0 4 3 3 0 3 5 12 0 1 4 6 2 3 3 4 0 0 0 2
21312154 572 8 3 1 3 1 2 1 1 3 1 0 2 1 0 0 0 0 4 1 3 2 1 0 2 4 4 3 0 3 12 2 0 3 3 4 0
21312155 581 6 1 1 1 1 3 2 1 0 2 1 0 0 0 0 4 1 1 3 0 0 0 4 2 0 2 8 7 4 0 12 8 4 0
21312156 522 5 2 3 2 3 1 1 0 1 1 0 0 0 0 1 2 2 0 1 0 0 1 5 5 6 3 2 8 0 3 2 12 0
21312157 459 4 2 3 3 1 1 0 1 1 0 0 0 0 1 1 2 2 1 3 3 0 3 12 2 1 8 4 6 4 3 7 2
21312158 557 5 3 2 1 1 1 1 0 3 1 0 0 0 0 3 1 1 2 0 0 0 3 6 0 2 3 5 3 0 4 5 12 0
21312159 533 9 2 3 2 2 3 1 1 3 2 1 0 1 1 0 0 0 0 2 4 3 1 12 3 3 3 1 4 2 5 0 0 0 2 1 0 0
21312160 563 9 1 3 3 2 2 2 1 3 1 1 0 2 1 0 0 0 0 3 3 3 0 1 0 1 3 7 8 4 0 2 7 2 0 1 4 12
21312161 532 10 3 2 2 2 1 3 1 3 1 1 1 0 3 1 0 0 0 0 4 3 3 2 4 5 12 0 0 1 4 0 3 4 6 0 2 0 0
21312162 461 6 2 3 2 1 1 1 1 0 1 1 0 0 0 0 3 2 1 0 0 3 0 3 4 4 3 7 5 2 2 12 3 3 0
21312163 506 5 2 1 1 2 3 1 0 2 1 0 0 0 0 2 2 1 3 2 1 4 3 4 4 12 0 2 5 1 1 0 0 0
21312164 562 11 2 1 3 3 2 3 2 1 1 3 2 1 0 1 1 0 0 0 0 3 4 4 12 7 5 1 4 6 2 0 2 3 3 0 0 0 1 0
21312166 593 2 1 1 1 0 3 1 0 0 0 0 2 0 0 0 2 4 5 0 0 3 12 1 3 4 0 2 0 2 0
21312167 496 1 3 1 0 3 1 0 0 0 0 0 0 1 0 1 0 2 2 5 1 0 4 4 3 0 12 3 0 0
21312168 505 1 3 1 0 1 1 0 0 0 0 0 0 1 12 5 2 0 1 5 4 3 0 2 6 3 0 1 2 0
21312169 637 11 1 3 2 2 3 2 3 1 1 1 3 1 0 2 1 0 0 0 0 4 3 4 2 1 0 0 0 12 6 4 0 3 5 4 0 2 1 3
21312170 577 2 2 3 1 0 1 1 0 0 0 0 0 1 1 0 0 2 4 0 3 12 4 0 0 6 5 3 0 1 3
21312171 573 0 1 0 3 1 0 0 0 0 0 0 0 0 1 0 1 2 4 3 4 2 5 6 0 12 7 5 4
21312172 563 1 2 1 0 3 1 0 0 0 0 0 1 0 0 0 2 0 0 0 1 3 1 3 1 4 2 6 4 12
21312173 524 5 3 1 2 3 1 1 0 3 1 0 0 0 0 2 1 2 1 3 5 12 0 0 5 6 0 2 3 3 0 3 0 2
21312174 503 3 1 2 3 1 0 2 1 0 0 0 0 1 1 1 0 3 1 0 12 5 4 0 7 6 3 1 5 4 4 2
21312175 563 3 3 1 2 1 0 2 1 0 0 0 0 1 1 1 1 3 3 12 2 5 5 3 0 4 4 1 0 0 3 0
21312176 543 4 2 3 3 2 1 0 1 1 0 0 0 0 0 2 2 7 12 4 3 8 6 4 3 0 4 3 3 0 0 0 1
21312177 488 7 2 1 2 3 1 3 2 1 0 1 1 0 0 0 0 2 3 2 3 2 5 12 0 6 4 4 0 4 3 5 0 1 0 6
21312178 560 9 2 3 1 1 3 2 3 1 2 1 0 3 1 0 0 0 0 3 3 3 0 12 3 2 0 7 4 1 0 3 3 0 1 2 0 0
21312179 556 4 2 3 3 2 1 0 1 1 0 0 0 0 0 2 2 2 1 12 1 3 6 7 7 2 3 1 3 2 0 1 0
21312181 539 6 3 1 1 3 3 1 1 0 1 1 0 0 0 0 3 0 3 3 2 0 0 2 2 2 3 0 3 4 7 0 4 7 12
21312182 552 3 1 3 1 1 0 2 1 0 0 0 0 2 0 1 12 1 3 0 2 4 7 0 3 0 4 2 0 0 3 3
21312183 506 0 3 1 4 0.33333333333333331 5 0.33333333333333331 6 0.33333333333333331 0 0 0 1 4 4 12 3 4 6 3 3 2 5 3 0 0 2 1
21312185 548 9 2 2 1 3 2 3 3 1 1 1 0 2 1 0 0 0 0 3 3 3 12 3 6 0 6 6 3 0 4 3 3 1 0 3 0 0
21312186 477 2 3 3 1 0 1 1 0 0 0 0 0 0 2 0 0 1 0 2 0 2 5 0 3 3 3 0 4 3 12
21312187 621 0 1 0 3 1 0 0 0 0 0 0 0 2 0 0 0 4 1 1 0 7 2 3 1 12 3 2 0
21312188 646 3 2 1 3 1 0 1 1 0 0 0 0 1 1 1 2 4 5 1 2 3 5 4 0 3 8 6 0 7 5 12
21312189 556 6 3 3 1 2 1 3 1 0 3 1 0 0 0 0 2 1 3 0 1 0 2 0 6 2 1 7 2 4 8 0 3 3 12
21312190 544 0 1 0 1 1 0 0 0 0 0 0 0 12 3 7 0 3 6 4 3 3 2 2 0 1 0 3 3
21312191 508 11 1 2 3 3 2 2 2 3 1 1 1 1 0 3 1 0 0 0 0 4 4 3 3 3 3 3 5 2 4 0 12 1 5 1 2 0 0 0
21312192 547 0 1 0 3 1 0 0 0 0 0 0 0 12 2 3 2 3 4 1 0 4 5 3 0 0 3 1 3
21312194 469 2 3 1 1 0 1 1 0 0 0 0 1 0 1 2 4 3 12 2 6 4 4 0 0 3 1 0 0 0 2
21312195 533 2 1 3 1 0 2 1 0 0 0 0 1 0 1 0 0 0 1 2 4 0 0 4 6 2 1 12 7 4 0
21312196 553 3 2 1 3 1 0 1 1 0 0 0 0 1 1 1 0 0 3 6 0 3 1 6 0 2 2 12 3 0 0 3
21312197 480 5 2 1 3 1 2 1 0 1 1 0 0 0 0 2 2 1 1 0 2 0 3 7 4 3 4 6 4 0 12 2 3 0
21312198 453 4 2 2 1 3 1 0 3 1 0 0 0 0 1 2 1 0 1 3 3 3 3 7 2 0 2 1 12 1 4 0 0
21312199 570 0 1 0 1 1 0 0 0 0 0 0 0 2 12 6 3 0 0 3 2 2 0 3 4 0 0 1 1
21312200 583 5 1 2 3 3 2 1 0 2 1 0 0 0 0 1 2 2 0 0 1 1 3 4 4 12 1 6 7 2 0 3 3 3
21312201 483 10 3 2 1 1 3 2 2 3 1 1 1 0 2 1 0 0 0 0 4 3 3 4 4 0 0 3 12 3 3 6 3 4 3 3 3 0 0
21312202 544 10 3 1 1 3 3 1 3 2 2 2 1 0 1 1 0 0 0 0 3 3 4 12 2 3 3 4 6 4 0 0 3 1 0 0 0 2 0
21312204 603 2 2 1 1 0 3 1 0 0 0 0 1 1 0 0 0 1 0 3 12 4 2 0 3 5 7 2 1 4 4
21312205 623 4 3 1 2 3 1 0 2 1 0 0 0 0 1 1 2 12 2 1 3 9 6 7 3 5 5 6 0 0 3 0 1
21312206 581 3 1 3 1 1 0 2 1 0 0 0 0 2 0 1 3 0 0 2 3 4 3 0 3 6 4 0 12 5 3 0
21312207 520 9 3 3 2 1 1 2 1 2 3 1 0 1 1 0 0 0 0 3 3 3 3 2 2 1 0 2 7 1 0 3 1 12 0 4 0 2
21312208 584 3 3 1 3 3 1 6 0.33333333333333331 7 0.33333333333333331 8 0.33333333333333331 1 0 2 12 5 0 0 5 4 2 0 2 4 1 1 1 0 2 2
21312209 579 3 2 3 3 1 0 2 1 0 0 0 0 0 1 2 12 4 3 0 1 4 2 3 1 6 3 1 0 0 7 0
21312210 631 1 1 1 0 1 1 0 0 0 0 1 0 0 0 4 3 12 2 5 3 7 2 4 6 3 1 3 3 2
21312211 568 2 1 3 1 0 3 1 0 0 0 0 1 0 1 2 0 0 0 0 5 4 12 2 5 2 4 1 1 2 1
21312213 551 11 3 2 1 1 3 2 1 1 2 3 2 1 0 3 1 0 0 0 0 4 4 3 0 3 3 12 3 5 6 7 3 3 2 6 0 1 0 0
21312214 507 2 3 3 1 0 1 1 0 0 0 0 0 0 2 0 1 2 2 0 3 6 5 0 2 4 5 1 7 6 12
21312215 495 9 3 2 1 1 1 2 3 3 1 1 0 2 1 0 0 0 0 4 2 3 3 0 2 0 3 12 4 4 0 3 6 4 2 1 3 0
21312216 600 4 3 2 2 3 1 0 3 1 0 0 0 0 0 2 2 2 1 0 1 2 4 5 4 0 1 4 3 0 0 1 12
21312217 542 7 1 3 2 3 1 2 3 1 0 3 1 0 0 0 0 2 2 3 1 0 0 0 0 5 2 0 5 7 1 0 12 3 3 2
21312218 535 8 1 2 1 3 2 1 3 3 1 0 2 1 0 0 0 0 3 2 3 0 0 0 2 1 3 1 0 0 4 6 5 2 5 3 12
21312219 532 11 3 1 1 1 1 3 2 2 2 2 3 3 1 5 0.33333333333333331 6 0.33333333333333331 7 0.33333333333333331 4 4 3 3 4 0 0 2 6 7 3 3 6 1 3 8 12 4 0
21312220 569 9 1 2 1 3 3 3 3 1 2 1 0 2 1 0 0 0 0 3 2 4 12 2 0 2 6 1 5 0 3 6 4 0 0 0 1 0
21312221 492 8 2 2 2 2 3 3 1 1 1 0 3 1 0 0 0 0 2 4 2 0 0 3 0 6 4 0 0 8 4 1 0 12 3 3 1
21312222 536 8 2 1 1 2 3 1 2 3 1 0 3 1 0 0 0 0 3 3 2 2 2 1 2 1 3 6 3 4 1 12 0 3 0 0 0
21312223 472 10 1 3 2 1 2 3 2 2 1 3 1 0 1 1 0 0 0 0 3 4 3 5 4 12 0 1 4 4 3 2 3 7 2 3 1 0 0
21312224 539 3 3 2 1 1 0 1 1 0 0 0 0 1 1 1 2 3 0 0 4 1 0 0 1 5 2 0 3 2 12 3
21312225 574 10 3 3 2 1 1 2 3 2 3 1 1 0 1 1 0 0 0 0 3 3 4 2 3 12 3 5 3 6 5 3 5 2 4 0 0 1 3
21312226 527 6 2 3 1 1 1 2 1 0 3 1 0 0 0 0 3 2 1 1 0 0 0 2 3 0 0 3 5 2 3 5 12 1 2
21312227 532 11 1 1 1 2 3 1 2 2 3 2 3 1 0 3 1 0 0 0 0 4 4 3 0 1 3 12 3 2 2 5 0 3 4 1 7 0 0 3
21312228 487 6 2 3 1 1 3 3 1 0 1 1 0 0 0 0 2 1 3 12 1 4 2 2 5 3 3 2 2 0 0 1 0 0 0
21312229 559 10 1 3 3 2 3 2 2 3 2 1 1 0 1 1 0 0 0 0 2 4 4 12 8 4 0 7 5 2 0 6 3 0 1 0 0 0 1
21312230 503 5 1 2 1 3 2 1 0 1 1 0 0 0 0 2 2 1 3 0 2 0 0 3 4 4 0 3 5 12 2 3 3 1
21312231 527 10 3 1 1 1 2 2 3 1 3 3 1 0 2 1 0 0 0 0 4 2 4 0 2 0 2 12 3 1 3 5 4 4 0 4 2 1 0
21312232 528 3 3 3 1 1 0 2 1 0 0 0 0 1 0 2 3 0 0 0 1 5 2 0 2 3 3 0 12 5 4 1
21312233 582 8 3 1 2 1 3 3 2 3 1 0 2 1 0 0 0 0 2 2 4 8 12 1 1 6 5 4 2 0 3 0 1 0 0 2 0
21312234 535 7 3 3 2 2 1 1 1 1 0 3 1 0 0 0 0 3 2 2 3 0 0 0 0 3 3 3 1 2 7 1 2 2 4 12
21312235 502 11 2 3 1 2 2 1 3 3 1 1 3 1 0 2 1 0 0 0 0 4 3 4 0 2 3 0 2 4 5 0 1 4 1 3 7 5 12 0
21312236 495 10 1 1 1 2 2 2 3 2 3 3 1 0 1 1 0 0 0 0 3 4 3 3 3 0 0 4 1 2 3 3 2 6 3 1 6 7 12
21312237 534 5 3 3 3 2 1 1 0 2 1 0 0 0 0 1 1 3 0 3 2 0 3 5 2 0 1 4 4 1 12 1 3 0
21312238 544 4 2 2 3 1 1 0 1 1 0 0 0 0 1 2 1 3 0 0 0 0 3 0 0 3 4 12 6 3 5 4 3
21312239 481 6 3 1 3 3 3 2 1 0 2 1 0 0 0 0 1 1 4 0 2 1 0 1 2 1 3 0 0 6 3 0 4 4 12
21312240 525 8 3 2 3 2 1 1 3 3 1 0 2 1 0 0 0 0 2 2 4 0 2 0 0 0 0 1 12 1 2 4 2 1 6 1 4
21312241 493 9 2 1 2 1 2 3 1 3 3 1 0 2 1 0 0 0 0 3 3 3 2 3 1 0 12 0 0 3 1 4 4 0 3 2 6 1
21312242 514 1 1 1 0 1 1 0 0 0 0 1 0 0 12 7 7 0 4 3 2 0 4 3 5 2 3 2 1 0
21312243 566 9 3 1 1 2 3 3 3 1 2 1 0 2 1 0 0 0 0 3 2 4 1 2 4 12 0 6 5 5 0 3 3 6 0 0 5 0
21312244 549 1 1 1 0 3 1 0 0 0 0 1 0 0 0 0 0 2 0 7 1 3 2 12 6 4 0 4 4 4
21312245 576 0 1 0 3 1 0 0 0 0 0 0 0 2 12 2 1 1 3 4 0 4 2 5 3 1 0 0 0
21312246 521 10 1 2 1 3 3 1 3 1 2 2 3 1 4 0.33333333333333331 5 0.33333333333333331 6 0.33333333333333331 4 3 3 0 0 2 2 3 0 5 5 0 1 6 7 3 3 3 12
21312247 571 3 1 3 2 1 0 3 1 0 0 0 0 1 1 1 0 0 0 3 0 12 3 2 0 1 5 1 2 4 4 3
21312248 544 10 1 2 3 1 2 2 3 1 3 2 1 0 1 1 0 0 0 0 3 4 3 2 3 0 3 4 0 4 1 5 0 5 3 4 12 3 4
21312249 514 7 3 2 1 1 1 3 3 1 0 2 1 0 0 0 0 3 1 3 4 3 3 0 3 12 0 2 3 6 2 3 0 1 0 0
21312250 525 4 2 3 3 2 1 0 1 1 0 0 0 0 0 2 2 7 0 0 0 1 5 5 1 12 3 2 0 3 1 4 2
21312252 604 5 3 2 1 3 3 1 0 1 1 0 0 0 0 1 1 3 2 0 6 0 1 1 4 3 3 0 5 12 0 2 2 3
21312253 516 6 3 3 2 3 2 1 1 0 2 1 0 0 0 0 1 2 3 0 0 1 0 1 6 0 12 2 1 6 7 0 3 4 5
21312254 571 7 2 3 1 3 1 2 3 1 0 2 1 0 0 0 0 2 2 3 0 1 0 0 3 5 3 2 3 6 3 0 12 3 0 1
21312255 496 1 3 1 0 3 1 0 0 0 0 0 0 1 2 12 3 3 4 3 2 2 1 5 3 1 1 3 0 0
21312256 556 1 1 1 0 2 1 0 0 0 0 1 0 0 0 0 5 2 3 3 3 0 0 5 3 4 0 12 7 1
21312257 522 10 1 3 1 1 2 2 3 3 1 2 1 0 3 1 0 0 0 0 4 3 3 0 0 0 2 8 6 4 3 3 2 4 1 2 1 4 12
21312258 559 7 2 3 2 3 1 1 1 1 0 3 1 0 0 0 0 3 2 2 12 4 3 0 8 3 0 2 3 5 2 0 1 0 0 0
21312259 545 11 2 2 1 2 1 3 1 1 2 3 3 1 0 3 1 0 0 0 0 4 4 3 1 2 3 2 1 5 6 0 12 1 3 2 0 0 0 3
21312261 520 3 1 1 2 1 0 3 1 0 0 0 0 2 1 0 0 0 0 1 3 3 2 12 3 6 4 4 0 2 4 3
21312262 503 6 1 3 1 2 2 3 1 0 1 1 0 0 0 0 2 2 2 0 2 5 12 0 4 4 1 2 0 6 5 0 1 3 2
21312263 577 7 1 3 3 1 2 2 1 1 0 3 1 0 0 0 0 3 2 2 7 3 0 0 0 1 5 9 0 2 6 12 0 4 4 2
21312264 522 7 2 3 1 3 2 2 2 1 0 3 1 0 0 0 0 1 4 2 3 1 3 4 0 3 3 1 3 4 12 0 0 0 1 0
21312265 588 3 2 1 3 1 0 2 1 0 0 0 0 1 1 1 3 0 1 0 1 12 4 3 0 2 3 5 0 4 2 1
21312266 556 8 3 1 3 2 1 2 3 2 1 0 1 1 0 0 0 0 2 3 3 1 0 0 3 3 3 2 1 2 1 8 0 2 5 6 12
21312267 614 2 1 1 1 0 3 1 0 0 0 0 2 0 0 0 2 1 3 0 2 5 12 3 4 3 7 0 2 3 4
21312268 572 9 3 2 3 1 3 3 2 2 1 1 0 1 1 0 0 0 0 2 3 4 1 12 2 4 0 1 5 3 0 4 3 3 2 0 0 0
21312269 633 5 1 1 2 1 3 1 0 1 1 0 0 0 0 3 1 1 0 3 3 12 2 4 5 4 3 2 3 4 0 3 0 2
21312270 466 6 2 3 3 1 3 3 1 0 1 1 0 0 0 0 1 1 4 0 2 5 12 0 3 4 1 1 3 2 4 2 0 0 0
21312271 579 11 2 1 3 1 1 2 3 2 3 2 3 1 0 1 1 0 0 0 0 3 4 4 1 0 0 0 4 12 0 1 3 4 2 0 3 4 5 2
21312272 601 1 1 1 0 2 1 0 0 0 0 1 0 0 1 4 3 3 12 4 4 0 6 3 5 2 3 0 0 0
21312273 569 6 2 2 3 2 2 1 1 0 3 1 0 0 0 0 1 4 1 12 0 1 0 4 3 3 1 3 5 3 0 3 4 3 1
21312274 537 6 3 2 2 1 1 2 1 0 3 1 0 0 0 0 2 3 1 0 0 0 6 1 5 5 12 0 0 3 4 3 2 4 1
21312275 574 7 1 1 2 2 2 2 3 1 0 3 1 0 0 0 0 2 4 1 0 4 4 4 0 3 4 12 1 0 5 1 0 3 0 0
21312277 625 11 2 1 3 1 3 1 2 3 3 1 2 1 0 2 1 0 0 0 0 4 3 4 0 2 0 0 0 3 4 3 1 6 8 5 1 2 7 12
21312278 599 4 2 3 3 2 1 0 3 1 0 0 0 0 0 2 2 12 5 3 1 3 5 4 0 3 0 6 0 0 0 1 0
21312279 621 5 3 1 2 1 1 1 0 3 1 0 0 0 0 3 1 1 1 2 0 0 4 4 0 0 4 6 4 2 2 7 12 0
21312280 535 5 1 3 1 2 1 1 0 1 1 0 0 0 0 3 1 1 3 2 5 12 0 0 3 5 0 3 2 3 0 3 2 0
21312281 562 2 1 2 1 0 2 1 0 0 0 0 1 1 0 0 3 2 2 0 1 5 0 1 5 5 0 3 12 1 0
21312282 518 3 2 2 1 1 0 2 1 0 0 0 0 1 2 0 1 1 0 0 4 4 0 3 6 5 2 0 12 1 3 0
21312283 520 0 1 0 2 1 0 0 0 0 0 0 0 12 1 3 2 3 5 3 0 5 5 0 0 1 1 2 0
21312284 604 6 3 3 1 1 2 2 1 0 1 1 0 0 0 0 2 2 2 0 3 3 0 2 6 5 12 0 1 3 6 2 4 1 2
21312285 555 4 2 2 2 3 1 0 3 1 0 0 0 0 0 3 1 12 4 2 1 3 1 5 3 1 6 7 0 6 1 0 0
21312286 567 3 2 3 2 1 0 2 1 0 0 0 0 0 2 1 4 12 3 5 7 4 6 4 1 3 9 0 1 0 6 1
21312287 517 1 1 1 0 2 1 0 0 0 0 1 0 0 0 2 3 12 1 3 3 4 0 0 5 3 0 0 3 3
21312288 476 5 1 2 3 1 1 1 0 3 1 0 0 0 0 3 1 1 2 0 2 0 0 0 1 2 0 4 12 3 0 3 5 4
21312289 512 4 3 1 2 3 1 0 2 1 0 0 0 0 1 1 2 5 1 3 0 3 5 12 0 7 2 1 0 8 0 1 2
21312290 548 7 1 1 2 3 1 1 2 1 0 2 1 0 0 0 0 4 2 1 0 0 0 3 4 4 0 2 5 4 6 0 12 3 3 0
21312291 513 6 3 2 3 2 3 3 1 0 1 1 0 0 0 0 0 2 4 0 0 2 0 1 3 6 1 0 3 4 1 2 4 5 12
21312292 543 11 2 2 2 3 3 1 2 1 1 1 3 1 0 3 1 0 0 0 0 4 4 3 0 1 2 1 0 3 5 6 2 4 7 6 2 1 4 12
21312293 558 3 3 2 1 1 0 1 1 0 0 0 0 1 1 1 1 4 4 12 3 5 3 3 0 6 2 2 3 0 0 0
21312294 560 6 1 2 1 1 1 2 1 0 3 1 0 0 0 0 4 2 0 0 0 3 0 3 2 3 1 12 2 4 2 4 5 3 0
21312295 470 8 2 3 2 3 3 2 1 3 1 0 2 1 0 0 0 0 1 3 4 1 1 1 3 0 5 1 12 3 2 6 2 1 0 4 0
21312296 611 9 1 3 2 2 1 2 1 3 2 3 1 4 0.33333333333333331 5 0.33333333333333331 6 0.33333333333333331 3 4 2 5 0 0 8 0 0 1 12 0 3 4 3 0 3 4 3
21312297 553 2 1 2 1 0 3 1 0 0 0 0 1 1 0 0 3 6 3 0 1 5 12 0 3 6 3 3 0 2 0
21312298 551 2 2 1 1 0 1 1 0 0 0 0 1 1 0 12 7 5 3 4 5 6 3 2 4 2 0 1 3 0 0
21312299 577 11 2 2 2 1 3 1 1 1 3 3 2 1 0 3 1 0 0 0 0 4 4 3 3 0 0 0 12 3 2 0 4 6 5 0 1 4 2 1
21312300 503 0 1 0 2 1 0 0 0 0 0 0 0 3 6 5 12 0 3 4 5 0 0 1 1 0 0 2 0
21312301 591 5 1 3 2 2 2 1 0 1 1 0 0 0 0 1 3 1 0 3 0 0 0 3 4 7 0 1 4 7 2 3 1 12
21312302 541 3 3 3 1 1 0 1 1 0 0 0 0 1 0 2 2 0 2 0 2 4 3 3 0 5 6 2 0 1 1 12
21312303 572 3 2 1 1 1 0 1 1 0 0 0 0 2 1 0 2 4 2 3 0 5 5 2 0 12 4 1 0 3 0 0
21312304 514 10 1 2 3 3 3 3 1 2 1 1 3 1 6 0.33333333333333331 7 0.33333333333333331 8 0.33333333333333331 4 2 4 4 5 12 0 3 3 3 2 1 3 4 2 2 3 0 0
21312305 565 6 1 1 1 1 3 2 1 0 3 1 0 0 0 0 4 1 1 2 2 0 0 5 5 0 0 6 7 5 2 12 6 4 0
21312306 557 9 1 1 3 3 2 1 2 1 3 1 0 2 1 0 0 0 0 4 2 3 12 4 1 0 3 3 4 0 4 1 2 2 0 3 2 0
21312308 570 4 1 3 3 2 1 0 1 1 0 0 0 0 1 1 2 2 3 12 0 2 6 7 0 1 4 5 5 3 0 3 0
21312309 582 10 1 2 2 1 3 3 1 3 1 2 1 0 3 1 0 0 0 0 4 3 3 1 0 3 0 7 1 2 0 7 4 3 0 12 7 2 2
21312310 535 11 1 2 1 3 3 2 1 2 3 3 2 1 0 1 1 0 0 0 0 3 4 4 0 2 0 0 1 3 0 7 0 5 5 6 0 12 8 4
21312311 519 4 3 3 1 2 1 0 2 1 0 0 0 0 1 1 2 3 1 0 0 6 3 2 0 12 1 0 2 4 1 0 0
21312312 537 6 2 1 2 3 1 2 1 0 1 1 0 0 0 0 2 3 1 3 5 2 12 3 4 3 3 0 0 4 1 3 0 0 0
21312313 556 3 1 1 3 1 0 2 1 0 0 0 0 2 0 1 2 3 2 1 4 12 4 2 3 1 0 0 4 0 0 3
21312314 519 1 1 1 0 1 1 0 0 0 0 1 0 0 12 7 4 2 7 6 4 3 5 2 0 0 3 0 0 0
21312315 535 10 1 2 3 2 1 1 3 2 1 3 1 0 2 1 0 0 0 0 4 3 3 2 6 1 0 7 6 3 0 12 4 3 3 0 3 0 0
21312316 630 8 3 3 1 1 1 1 2 3 1 0 2 1 0 0 0 0 4 1 3 0 0 2 0 12 3 1 0 2 7 6 3 4 4 0 2
21312317 640 9 2 1 3 3 1 2 1 2 2 1 0 3 1 0 0 0 0 3 4 2 0 1 0 0 0 0 0 5 0 4 6 5 3 3 3 12
21312318 476 11 1 1 2 3 3 2 3 1 2 3 2 1 0 1 1 0 0 0 0 3 4 4 3 3 5 2 0 4 12 5 0 1 0 1 0 0 2 0
21312319 563 7 3 3 2 2 1 2 1 1 0 3 1 0 0 0 0 2 3 2 2 5 12 0 1 3 2 3 4 5 0 1 1 8 0 0
21312320 548 10 1 3 2 3 1 2 1 1 3 3 1 0 2 1 0 0 0 0 4 2 4 4 12 6 7 3 2 4 3 1 4 3 7 0 2 0 0
21312321 542 1 2 1 0 2 1 0 0 0 0 0 1 0 0 0 3 3 1 5 4 1 3 4 4 0 12 5 3 0
21312322 612 8 2 1 2 3 3 1 3 1 1 0 2 1 0 0 0 0 3 2 3 2 0 0 0 0 3 1 3 2 7 4 0 1 4 12 0
21312323 617 10 2 3 3 1 1 1 3 2 2 1 1 0 2 1 0 0 0 0 4 3 3 2 7 4 3 12 6 4 3 1 1 5 0 3 2 0 0
21312324 563 0 1 0 3 1 0 0 0 0 0 0 0 0 0 0 2 1 5 4 1 1 3 6 2 2 3 4 12
21312325 610 4 1 1 1 2 1 0 3 1 0 0 0 0 3 1 0 4 4 6 2 12 6 3 0 3 3 4 0 0 0 2 3
21312326 565 6 2 1 2 1 3 3 1 0 3 1 0 0 0 0 2 2 2 0 1 0 3 0 1 2 0 2 4 4 3 0 3 6 12
21312327 579 3 2 3 2 1 0 3 1 0 0 0 0 0 2 1 0 12 1 5 3 4 1 1 2 4 5 3 0 0 3 0
21312328 573 5 2 2 1 3 1 1 0 3 1 0 0 0 0 2 2 1 12 4 5 2 2 3 6 0 1 0 0 1 0 0 3 0
21312329 533 5 1 2 3 2 1 1 0 2 1 0 0 0 0 2 2 1 1 0 0 0 0 3 3 4 1 5 5 3 0 2 7 12
21312331 528 1 2 1 0 2 1 0 0 0 0 0 1 0 0 0 0 3 0 0 1 0 1 3 5 4 0 4 7 12
21312333 558 10 3 2 2 3 2 2 1 3 1 1 1 0 3 1 0 0 0 0 3 4 3 0 0 1 0 4 2 3 1 3 7 2 0 12 7 6 1
21312334 576 6 3 3 2 1 2 3 1 0 2 1 0 0 0 0 1 2 3 1 0 1 2 0 0 1 3 0 3 6 8 0 3 5 12
21312336 634 10 2 3 1 2 1 3 2 3 1 2 3 1 4 0.33333333333333331 5 0.33333333333333331 6 0.33333333333333331 3 4 3 4 3 0 0 6 3 3 0 1 5 12 3 3 2 3 1
21312337 555 11 1 2 2 2 3 3 3 1 1 1 3 1 0 2 1 0 0 0 0 4 3 4 0 0 1 0 0 2 0 3 1 2 4 4 0 3 12 6
21312338 448 10 1 3 1 2 3 1 2 2 3 2 1 0 1 1 0 0 0 0 3 4 3 6 5 12 4 0 1 4 3 0 2 3 1 0 3 2 0
21312339 503 11 3 3 1 2 2 3 3 2 2 1 1 1 0 1 1 0 0 0 0 3 4 4 1 8 5 2 12 3 0 2 1 4 5 1 3 3 2 0
21312340 561 1 2 1 0 3 1 0 0 0 0 0 1 0 1 0 0 0 0 0 2 0 6 3 2 3 1 6 12 1
21312341 608 7 2 1 1 3 1 2 1 1 0 3 1 0 0 0 0 4 2 1 0 4 5 12 0 3 3 8 2 0 4 4 2 0 0 0
21312342 478 5 3 1 2 3 1 1 0 3 1 0 0 0 0 2 1 2 0 3 0 0 2 1 2 1 0 12 4 5 0 3 3 2
21312343 477 1 3 1 0 3 1 0 0 0 0 0 0 1 4 3 4 1 3 6 4 2 1 3 3 12 0 2 0 0
21312344 599 2 1 1 1 0 1 1 0 0 0 0 2 0 0 0 2 0 0 2 3 0 3 0 2 4 4 0 3 7 12
21312345 515 7 3 1 2 3 1 3 3 1 0 2 1 0 0 0 0 2 1 4 2 0 1 0 1 3 3 0 0 5 4 2 0 12 3 3
21312346 548 4 1 2 2 2 1 0 3 1 0 0 0 0 1 3 0 0 4 0 3 1 2 1 6 0 4 8 7 3 1 12 3
21312347 532 9 3 3 1 2 1 3 1 2 2 1 0 2 1 0 0 0 0 3 3 3 0 4 6 12 3 1 6 3 0 3 2 3 0 0 0 1
21312348 410 5 1 1 3 1 3 1 0 2 1 0 0 0 0 3 0 2 2 0 0 0 2 2 3 1 0 3 4 5 0 4 6 12
21312349 516 11 1 3 2 2 1 3 1 2 2 3 1 1 0 3 1 0 0 0 0 4 4 3 1 6 12 3 4 1 3 2 4 3 3 0 0 2 0 0
21312350 609 10 2 3 2 3 3 1 3 1 1 2 1 0 2 1 0 0 0 0 3 3 4 1 12 4 1 2 5 3 2 0 0 4 4 0 3 1 0
21312351 502 9 1 3 2 2 1 3 2 3 1 1 0 2 1 0 0 0 0 3 3 3 1 4 4 0 3 3 2 3 12 3 3 3 1 0 0 0
21312353 612 6 2 2 3 1 3 3 1 0 3 1 0 0 0 0 1 2 3 2 1 3 12 0 5 5 5 0 1 1 3 0 0 2 0
21312354 632 2 2 1 1 0 2 1 0 0 0 0 1 1 0 12 3 3 3 6 4 5 0 3 1 3 0 1 2 0 0
21312355 571 2 3 1 1 0 1 1 0 0 0 0 1 0 1 0 0 2 2 1 5 4 2 1 5 3 0 12 2 4 0
21312356 560 7 2 2 3 3 1 3 1 1 0 2 1 0 0 0 0 2 2 3 3 5 12 0 1 4 5 0 0 6 3 0 0 2 1 3
21312358 508 1 3 1 0 2 1 0 0 0 0 0 0 1 1 1 0 0 2 3 4 0 7 7 0 1 12 2 3 0
21312359 633 2 3 1 1 0 1 1 0 0 0 0 1 0 1 0 3 7 12 0 5 6 7 2 3 4 4 2 1 2 0
21312360 596 3 1 3 1 1 0 1 1 0 0 0 0 2 0 1 0 2 0 2 12 3 3 0 5 2 4 0 1 2 0 3
21312361 577 2 2 2 1 0 3 1 0 0 0 0 0 2 0 0 1 12 3 0 5 6 5 3 1 3 3 0 0 1 2
21312362 466 11 1 3 3 3 3 1 2 2 1 2 2 1 0 1 1 0 0 0 0 3 4 4 3 2 0 0 3 3 0 0 4 5 0 1 12 7 6 0
21312363 526 8 2 1 2 1 1 3 3 2 1 0 3 1 0 0 0 0 3 3 2 0 1 0 0 2 3 4 1 4 3 3 0 2 12 4 3
21312364 495 3 3 1 2 1 0 2 1 0 0 0 0 1 1 1 0 1 0 7 1 5 7 12 4 2 8 5 3 4 5 3
21312365 528 2 3 2 1 0 3 1 0 0 0 0 0 1 1 0 0 4 2 0 4 5 1 0 5 7 3 2 1 1 12
21312367 625 10 3 3 1 1 3 2 1 2 3 2 1 0 2 1 0 0 0 0 3 3 4 1 0 0 0 5 3 3 0 3 7 5 1 12 6 4 2
21312368 549 1 3 1 0 2 1 0 0 0 0 0 0 1 1 5 3 12 0 0 7 3 3 0 5 2 0 1 0 0
21312370 493 5 2 3 1 2 1 3 1 7 0.33333333333333331 8 0.33333333333333331 9 0.33333333333333331 2 2 1 4 3 2 0 6 4 1 0 4 5 2 0 12 5 4 1
21312371 488 10 3 3 1 3 2 2 3 1 1 2 1 0 2 1 0 0 0 0 3 3 4 0 1 0 0 3 1 2 2 4 4 4 3 12 1 5 0
21312372 503 3 1 2 3 1 0 1 1 0 0 0 0 1 1 1 12 3 4 3 8 5 2 0 5 3 3 1 0 2 0 0
21312373 531 6 2 1 3 3 2 1 1 0 3 1 0 0 0 0 2 2 2 3 12 3 3 7 6 1 4 1 2 5 2 3 1 2 0
21312374 569 10 2 2 1 3 1 3 3 3 1 1 1 0 2 1 0 0 0 0 4 2 4 1 7 6 3 3 2 5 7 2 4 12 1 0 0 2 4
21312375 565 9 3 1 1 2 1 3 2 1 3 1 0 2 1 0 0 0 0 4 2 3 2 4 1 3 0 3 2 4 3 12 1 4 0 2 0 0
21312376 465 2 3 3 1 0 2 1 0 0 0 0 0 0 2 1 0 0 0 3 3 4 3 3 3 5 0 4 6 12 0
21312377 537 9 3 2 3 1 3 1 2 3 2 1 0 1 1 0 0 0 0 2 3 4 2 2 0 0 4 0 0 0 7 4 1 0 12 1 2 1
21312378 515 0 3 1 5 0.33333333333333331 6 0.33333333333333331 7 0.33333333333333331 0 0 0 0 0 0 2 1 1 5 2 4 7 3 0 12 7 1 2
21312380 534 8 2 3 3 1 2 2 1 3 1 0 1 1 0 0 0 0 2 3 3 0 2 0 3 1 6 2 0 3 5 4 0 12 4 1 0
21312381 475 9 3 1 1 2 3 2 3 1 2 1 0 1 1 0 0 0 0 3 3 3 0 3 3 0 3 4 4 4 1 4 6 12 2 2 2 1
21312382 557 8 3 1 3 3 2 1 2 3 1 0 2 1 0 0 0 0 2 2 4 1 2 2 0 4 3 3 1 3 5 12 0 0 0 1 0
21312383 484 2 3 1 1 0 2 1 0 0 0 0 1 0 1 12 4 3 0 5 7 3 0 4 4 2 1 0 0 0 3
21312384 480 2 3 2 1 0 3 1 0 0 0 0 0 1 1 2 3 3 12 3 1 6 7 1 5 4 5 0 0 1 2
21312385 472 8 1 1 2 3 2 1 1 2 1 0 3 1 0 0 0 0 4 3 1 2 0 3 0 0 0 4 12 0 3 4 6 3 1 5 2
21312386 507 3 2 1 3 1 0 3 1 0 0 0 0 1 1 1 0 2 1 1 3 3 4 3 0 4 6 3 0 2 3 12
21312387 506 8 2 2 1 3 1 3 3 2 1 0 1 1 0 0 0 0 2 3 3 1 2 5 12 0 3 6 4 0 3 1 4 0 0 2 0
21312389 520 8 2 2 1 3 2 3 3 1 1 0 1 1 0 0 0 0 2 3 3 3 2 1 0 3 6 3 3 3 4 3 0 12 1 2 0
21312390 560 7 1 3 3 1 1 2 2 1 0 3 1 0 0 0 0 3 2 2 0 4 5 12 0 2 3 7 0 0 3 4 3 0 1 2
21312391 545 1 1 1 0 3 1 0 0 0 0 1 0 0 1 6 8 2 3 5 5 0 2 3 3 0 12 3 3 0
21312392 540 1 3 1 0 2 1 0 0 0 0 0 0 1 1 0 0 0 0 3 2 12 0 2 5 5 1 5 3 1
21312393 554 5 3 2 2 2 2 1 0 1 1 0 0 0 0 0 4 1 1 3 1 0 4 4 5 0 12 3 0 3 0 4 1 0
21312394 554 5 1 3 2 1 3 1 0 2 1 0 0 0 0 2 1 2 3 3 1 2 0 2 3 0 1 5 4 0 3 5 12 0
21312395 599 0 1 0 1 1 0 0 0 0 0 0 0 3 0 3 3 0 0 4 3 3 7 4 2 0 12 6 5
21312397 610 3 2 2 3 1 0 1 1 0 0 0 0 0 2 1 0 7 2 0 8 1 0 2 4 6 5 1 12 1 3 0
21312398 562 6 2 1 2 3 3 2 1 0 2 1 0 0 0 0 1 3 2 0 12 8 3 0 3 4 6 3 0 1 7 0 3 1 1
21312399 577 11 3 2 1 3 1 2 2 3 1 2 3 1 0 1 1 0 0 0 0 3 4 4 3 3 0 0 3 4 5 0 3 5 4 0 12 1 2 3
21312400 557 6 2 3 1 3 2 1 1 0 2 1 0 0 0 0 2 2 2 0 2 0 0 0 3 0 1 0 4 6 1 1 2 4 12
