21311980 1395 9 3 2 1 3 1 3 1 2 2 1 0 1 1 0 0 0 0 3 3 3 3 4 7 14 0 3 3 3 0 5 3 0 0 0 0 2
21311991 1360 6 3 2 2 2 1 2 1 0 1 1 0 0 0 0 1 4 1 0 0 3 0 4 1 4 3 8 7 4 0 1 14 2 1
21311994 1625 7 2 3 1 1 3 2 3 1 0 2 1 0 0 0 0 2 2 3 2 3 14 1 1 6 2 3 8 3 3 0 4 0 1 0
21311995 1422 9 2 2 3 3 3 1 1 1 2 1 0 3 1 0 0 0 0 3 3 3 0 2 3 2 1 6 2 2 0 5 1 14 1 0 5 1
21311997 1354 2 1 3 1 0 2 1 0 0 0 0 1 0 1 3 4 14 7 0 3 3 4 1 2 0 3 0 0 3 0
21311999 1251 9 3 2 1 1 3 2 1 1 3 1 0 3 1 0 0 0 0 4 2 3 2 0 0 3 2 5 2 5 1 4 1 8 3 9 14 2
21312003 1753 8 3 2 2 2 2 1 1 3 1 0 1 1 0 0 0 0 2 4 2 0 3 0 3 0 4 3 1 1 4 3 8 3 6 14 2
21312007 1252 3 3 3 2 3 1 4 0.33333333333333331 5 0.33333333333333331 6 0.33333333333333331 0 1 2 1 3 0 2 8 1 3 1 3 14 8 0 4 5 7 2
21312016 1404 8 3 1 2 3 2 3 1 2 1 0 2 1 0 0 0 0 2 3 3 0 3 5 3 1 14 7 8 0 7 1 4 0 4 5 3
21312018 1376 6 2 1 1 3 2 1 3 1 7 0.33333333333333331 8 0.33333333333333331 9 0.33333333333333331 3 2 1 2 4 2 3 0 9 14 1 3 6 6 3 1 3 0 2
21312019 1518 0 1 0 3 1 0 0 0 0 0 0 0 0 0 3 4 2 0 3 14 0 3 5 5 0 0 1 3
21312023 1445 1 2 1 0 3 1 0 0 0 0 0 1 0 0 1 0 0 0 4 14 4 3 7 6 4 2 1 8 5
21312031 1522 11 3 2 3 1 1 1 2 3 3 2 1 1 0 2 1 0 0 0 0 4 3 4 0 3 4 1 0 1 14 8 4 7 2 6 2 1 2 4
21312032 1420 2 2 3 1 0 3 1 0 0 0 0 0 1 1 3 1 14 3 0 5 1 5 0 4 2 2 0 3 1 0
21312040 1410 4 1 3 3 1 1 0 1 1 0 0 0 0 2 0 2 3 7 5 2 5 14 2 4 4 5 4 0 0 0 0 2
21312044 1611 4 2 3 3 1 1 0 2 1 0 0 0 0 1 1 2 0 2 3 0 2 4 3 1 3 6 14 0 1 4 1 3
21312047 1480 6 1 3 2 3 1 2 1 0 2 1 0 0 0 0 2 2 2 1 2 14 0 0 4 3 5 0 1 1 3 0 3 0 2
21312048 1333 10 2 3 2 1 2 3 1 1 2 1 1 0 3 1 0 0 0 0 4 4 2 4 9 6 1 6 14 5 3 4 0 2 1 3 3 2 0
21312050 1543 9 3 2 1 1 2 1 3 2 1 1 0 2 1 0 0 0 0 4 3 2 3 4 1 14 2 4 3 4 0 0 0 4 0 0 0 3
21312052 1593 11 3 1 1 3 1 2 1 3 2 2 3 3 1 8 0.33333333333333331 9 0.33333333333333331 10 0.33333333333333331 4 3 4 1 3 0 0 2 1 0 0 5 3 3 0 14 2 3 2
21312057 1546 9 2 3 1 3 3 3 1 2 1 1 0 2 1 0 0 0 0 3 2 4 3 14 2 4 1 3 5 4 0 4 3 1 0 2 0 0
21312058 1524 7 1 3 2 3 3 2 2 1 0 1 1 0 0 0 0 1 3 3 1 1 14 1 3 2 9 3 0 0 4 3 0 3 2 4
21312061 1356 1 1 1 0 2 1 0 0 0 0 1 0 0 8 7 14 3 2 4 4 5 3 1 2 4 0 0 1 3
21312062 1663 2 2 1 1 0 3 1 0 0 0 0 1 1 0 0 3 0 2 2 1 6 4 0 3 3 14 0 3 1 4
21312063 1438 7 1 3 2 1 2 3 3 1 0 3 1 0 0 0 0 2 2 3 0 2 2 2 1 3 5 6 1 1 3 14 0 1 0 2
21312065 1527 4 2 1 3 3 1 0 3 1 0 0 0 0 1 1 2 3 1 3 4 2 14 5 7 0 8 8 9 8 0 10 3
21312068 1619 10 1 2 3 3 1 3 2 1 1 3 1 0 2 1 0 0 0 0 4 2 4 1 14 2 1 4 4 4 2 1 3 3 2 1 2 2 0
21312069 1418 6 3 1 2 1 2 2 1 0 1 1 0 0 0 0 2 3 1 2 7 1 3 14 3 3 0 3 1 3 2 1 2 0 0
21312073 1514 9 1 3 1 1 2 3 3 1 3 1 0 2 1 0 0 0 0 4 1 4 2 1 1 2 0 4 14 7 5 4 2 4 0 0 2 0
21312075 1056 7 2 1 3 2 2 1 1 1 0 3 1 0 0 0 0 3 3 1 0 0 3 0 1 2 5 7 4 7 14 2 4 5 1 0
21312084 1612 8 3 1 3 3 2 1 2 1 1 0 2 1 0 0 0 0 3 2 3 3 1 4 0 3 14 6 0 9 5 4 0 4 9 2 3
21312088 1387 7 3 3 3 3 1 2 1 1 0 2 1 0 0 0 0 2 1 4 8 9 1 3 5 14 6 2 3 8 6 4 1 4 2 0
21312093 1311 6 3 3 3 3 1 1 1 0 2 1 0 0 0 0 2 0 4 2 0 4 1 3 1 6 2 14 5 4 0 3 5 9 2
21312110 1543 2 2 1 1 0 1 1 0 0 0 0 1 1 0 0 4 2 5 3 2 7 14 3 9 4 6 0 0 1 3
21312115 1341 1 2 1 0 1 1 0 0 0 0 0 1 0 2 0 1 0 14 1 2 0 7 8 4 3 4 4 3 3
21312116 1494 8 1 3 2 2 3 3 2 2 1 0 1 1 0 0 0 0 1 4 3 3 0 0 0 0 0 4 1 0 5 14 4 1 5 8 4
21312128 1163 8 1 2 2 3 2 3 3 1 1 0 1 1 0 0 0 0 2 3 3 5 6 2 3 2 1 14 1 4 9 3 2 0 1 3 6
21312131 1476 8 2 3 3 1 3 2 2 1 1 0 1 1 0 0 0 0 2 3 3 0 0 5 3 0 0 8 3 2 3 4 14 0 0 1 6
21312137 1450 7 2 3 1 2 1 3 3 1 0 2 1 0 0 0 0 2 2 3 1 0 0 1 0 3 0 1 3 4 5 5 4 2 14 2
