21311052 1460 8 2 3 1 2 1 3 2 3 1 0 1 1 0 0 0 0 2 3 3 0 4 1 14 3 2 6 7 0 0 1 3 0 0 2 0
21311053 1382 3 2 3 2 1 0 3 1 0 0 0 0 0 2 1 0 0 2 1 1 5 6 3 0 3 8 14 6 4 3 1
21311061 1293 10 3 1 2 2 3 3 1 1 1 2 1 0 2 1 0 0 0 0 4 3 3 0 3 0 0 1 0 2 0 4 5 4 1 4 14 2 4
21311076 1677 10 2 2 3 1 3 3 1 2 3 2 1 0 1 1 0 0 0 0 2 4 4 0 0 0 1 3 5 2 3 0 5 14 4 8 3 6 1
21311079 1435 4 1 3 3 1 1 0 1 1 0 0 0 0 2 0 2 2 4 3 3 2 7 6 1 14 4 5 0 4 2 2 0
21311080 1359 2 1 2 1 0 1 1 0 0 0 0 1 1 0 3 0 3 3 0 2 3 4 0 14 6 3 0 6 3 5
21311081 1672 10 3 1 1 2 2 1 2 3 1 3 1 0 2 1 0 0 0 0 4 3 3 6 3 5 3 14 4 7 7 1 8 7 3 3 9 5 2
21311083 1275 11 1 2 3 2 1 2 1 1 3 3 2 1 0 3 1 0 0 0 0 4 4 3 2 5 14 3 2 5 6 0 3 6 3 3 1 0 0 1
21311084 1319 6 3 1 3 2 2 1 1 0 3 1 0 0 0 0 2 2 2 0 0 2 3 3 4 0 1 4 6 6 4 2 1 14 3
21311085 1343 4 1 2 2 2 1 0 1 1 0 0 0 0 1 3 0 3 1 3 14 1 5 9 10 2 2 5 7 0 4 1 3
21311089 1305 9 3 3 2 3 1 1 2 1 3 1 0 1 1 0 0 0 0 3 2 4 2 3 5 3 3 3 7 5 2 3 14 6 0 0 2 1
21311103 1445 1 2 1 0 3 1 0 0 0 0 0 1 0 1 3 14 5 0 6 3 10 3 3 0 3 0 5 1 2
21311109 1270 0 1 0 2 1 0 0 0 0 0 0 0 3 6 2 0 3 4 5 0 14 2 0 0 1 1 1 3
21311115 1238 11 2 2 3 1 3 2 1 1 3 3 1 1 0 2 1 0 0 0 0 4 3 4 2 5 1 0 4 6 4 2 14 4 0 0 1 3 0 3
21311121 1607 5 1 2 1 3 3 3 1 6 0.33333333333333331 7 0.33333333333333331 8 0.33333333333333331 2 1 2 0 2 0 1 4 1 14 8 3 5 6 6 2 0 3 2
21311122 1427 9 2 1 1 1 3 1 3 2 3 1 0 2 1 0 0 0 0 4 2 3 2 0 3 3 3 4 5 3 0 4 8 6 0 3 4 14
21311127 1482 1 3 1 0 1 1 0 0 0 0 0 0 1 2 0 1 2 6 1 3 0 2 3 0 0 14 5 0 0
21311130 1417 5 2 2 3 3 1 1 0 2 1 0 0 0 0 1 2 2 3 8 8 8 5 14 5 4 3 7 1 0 1 0 3 0
21311131 1541 0 1 0 2 1 0 0 0 0 0 0 0 3 4 8 1 3 6 14 4 3 4 4 9 3 2 0 1
21311132 1478 9 2 3 2 3 1 1 1 3 2 1 0 1 1 0 0 0 0 3 3 3 1 14 6 2 5 8 3 2 3 0 3 0 0 0 3 0
21311135 1726 3 3 1 1 1 0 2 1 0 0 0 0 2 0 1 0 0 0 3 0 0 2 3 3 1 3 0 2 4 5 14
21311136 1392 6 2 1 3 1 2 3 1 0 3 1 0 0 0 0 2 2 2 1 0 1 2 4 2 2 3 0 8 14 1 4 3 6 8
21311137 1299 9 3 3 1 3 3 1 2 1 2 1 0 2 1 0 0 0 0 3 2 4 0 0 1 1 2 1 2 14 5 2 5 4 2 4 1 3
21311139 1445 1 2 1 0 2 1 0 0 0 0 0 1 0 3 1 3 3 0 0 3 14 1 6 3 2 3 4 1 3
21311153 1650 3 3 2 1 1 0 3 1 0 0 0 0 1 1 1 2 5 1 1 2 6 1 14 4 6 3 1 2 7 2 4
21311154 1437 2 1 2 3 1 5 0.33333333333333331 6 0.33333333333333331 7 0.33333333333333331 1 1 0 7 14 3 1 9 8 3 2 2 3 0 0 1 4 0 0
21311161 1292 2 1 1 3 1 5 0.33333333333333331 6 0.33333333333333331 7 0.33333333333333331 2 0 0 1 1 7 5 3 3 5 2 2 1 2 2 9 14 2 3
21311165 1408 1 3 1 0 1 1 0 0 0 0 0 0 1 3 1 2 0 14 6 2 3 3 1 3 0 0 0 2 0
21311167 1452 6 3 1 2 1 3 2 1 0 2 1 0 0 0 0 2 2 2 4 14 5 3 1 5 7 3 2 0 0 0 0 0 1 0
21311168 1501 10 3 2 2 1 3 1 3 1 1 2 1 0 3 1 0 0 0 0 4 3 3 14 8 1 0 10 1 5 0 3 2 3 2 4 0 2 0
21311172 1463 6 3 2 3 2 1 3 1 0 1 1 0 0 0 0 1 2 3 3 4 14 3 5 4 9 6 9 4 2 3 3 1 0 5
21311175 1286 6 1 3 1 1 2 3 1 0 3 1 0 0 0 0 3 1 2 3 4 9 5 2 7 14 6 1 2 3 3 0 0 2 0
21311183 1514 4 2 2 3 1 1 0 1 1 0 0 0 0 1 2 1 6 6 14 3 1 2 1 2 3 4 1 0 0 0 0 2
21311185 1101 10 1 1 2 2 3 3 1 2 3 2 1 0 1 1 0 0 0 0 3 4 3 3 0 0 1 3 1 4 1 4 0 14 6 2 4 2 2
21311193 1245 10 3 2 3 1 1 3 3 2 1 1 1 0 2 1 0 0 0 0 4 2 4 1 1 3 6 14 1 2 0 2 2 4 5 3 3 0 2
21311194 1368 5 2 3 3 1 2 1 0 2 1 0 0 0 0 1 2 2 0 0 3 0 1 4 3 1 7 4 3 0 14 4 4 0
21311199 1272 11 3 1 3 1 3 2 1 2 2 3 2 1 0 1 1 0 0 0 0 3 4 4 1 0 4 0 4 2 2 0 3 14 3 0 3 1 1 2
21311201 1389 9 3 2 2 1 3 2 3 2 3 1 0 1 1 0 0 0 0 1 4 4 3 2 4 2 14 8 0 0 1 5 0 1 3 1 1 0
21311206 1357 3 1 3 2 3 1 7 0.33333333333333331 8 0.33333333333333331 9 0.33333333333333331 1 1 1 0 1 7 0 2 6 4 0 4 7 2 1 3 4 14 3
