21311207 1457 4 3 2 2 3 1 0 1 1 0 0 0 0 0 2 2 4 1 2 2 5 1 0 3 1 10 4 2 3 1 14 3
21311209 1447 3 3 1 3 1 0 2 1 0 0 0 0 1 0 2 2 6 3 0 9 14 4 3 6 5 3 0 2 4 1 1
21311220 1376 4 3 1 1 1 1 0 3 1 0 0 0 0 3 0 1 2 0 1 0 4 7 4 2 7 14 9 2 2 8 3 3
21311221 1418 4 1 3 1 3 3 1 8 0.33333333333333331 9 0.33333333333333331 10 0.33333333333333331 2 0 2 2 5 4 3 2 0 4 14 1 3 4 2 0 0 0 3
21311222 1506 4 3 1 1 1 1 0 3 1 0 0 0 0 3 0 1 3 2 6 3 1 6 7 14 3 3 6 2 2 2 4 0
21311233 1494 10 2 2 3 1 1 1 3 3 2 2 1 0 1 1 0 0 0 0 3 4 3 0 3 2 3 3 14 4 5 0 8 3 9 3 1 6 3
21311245 1550 8 2 3 3 1 2 1 3 3 1 0 1 1 0 0 0 0 2 2 4 2 8 6 1 0 4 14 3 3 2 4 1 1 0 2 2
21311248 1437 0 1 0 3 1 0 0 0 0 0 0 0 2 0 3 0 1 5 7 0 1 5 14 0 0 2 5 6
21311255 1584 8 2 2 1 1 3 1 3 1 1 0 2 1 0 0 0 0 4 2 2 0 0 0 2 1 1 4 2 3 14 5 6 3 4 2 4
21311259 1373 4 3 2 2 3 1 0 3 1 0 0 0 0 0 2 2 2 1 14 4 3 7 1 5 0 0 3 5 0 0 1 7
21311272 1357 4 1 2 3 2 1 0 3 1 0 0 0 0 1 2 1 1 0 0 0 0 2 0 1 3 5 3 3 14 6 3 3
21311277 1434 1 1 1 0 1 1 0 0 0 0 1 0 0 0 1 4 2 0 0 3 14 2 3 4 3 0 0 4 2
21311283 1347 3 1 3 3 1 0 1 1 0 0 0 0 1 0 2 1 3 14 4 3 5 2 0 2 2 0 0 4 2 0 1
21311287 1401 5 2 1 3 1 2 1 0 3 1 0 0 0 0 2 2 1 0 4 5 3 0 8 5 0 0 14 1 1 3 2 0 2
21311288 1434 5 3 2 2 3 2 1 0 3 1 0 0 0 0 0 3 2 1 1 4 0 1 14 3 0 10 6 3 0 3 0 2 1
21311291 1512 11 3 2 1 1 3 2 1 2 3 2 3 1 0 1 1 0 0 0 0 3 4 4 0 2 0 0 4 1 1 2 4 14 7 1 6 2 3 4
21311293 1427 0 1 0 3 1 0 0 0 0 0 0 0 1 1 4 0 5 3 4 2 14 4 2 1 2 3 0 0
21311305 1484 7 3 1 1 1 2 3 3 1 0 2 1 0 0 0 0 3 1 3 2 3 3 3 3 1 14 9 9 5 4 3 4 8 0 2
21311306 1283 7 2 3 2 3 1 2 1 1 0 3 1 0 0 0 0 2 3 2 1 3 14 3 3 8 5 1 0 3 4 3 0 2 0 0
21311321 1138 5 1 3 1 2 3 1 0 2 1 0 0 0 0 2 1 2 3 1 4 0 10 14 9 2 3 6 1 5 3 4 2 3
21311324 1429 9 3 3 1 2 3 2 1 2 1 1 0 1 1 0 0 0 0 3 3 3 2 0 3 0 6 3 4 2 1 14 4 6 1 3 4 2
21311330 1466 8 3 1 2 3 1 3 2 3 1 0 2 1 0 0 0 0 2 2 4 2 0 2 0 1 0 3 0 0 14 1 1 4 4 4 0
21311335 1434 2 3 1 1 0 1 1 0 0 0 0 1 0 1 0 0 4 4 0 0 5 14 3 2 7 4 3 2 0 3
21311347 1587 4 2 2 1 3 1 0 3 1 0 0 0 0 1 2 1 1 1 3 14 2 3 4 4 0 3 3 1 0 0 2 0
21311353 1190 3 2 2 3 1 0 1 1 0 0 0 0 0 2 1 4 3 14 0 6 4 3 6 3 2 3 0 1 0 0 1
21311354 1687 7 2 2 1 2 3 1 1 1 0 3 1 0 0 0 0 3 3 1 3 1 4 3 3 0 4 14 2 2 3 1 0 3 7 9
21311355 1377 6 3 1 1 3 1 2 1 0 1 1 0 0 0 0 3 1 2 2 3 1 1 4 6 5 3 0 14 2 2 3 2 2 3
