21311201 804 0 1 0 1 1 0 0 0 0 0 0 0 13 3 4 3 4 7 4 3 3 2 7 0 3 0 0 0
21311205 873 6 2 3 1 1 3 2 1 0 2 1 0 0 0 0 2 2 2 0 0 0 2 0 1 1 3 0 3 1 5 3 2 6 13
21311206 928 1 1 1 0 1 1 0 0 0 0 1 0 0 0 0 0 4 3 5 2 4 3 5 6 2 0 5 9 13
21311207 929 10 2 3 1 2 1 3 2 2 1 3 1 0 1 1 0 0 0 0 3 4 3 3 2 3 13 0 4 3 7 0 3 3 1 0 0 3 0
21311208 894 11 1 1 3 2 1 3 2 1 2 2 3 1 0 3 1 0 0 0 0 4 4 3 5 2 4 1 13 7 3 1 2 3 0 0 3 1 2 0
21311209 976 8 3 1 3 3 1 2 1 1 1 0 2 1 0 0 0 0 4 1 3 2 13 4 3 2 1 1 4 5 0 2 0 0 2 0 0
21311211 838 11 3 3 2 1 3 2 1 1 1 2 3 1 0 2 1 0 0 0 0 4 3 4 0 0 0 1 0 2 3 3 2 5 5 3 1 3 4 13
21311212 807 4 1 3 3 2 1 0 1 1 0 0 0 0 1 1 2 0 1 3 0 5 4 4 0 7 3 2 1 13 2 8 2
21311213 911 5 1 2 1 1 3 1 0 2 1 0 0 0 0 3 1 1 4 6 5 0 13 7 2 0 4 3 0 3 3 3 0 0
21311214 980 10 3 2 1 3 3 2 1 2 1 2 1 0 3 1 0 0 0 0 3 4 3 4 2 3 1 13 5 1 0 4 5 7 3 1 2 5 0
21311215 894 6 2 3 1 1 2 2 1 0 1 1 0 0 0 0 2 3 1 1 3 2 13 8 3 1 8 4 6 7 2 0 3 4 3
21311217 935 10 3 3 2 2 1 1 3 1 2 1 1 0 2 1 0 0 0 0 4 3 3 0 0 2 3 0 0 2 1 3 3 4 4 0 1 13 4
21311220 887 6 2 2 3 3 1 1 1 0 1 1 0 0 0 0 2 2 2 4 6 4 2 6 5 4 13 3 3 5 1 2 7 0 0
21311221 896 1 2 1 0 1 1 0 0 0 0 0 1 0 3 4 1 3 0 0 3 13 2 0 4 3 0 0 8 5
21311222 895 2 1 2 1 0 3 1 0 0 0 0 1 1 0 3 3 1 0 1 4 3 2 3 13 4 0 2 0 3 3
21311224 939 11 2 2 2 1 3 3 3 1 2 1 1 1 0 3 1 0 0 0 0 4 4 3 0 2 0 2 13 1 1 0 7 2 0 0 4 3 1 0
21311229 857 0 1 0 2 1 0 0 0 0 0 0 0 13 4 3 0 5 3 1 2 3 5 0 0 3 1 0 0
21311231 837 6 2 1 2 3 1 3 1 0 2 1 0 0 0 0 2 2 2 0 13 1 1 2 5 4 1 3 3 2 6 0 3 0 0
21311233 968 3 3 3 2 1 0 2 1 0 0 0 0 0 1 2 1 2 3 3 13 5 3 1 4 1 5 2 0 1 0 3
21311234 859 4 3 1 2 3 1 0 1 1 0 0 0 0 1 1 2 0 0 0 2 3 4 3 2 8 4 3 5 1 5 6 13
21311235 946 4 3 3 1 2 1 0 3 1 0 0 0 0 1 1 2 1 3 13 0 2 4 6 1 3 3 6 2 4 5 3 0
21311236 1009 6 3 2 2 3 1 2 1 0 1 1 0 0 0 0 1 3 2 4 3 13 0 4 7 4 0 7 4 2 3 0 1 0 1
21311237 958 6 1 1 3 3 2 3 1 0 1 1 0 0 0 0 2 1 3 0 0 7 2 0 0 2 0 3 3 4 1 13 4 3 2
21311240 905 5 3 2 2 2 3 1 0 2 1 0 0 0 0 0 3 2 0 3 0 0 0 1 1 0 4 5 13 1 1 4 3 0
21311241 900 10 1 1 3 1 2 2 3 3 1 3 1 0 2 1 0 0 0 0 4 2 4 0 2 13 4 0 3 7 5 2 3 0 3 0 1 0 0
21311242 917 7 3 2 1 3 2 2 1 1 0 3 1 0 0 0 0 2 3 2 2 6 13 3 2 4 6 3 8 3 1 1 1 3 0 0
21311245 1112 8 1 1 3 1 2 2 2 3 1 0 2 1 0 0 0 0 3 3 2 3 3 3 1 0 5 4 1 0 13 3 2 0 0 0 3
21311246 853 7 1 3 1 2 3 2 1 1 0 3 1 0 0 0 0 3 2 2 2 4 2 13 0 3 7 6 0 1 3 3 0 3 1 2
21311247 770 2 1 3 1 0 3 1 0 0 0 0 1 0 1 4 4 3 2 5 6 8 1 13 5 3 0 0 0 0 2
21311248 823 8 2 2 1 3 3 2 1 2 1 0 3 1 0 0 0 0 2 4 2 0 0 1 0 0 0 1 4 1 5 4 2 3 0 13 3
21311249 866 8 3 1 2 1 2 2 1 3 1 0 3 1 0 0 0 0 3 3 2 4 4 4 0 2 3 3 1 13 3 3 1 0 0 2 0
21311252 976 7 3 3 1 1 3 1 2 1 0 3 1 0 0 0 0 3 1 3 2 0 2 0 0 9 3 13 0 5 4 4 1 2 1 2
21311254 843 7 3 3 1 2 2 1 3 1 0 1 1 0 0 0 0 2 2 3 1 2 0 0 2 4 6 0 4 5 4 3 13 8 4 0
21311255 950 8 2 3 3 1 1 3 1 2 1 0 2 1 0 0 0 0 3 2 3 13 5 4 3 3 4 3 5 3 1 0 0 3 0 2 0
21311256 924 2 2 3 1 0 3 1 0 0 0 0 0 1 1 0 1 3 3 1 3 13 3 0 2 4 5 0 3 3 4
21311258 799 1 1 1 0 3 1 0 0 0 0 1 0 0 3 3 1 1 2 1 5 3 3 13 2 2 2 0 0 3
21311259 942 3 2 1 2 1 0 3 1 0 0 0 0 1 2 0 0 1 4 13 3 3 4 7 0 4 6 5 0 1 4 2
21311260 947 9 3 3 1 1 2 1 1 2 3 1 0 2 1 0 0 0 0 4 2 3 0 3 2 3 1 4 5 6 7 4 3 0 3 2 13 0
21311262 744 0 1 0 1 1 0 0 0 0 0 0 0 0 0 3 3 3 0 0 5 6 6 4 2 3 13 4 3
21311265 893 8 3 1 2 1 2 3 3 1 1 0 2 1 0 0 0 0 3 2 3 0 3 3 2 0 4 13 4 1 3 2 4 3 1 0 4
21311267 822 0 1 0 2 1 0 0 0 0 0 0 0 0 3 1 3 13 5 2 2 1 3 4 3 1 4 3 4
21311270 827 5 2 3 1 2 1 1 0 2 1 0 0 0 0 2 2 1 0 3 0 13 3 0 1 8 0 1 6 3 0 3 3 2
21311272 937 8 1 1 2 3 2 2 3 1 1 0 2 1 0 0 0 0 3 3 2 0 0 0 3 0 3 0 0 5 4 13 1 1 6 2 3
21311274 929 2 1 3 1 0 1 1 0 0 0 0 1 0 1 8 0 2 0 0 13 1 3 1 4 5 2 7 6 2 2
21311276 939 0 1 0 1 1 0 0 0 0 0 0 0 3 2 3 3 0 2 2 13 6 8 5 1 0 1 5 5
21311277 937 4 3 1 1 3 1 0 2 1 0 0 0 0 2 0 2 0 1 0 2 2 4 1 0 3 5 3 3 13 4 2 3
21311278 894 8 1 3 1 1 3 3 3 2 1 0 1 1 0 0 0 0 3 1 4 0 0 4 2 0 0 0 4 2 3 6 5 0 2 3 13
21311279 873 7 2 2 3 1 1 3 1 1 0 1 1 0 0 0 0 3 2 2 0 4 3 13 0 3 8 2 0 0 3 7 3 0 2 4
21311282 773 3 1 1 1 1 0 3 1 0 0 0 0 3 0 0 0 3 0 2 2 2 2 7 3 1 4 4 0 3 5 13
21311283 1010 6 2 1 2 3 1 1 1 0 3 1 0 0 0 0 3 2 1 3 2 4 0 4 2 2 3 4 4 1 1 13 1 2 0
21311284 920 10 3 1 3 2 1 3 3 2 1 2 1 0 1 1 0 0 0 0 3 3 4 0 0 0 2 1 4 3 3 8 6 4 2 2 4 1 13
21311286 940 2 1 2 1 0 2 1 0 0 0 0 1 1 0 0 3 0 3 0 0 0 5 2 5 4 1 3 1 13 4
21311287 968 9 2 3 1 3 2 2 3 1 1 1 0 3 1 0 0 0 0 3 3 3 0 0 3 1 2 0 2 1 3 5 6 3 0 5 7 13
21311288 949 9 2 1 3 3 2 2 1 2 3 1 0 1 1 0 0 0 0 2 4 3 13 3 3 4 7 5 4 2 4 1 8 0 0 0 4 1
21311289 947 0 1 0 2 1 0 0 0 0 0 0 0 3 4 4 13 0 1 3 4 0 4 3 3 0 1 0 2
21311291 935 5 1 2 3 2 1 1 0 3 1 0 0 0 0 2 2 1 0 0 0 3 0 4 3 4 3 3 2 13 2 7 1 1
21311292 1022 10 3 1 3 1 3 3 2 1 1 2 1 0 2 1 0 0 0 0 4 2 4 2 0 0 0 0 0 2 0 2 1 1 3 3 4 7 13
21311293 909 4 3 2 2 3 1 0 3 1 0 0 0 0 0 2 2 0 2 0 0 3 0 1 0 4 1 5 0 1 8 13 3
21311296 921 0 1 0 3 1 0 0 0 0 0 0 0 2 6 1 3 2 3 7 1 2 13 1 0 0 3 1 2
21311297 799 6 2 3 3 1 2 2 1 0 3 1 0 0 0 0 1 3 2 5 3 1 0 4 2 0 0 5 13 0 1 3 3 1 0
21311299 921 9 3 3 3 2 1 2 2 2 3 1 0 1 1 0 0 0 0 1 4 4 0 1 3 0 0 2 4 4 1 1 1 2 4 5 3 13
21311302 1029 6 2 3 1 2 1 1 1 0 2 1 0 0 0 0 3 2 1 0 1 0 0 0 2 0 3 6 4 3 3 3 3 4 13
21311304 790 6 2 2 3 3 1 1 1 0 2 1 0 0 0 0 2 2 2 0 0 2 0 0 3 4 4 0 1 4 4 3 1 7 13
21311305 751 10 3 1 1 3 3 2 3 2 2 1 1 0 2 1 0 0 0 0 3 3 4 13 8 3 0 3 7 3 0 3 4 5 1 3 3 0 0
21311306 875 10 3 3 3 2 3 1 1 2 1 1 1 0 2 1 0 0 0 0 4 2 4 0 0 0 2 1 2 13 4 4 5 3 6 0 3 1 2
21311307 893 2 3 3 1 0 3 1 0 0 0 0 0 0 2 0 5 2 0 3 3 4 3 1 1 13 3 0 3 2 4
21311312 699 6 1 1 3 2 1 2 1 0 2 1 0 0 0 0 3 2 1 0 2 4 0 0 0 3 5 1 7 5 13 3 3 8 7
21311313 881 1 1 1 0 3 1 0 0 0 0 1 0 0 0 3 2 0 13 2 6 1 3 5 6 2 1 4 4 0
21311314 837 6 3 1 2 3 1 1 1 0 3 1 0 0 0 0 3 1 2 4 2 2 2 13 4 2 1 5 1 6 1 3 0 2 0
21311315 939 11 1 3 2 3 3 2 2 1 1 2 1 1 0 3 1 0 0 0 0 4 4 3 13 4 1 3 3 3 5 1 0 2 0 0 2 3 0 0
21311316 876 9 3 1 2 1 2 3 1 2 3 1 0 1 1 0 0 0 0 3 3 3 0 0 2 2 3 5 3 4 3 0 1 3 0 3 13 3
21311317 848 0 1 0 1 1 0 0 0 0 0 0 0 0 2 1 2 3 2 3 3 6 6 1 2 13 3 1 0
21311318 809 6 2 3 1 3 2 3 1 0 2 1 0 0 0 0 1 2 3 0 4 0 1 13 2 3 0 3 4 3 1 1 3 0 3
21311320 850 1 3 1 0 1 1 0 0 0 0 0 0 1 0 13 2 3 1 3 5 2 0 3 5 1 2 0 2 1
21311321 862 9 1 3 2 3 1 2 2 1 2 1 0 3 1 0 0 0 0 3 4 2 7 1 4 0 13 6 6 1 6 5 3 5 3 2 0 0
21311322 1114 0 3 1 5 0.33333333333333331 6 0.33333333333333331 7 0.33333333333333331 0 0 0 13 3 2 3 6 5 1 4 5 2 5 0 1 0 0 0
21311323 871 8 3 2 1 1 2 1 1 2 1 0 3 1 0 0 0 0 4 3 1 3 4 2 2 0 1 4 13 3 4 1 4 2 0 0 0
21311324 948 7 2 3 3 2 2 1 3 1 0 1 1 0 0 0 0 1 3 3 1 0 2 0 4 1 3 6 1 13 4 0 4 4 2 3
21311325 750 2 3 2 1 0 3 1 0 0 0 0 0 1 1 1 5 8 13 2 6 4 3 0 3 0 8 0 0 1 0
21311326 912 4 3 1 1 1 1 0 1 1 0 0 0 0 3 0 1 3 2 0 0 4 4 0 2 3 5 2 2 3 4 13 0
21311327 919 6 1 2 3 1 3 2 1 0 1 1 0 0 0 0 2 2 2 2 0 1 2 3 4 7 4 0 0 2 13 0 4 1 6
21311328 919 6 2 1 1 2 2 1 1 0 3 1 0 0 0 0 3 3 0 0 3 0 0 1 0 4 0 2 3 1 0 4 5 13 2
21311330 813 8 3 1 2 3 1 2 1 2 3 1 6 0.33333333333333331 7 0.33333333333333331 8 0.33333333333333331 3 3 2 0 0 3 2 0 0 3 3 0 0 1 13 1 2 4 5
21311331 806 7 3 3 3 2 1 1 2 1 0 1 1 0 0 0 0 2 2 3 0 2 0 0 1 4 4 3 0 3 4 13 2 5 6 3
21311332 830 8 1 1 1 2 3 3 1 2 1 0 2 1 0 0 0 0 4 2 2 0 4 4 13 2 4 3 4 3 3 1 4 0 0 0 2
21311335 873 11 3 3 1 2 1 3 1 1 3 2 2 1 0 2 1 0 0 0 0 4 3 4 3 13 1 5 5 4 3 1 2 6 2 2 0 1 3 0
21311336 933 6 1 1 2 2 3 3 1 0 2 1 0 0 0 0 2 2 2 3 1 0 0 0 5 7 0 0 4 3 3 0 13 4 8
21311337 974 2 3 2 1 0 1 1 0 0 0 0 0 1 1 0 0 1 0 0 1 2 2 2 5 6 3 0 1 7 13
21311338 854 4 1 3 1 2 1 0 3 1 0 0 0 0 2 1 1 2 0 1 0 0 0 3 4 3 5 4 2 0 13 5 3
21311340 931 1 3 1 0 2 1 0 0 0 0 0 0 1 3 4 0 3 4 7 1 0 5 1 2 0 13 1 2 0
21311341 968 11 2 1 1 1 2 3 2 3 1 3 3 1 0 2 1 0 0 0 0 4 3 4 0 0 0 2 4 1 3 0 6 2 4 2 13 6 1 1
21311343 981 11 3 2 3 2 1 1 2 3 1 1 3 1 0 2 1 0 0 0 0 4 3 4 1 2 3 1 13 6 4 2 4 4 0 2 1 0 0 0
21311344 988 0 1 0 3 1 0 0 0 0 0 0 0 1 0 0 0 2 4 0 0 3 5 3 2 13 3 4 1
21311347 955 11 1 1 3 2 3 2 3 3 2 2 1 1 0 1 1 0 0 0 0 3 4 4 4 1 13 1 3 5 3 0 4 8 2 3 3 0 2 0
21311348 989 3 2 1 2 3 1 5 0.33333333333333331 6 0.33333333333333331 7 0.33333333333333331 1 2 0 0 8 3 0 3 5 3 1 3 8 5 0 13 3 4 3
21311353 866 9 2 2 1 1 3 2 2 3 3 1 0 3 1 0 0 0 0 2 4 3 2 4 6 13 1 3 0 3 0 1 0 0 0 3 0 1
21311354 892 1 1 1 0 3 1 0 0 0 0 1 0 0 0 0 1 2 3 2 2 5 1 4 3 9 3 0 13 3
21311355 1048 0 1 0 2 1 0 0 0 0 0 0 0 1 4 3 2 1 4 5 1 13 3 5 0 0 2 0 3
21311356 874 1 3 1 0 3 1 0 0 0 0 0 0 1 3 13 2 0 2 4 0 2 1 3 4 1 1 0 3 0
21311357 888 4 2 2 2 1 1 0 3 1 0 0 0 0 1 3 0 3 5 3 0 7 5 1 0 7 5 3 2 13 0 1 1
21311359 864 1 3 1 0 2 1 0 0 0 0 0 0 1 3 0 0 2 9 0 2 0 1 1 4 1 3 13 3 3
21311360 822 4 3 3 2 2 1 0 3 1 0 0 0 0 0 2 2 1 1 0 0 2 4 3 1 3 6 3 0 13 8 3 0
21311362 834 7 2 1 1 3 3 1 1 1 0 2 1 0 0 0 0 4 1 2 0 3 2 0 0 3 3 0 2 13 2 3 4 1 4 3
21311363 904 6 3 2 3 2 3 1 1 0 3 1 0 0 0 0 1 2 3 0 4 3 1 9 2 2 0 13 5 3 0 1 3 1 3
21311364 856 2 2 3 1 0 2 1 0 0 0 0 0 1 1 1 4 3 13 2 4 3 8 0 1 7 4 0 0 1 5
21311365 877 1 1 1 0 2 1 0 0 0 0 1 0 0 0 0 0 3 0 0 1 3 7 3 4 5 3 0 2 13
21311366 1068 8 2 1 1 3 3 1 3 2 1 0 3 1 0 0 0 0 3 2 3 13 3 1 2 8 6 3 3 2 4 7 0 0 5 1 2
21311367 796 9 1 3 1 3 1 2 2 1 3 1 0 2 1 0 0 0 0 4 2 3 6 1 2 3 2 5 13 1 0 2 3 4 3 0 0 0
21311368 933 3 2 1 3 1 0 1 1 0 0 0 0 1 1 1 2 0 0 0 4 7 3 1 13 8 3 0 3 4 3 2
21311369 858 8 1 3 2 1 2 1 2 2 1 0 1 1 0 0 0 0 3 4 1 3 0 0 3 2 5 3 1 3 13 8 1 2 4 4 3
21311370 992 3 1 2 2 1 0 2 1 0 0 0 0 1 2 0 1 0 1 0 3 0 1 0 6 3 0 2 13 4 4 0
21311371 836 1 2 1 0 1 1 0 0 0 0 0 1 0 2 0 1 0 2 4 5 3 6 4 1 7 13 6 3 3
21311372 896 1 2 1 0 3 1 0 0 0 0 0 1 0 0 1 3 0 4 4 1 2 1 3 6 0 7 2 13 0
21311374 970 1 1 1 0 1 1 0 0 0 0 1 0 0 13 6 6 0 3 7 2 0 2 3 0 3 0 0 0 3
21311375 828 7 1 2 3 2 1 2 3 1 0 3 1 0 0 0 0 2 3 2 3 0 2 0 5 6 4 0 13 5 2 1 1 1 7 3
21311378 804 6 2 1 3 3 1 3 1 0 1 1 0 0 0 0 2 1 3 4 3 4 2 13 5 6 0 3 4 3 2 0 1 2 0
21311379 973 0 1 0 1 1 0 0 0 0 0 0 0 0 4 0 4 0 2 13 3 2 4 5 1 1 0 2 0
21311381 866 8 2 1 2 1 1 3 3 2 1 0 2 1 0 0 0 0 3 3 2 0 0 3 1 0 13 8 0 3 3 4 3 0 4 6 4
21311382 942 7 3 1 2 1 1 2 3 1 0 1 1 0 0 0 0 3 2 2 0 13 4 3 0 1 4 4 2 4 6 2 0 0 7 2
21311383 926 3 3 3 2 1 0 1 1 0 0 0 0 0 1 2 1 3 5 9 0 1 5 13 0 6 3 5 2 2 0 3
21311386 922 9 2 3 2 3 3 1 2 3 1 1 0 2 1 0 0 0 0 2 3 4 2 4 7 3 1 2 7 13 0 3 4 4 0 1 1 1
21311387 971 10 1 1 2 3 2 3 2 1 3 2 1 0 3 1 0 0 0 0 3 4 3 13 7 2 1 3 5 3 0 3 1 3 0 0 0 3 0
21311388 991 10 2 3 3 1 2 3 2 1 1 2 1 0 1 1 0 0 0 0 3 4 3 3 3 4 13 0 3 5 8 0 3 2 5 0 1 0 0
21311389 885 7 1 2 3 3 1 2 1 1 0 3 1 0 0 0 0 3 2 2 0 8 5 13 0 3 7 4 3 2 5 1 2 0 3 0
21311391 921 4 2 2 1 2 3 1 4 0.33333333333333331 5 0.33333333333333331 6 0.33333333333333331 1 3 0 6 13 3 2 4 0 1 0 8 3 0 0 1 1 0 0
21311392 835 4 1 3 3 1 1 0 2 1 0 0 0 0 2 0 2 3 1 0 1 6 8 2 2 7 2 2 4 13 1 4 0
21311394 945 8 2 1 1 2 2 3 1 3 3 1 6 0.33333333333333331 7 0.33333333333333331 8 0.33333333333333331 3 3 2 1 4 13 0 3 4 3 7 2 7 1 0 2 5 0 3
21311395 763 11 3 3 2 1 3 2 2 1 1 2 1 1 0 3 1 0 0 0 0 4 4 3 13 3 3 0 7 3 4 1 2 3 1 3 2 3 0 0
21311396 887 11 1 3 2 1 1 1 3 2 3 3 2 1 0 2 1 0 0 0 0 4 3 4 13 3 4 1 6 7 4 0 2 2 0 0 0 3 1 0
21311397 840 0 1 0 2 1 0 0 0 0 0 0 0 2 3 0 0 13 4 0 6 4 5 1 0 0 3 0 1
21311400 905 3 3 3 3 1 0 2 1 0 0 0 0 0 0 3 4 1 0 0 3 6 3 2 4 6 0 0 13 4 3 1
21311402 898 10 1 2 1 3 3 2 3 3 1 1 1 0 2 1 0 0 0 0 4 2 4 2 0 0 0 3 3 3 1 0 4 6 5 2 4 5 13
21311405 798 1 1 1 0 2 1 0 0 0 0 1 0 0 4 1 5 13 0 3 7 8 2 4 2 4 3 1 3 0
21311406 893 10 1 3 3 3 2 3 2 1 1 2 1 0 1 1 0 0 0 0 3 3 4 2 4 1 4 0 2 13 2 0 4 3 2 0 1 0 1
21311407 944 7 3 3 1 1 3 1 2 1 0 1 1 0 0 0 0 3 1 3 2 2 2 2 0 3 13 4 4 3 6 1 0 0 3 3
21311408 935 9 3 2 3 2 1 1 1 1 2 1 0 3 1 0 0 0 0 4 3 2 2 13 1 3 7 6 1 2 5 4 5 2 3 3 0 0
21311410 899 5 3 1 2 3 1 1 0 1 1 0 0 0 0 2 1 2 3 4 1 2 0 3 13 3 0 2 2 5 0 2 1 0
21311411 935 6 1 3 1 3 3 2 1 0 2 1 0 0 0 0 2 1 3 2 4 0 0 13 1 1 0 4 3 4 3 8 3 0 2
21311412 996 6 2 1 3 2 2 3 1 0 1 1 0 0 0 0 1 3 2 0 5 3 3 3 0 5 7 0 1 13 2 0 1 0 3
21311413 852 9 2 1 1 2 2 3 1 3 3 1 0 2 1 0 0 0 0 3 3 3 0 13 3 4 4 8 6 5 1 1 6 4 0 0 2 3
21311414 859 3 1 2 3 1 0 2 1 0 0 0 0 1 1 1 3 2 1 0 6 3 13 0 5 0 3 3 0 0 0 1
21311416 953 2 1 1 1 0 3 1 0 0 0 0 2 0 0 0 2 4 9 3 2 5 13 0 2 1 4 0 0 0 3
21311417 960 10 3 2 3 2 1 1 1 3 2 2 1 0 3 1 0 0 0 0 3 4 3 0 4 2 13 1 3 5 1 0 5 3 1 0 0 0 2
21311419 943 5 2 1 1 3 2 1 0 2 1 0 0 0 0 2 2 1 4 1 4 3 0 4 2 4 3 0 3 13 0 1 0 0
21311420 1048 5 2 3 3 1 3 1 0 3 1 0 0 0 0 1 1 3 2 5 8 13 2 5 1 1 7 2 5 0 0 0 4 1
21311421 1113 11 2 1 1 3 3 2 2 3 1 3 2 1 0 1 1 0 0 0 0 3 4 4 2 1 0 0 0 4 4 0 1 6 4 5 0 13 5 2
21311422 849 7 2 3 1 2 1 3 1 1 0 3 1 0 0 0 0 3 2 2 13 4 2 1 7 3 2 3 6 1 0 0 2 5 0 0
21311424 866 0 1 0 3 1 0 0 0 0 0 0 0 2 3 2 0 5 7 1 1 2 3 4 9 4 1 13 4
21311426 839 7 1 3 2 1 1 2 3 1 0 2 1 0 0 0 0 3 2 2 3 2 13 2 3 8 4 3 1 1 8 1 2 4 0 3
21311427 798 4 2 1 3 1 1 0 3 1 0 0 0 0 2 1 1 3 3 5 2 3 5 2 1 1 13 3 0 2 0 0 0
21311430 839 9 2 1 1 3 2 2 3 2 3 1 0 3 1 0 0 0 0 2 4 3 1 3 1 13 2 3 4 3 3 4 5 3 0 0 0 1
21311431 936 10 1 2 1 3 3 2 2 1 3 3 1 0 1 1 0 0 0 0 3 3 4 3 13 1 3 4 4 3 0 5 2 1 4 2 0 3 2
21311433 961 1 2 1 0 2 1 0 0 0 0 0 1 0 3 9 1 13 0 1 4 3 0 3 4 5 0 4 3 0
21311434 701 2 3 2 1 0 1 1 0 0 0 0 0 1 1 2 0 0 0 1 1 6 3 5 2 0 3 13 3 3 0
21311436 970 11 3 3 1 3 1 1 2 1 2 2 3 1 0 2 1 0 0 0 0 4 3 4 3 13 4 2 6 3 3 6 3 6 5 0 0 1 3 0
21311437 913 6 2 3 1 3 3 1 1 0 1 1 0 0 0 0 2 1 3 0 3 2 4 2 3 3 9 0 5 13 6 0 0 3 4
21311438 848 5 1 1 2 3 2 1 0 3 1 0 0 0 0 2 2 1 0 0 2 0 0 1 1 0 4 7 7 0 13 5 5 2
21311439 799 7 3 1 2 2 1 3 2 1 0 3 1 0 0 0 0 2 3 2 5 2 6 1 4 8 4 0 1 3 13 0 2 0 3 1
21311440 1015 8 2 3 2 1 3 1 1 2 1 0 3 1 0 0 0 0 3 3 2 0 3 4 0 2 3 5 2 0 3 4 1 0 13 1 3
21311441 797 7 3 1 2 2 2 3 1 1 0 1 1 0 0 0 0 2 3 2 2 7 6 4 13 8 4 3 3 1 0 0 0 3 0 3
21311442 961 0 1 0 2 1 0 0 0 0 0 0 0 1 1 13 3 0 3 4 5 0 3 4 6 0 2 7 3
21311443 733 8 3 3 1 3 2 1 1 3 1 0 2 1 0 0 0 0 3 1 4 13 3 4 2 2 5 1 1 2 4 3 1 2 0 0 0
21311444 967 2 1 2 1 0 1 1 0 0 0 0 1 1 0 0 3 4 0 0 3 5 2 0 13 6 5 1 2 2 1
21311446 985 8 1 1 2 3 2 2 1 3 1 0 3 1 0 0 0 0 3 3 2 1 0 0 0 3 2 3 3 3 7 1 0 2 4 13 0
21311447 841 8 2 1 1 2 2 3 3 3 1 0 2 1 0 0 0 0 2 3 3 1 4 0 0 1 7 2 0 3 6 4 3 1 3 13 3
21311448 1004 8 3 1 2 2 2 3 1 1 1 0 2 1 0 0 0 0 3 3 2 3 0 0 0 1 0 3 0 4 7 3 0 3 3 13 3
21311449 996 1 2 1 0 2 1 0 0 0 0 0 1 0 0 1 3 7 3 5 3 5 2 5 1 13 7 5 6 1
21311450 877 6 1 1 2 3 1 2 1 0 3 1 0 0 0 0 3 2 1 0 0 0 3 0 5 4 1 2 5 2 13 3 0 3 3
21311451 1020 11 3 3 2 1 2 3 1 3 1 2 1 1 0 2 1 0 0 0 0 4 3 4 4 1 13 0 4 4 1 0 2 8 3 0 3 5 0 2
21311452 963 4 1 2 2 2 1 0 3 1 0 0 0 0 1 3 0 3 1 2 0 1 4 5 3 4 5 13 1 3 0 0 0
21311453 900 11 2 3 1 2 1 3 3 1 3 2 2 1 0 1 1 0 0 0 0 3 4 4 4 3 0 0 3 5 7 3 1 4 5 1 13 2 3 2
21311455 840 11 3 3 1 1 2 1 3 2 2 3 1 1 0 2 1 0 0 0 0 4 3 4 0 2 0 0 0 8 1 13 0 4 6 3 3 1 4 2
21311456 973 6 3 2 1 1 3 1 1 0 2 1 0 0 0 0 3 1 2 13 4 4 4 3 6 5 2 3 0 1 0 2 0 0 0
21311457 1008 0 1 0 2 1 0 0 0 0 0 0 0 13 4 5 1 4 3 8 0 3 2 3 3 0 0 0 1
21311458 945 0 1 0 2 1 0 0 0 0 0 0 0 1 3 2 1 0 2 8 4 0 13 4 1 3 0 0 3
21311459 952 11 2 3 1 1 3 2 1 3 2 2 3 1 0 1 1 0 0 0 0 3 4 4 1 4 8 13 0 3 4 5 0 3 5 2 0 0 2 1
21311460 1027 10 2 1 3 1 2 3 1 3 2 2 1 0 1 1 0 0 0 0 3 4 3 4 4 4 0 2 2 6 8 1 13 1 0 3 0 5 6
21311462 856 11 1 3 2 3 1 2 3 2 3 2 1 1 0 1 1 0 0 0 0 3 4 4 0 2 3 1 2 4 1 2 6 1 3 5 3 4 6 13
21311463 1009 4 3 3 2 2 3 1 8 0.33333333333333331 9 0.33333333333333331 10 0.33333333333333331 0 2 2 1 1 4 3 13 3 2 1 3 4 0 3 0 2 1 0
21311464 988 3 2 1 3 1 0 3 1 0 0 0 0 1 1 1 3 0 2 2 2 3 1 1 0 5 4 1 0 13 8 4
21311465 990 7 3 1 1 1 3 2 2 1 0 3 1 0 0 0 0 3 2 2 0 1 0 2 2 4 2 0 1 6 2 0 13 4 3 1
21311466 889 10 1 2 1 3 2 3 1 3 3 2 1 0 2 1 0 0 0 0 3 3 4 13 3 2 0 3 6 3 0 5 2 3 1 0 1 0 1
21311469 854 9 1 3 3 3 1 1 2 2 3 1 0 2 1 0 0 0 0 3 2 4 0 3 0 2 13 5 5 1 2 1 5 0 2 1 3 0
21311472 951 2 1 2 1 0 2 1 0 0 0 0 1 1 0 0 3 3 2 3 13 7 3 3 5 6 4 1 1 7 6
21311474 980 1 2 1 0 2 1 0 0 0 0 0 1 0 0 0 3 1 0 0 4 3 3 1 3 5 3 5 3 13
21311475 993 5 2 1 1 3 3 1 0 2 1 0 0 0 0 2 1 2 0 1 0 0 3 2 1 5 0 2 5 5 0 3 9 13
21311476 884 3 2 2 1 1 0 1 1 0 0 0 0 1 2 0 0 0 1 2 0 4 4 3 2 3 7 4 0 13 1 4
21311478 1133 7 2 3 1 2 1 3 2 1 0 2 1 0 0 0 0 2 3 2 0 1 13 4 3 1 5 4 1 2 3 4 0 0 3 0
21311479 1002 4 2 1 2 3 1 0 1 1 0 0 0 0 1 2 1 0 2 3 0 1 13 2 1 4 6 3 0 0 3 4 0
21311480 794 3 2 1 3 1 0 1 1 0 0 0 0 1 1 1 0 2 0 3 2 3 13 0 6 2 1 3 1 3 3 0
21311482 890 3 1 3 1 1 0 1 1 0 0 0 0 2 0 1 0 2 13 3 0 2 5 2 0 3 6 4 2 1 1 2
21311485 791 11 1 3 1 3 2 1 2 3 3 2 2 1 0 1 1 0 0 0 0 3 4 4 1 0 0 1 3 1 7 4 2 4 2 4 0 0 13 2
21311486 858 11 1 3 1 3 1 2 2 2 3 2 1 1 0 3 1 0 0 0 0 4 4 3 0 4 0 1 2 7 13 3 4 5 6 1 3 3 3 2
21311488 1077 6 2 2 1 2 3 1 1 0 1 1 0 0 0 0 2 3 1 13 8 4 1 3 5 3 0 3 0 3 0 3 0 2 0
21311489 766 3 3 2 1 1 0 3 1 0 0 0 0 1 1 1 0 0 3 0 0 5 4 0 1 3 7 13 0 2 3 3
21311491 867 4 2 3 3 1 1 0 1 1 0 0 0 0 1 1 2 2 3 1 0 2 1 4 2 0 6 3 3 3 4 8 13
21311494 880 7 1 1 2 3 2 3 1 1 0 1 1 0 0 0 0 3 2 2 0 2 2 1 3 3 5 6 0 3 13 1 3 5 2 2
21311495 830 2 3 2 1 0 1 1 0 0 0 0 0 1 1 0 2 0 0 1 4 4 5 2 4 6 1 0 3 3 13
21311496 985 2 2 1 1 0 2 1 0 0 0 0 1 1 0 13 5 3 0 4 4 1 3 4 0 2 0 1 0 3 0
21311498 816 2 2 1 1 0 1 1 0 0 0 0 1 1 0 3 1 2 2 0 4 8 3 0 4 4 2 0 1 5 13
21311501 889 0 1 0 2 1 0 0 0 0 0 0 0 0 0 0 3 0 3 5 1 0 0 2 3 3 1 4 13
21311502 850 5 3 2 2 2 3 1 0 1 1 0 0 0 0 0 3 2 0 1 1 0 13 5 4 0 3 4 4 0 2 1 1 2
21311503 855 3 1 2 2 1 0 1 1 0 0 0 0 1 2 0 3 6 3 1 4 4 1 0 9 2 3 0 13 3 2 0
21311504 875 0 3 1 5 0.33333333333333331 6 0.33333333333333331 7 0.33333333333333331 0 0 0 13 3 0 0 9 3 2 3 2 7 4 0 3 0 1 1
21311505 859 8 1 3 1 3 1 3 2 2 1 0 2 1 0 0 0 0 3 2 3 5 8 4 0 13 3 7 2 4 2 3 1 9 1 4 0
21311507 979 0 1 0 1 1 0 0 0 0 0 0 0 3 5 2 4 3 1 13 1 0 0 3 2 0 0 2 0
21311509 989 2 3 3 1 0 2 1 0 0 0 0 0 0 2 13 3 2 1 7 3 0 0 5 5 3 0 1 0 3 0
21311510 836 2 3 2 1 0 1 1 0 0 0 0 0 1 1 3 3 0 0 3 5 2 0 5 6 4 0 3 13 3 1
21311513 1119 11 1 1 3 2 1 1 2 3 3 2 3 1 0 2 1 0 0 0 0 4 3 4 1 4 1 13 0 4 4 7 0 2 3 1 0 0 2 2
21311514 887 3 2 3 3 3 1 4 0.33333333333333331 5 0.33333333333333331 6 0.33333333333333331 0 1 2 13 1 3 2 3 5 5 0 1 0 3 7 3 0 0 0
21311515 844 1 3 3 1 4 0.33333333333333331 5 0.33333333333333331 6 0.33333333333333331 0 0 1 0 1 1 0 0 2 4 4 0 13 1 3 2 2 4 3
21311517 887 7 3 3 3 2 1 1 2 1 0 2 1 0 0 0 0 2 2 3 1 0 0 0 0 0 1 2 3 5 13 0 3 4 3 0
21311518 757 6 1 2 2 3 1 3 1 0 1 1 0 0 0 0 2 2 2 3 3 4 3 5 2 0 0 13 5 3 0 0 0 3 0
21311519 713 6 2 1 1 1 1 3 1 0 2 1 0 0 0 0 4 1 1 2 13 7 5 0 4 3 5 0 3 3 0 0 2 0 0
21311522 858 8 1 1 1 3 3 3 3 2 1 0 2 1 0 0 0 0 3 1 4 5 0 2 2 2 4 1 0 5 6 3 1 13 4 4 0
21311523 984 2 2 3 1 0 2 1 0 0 0 0 0 1 1 1 4 13 0 3 6 2 1 0 4 4 0 1 3 0 0
21311525 843 11 1 1 2 2 2 3 1 2 3 1 3 1 0 3 1 0 0 0 0 4 4 3 3 1 5 3 2 13 3 3 2 3 2 4 1 0 1 0
21311526 918 8 2 1 1 3 3 2 3 1 1 0 3 1 0 0 0 0 3 2 3 3 0 0 0 6 3 1 2 3 4 5 2 13 3 9 0
21311527 875 0 1 0 2 1 0 0 0 0 0 0 0 4 1 3 0 5 3 2 0 1 5 6 0 13 2 1 3
21311529 863 9 3 2 2 2 3 1 1 3 1 1 0 3 1 0 0 0 0 3 3 3 13 7 4 0 8 5 3 0 3 5 0 1 2 0 0 0
21311530 919 5 2 2 1 3 3 1 0 1 1 0 0 0 0 1 2 2 0 0 3 0 3 13 3 2 3 5 3 1 0 2 3 1
21311531 797 8 2 1 1 3 3 1 2 3 1 0 1 1 0 0 0 0 3 2 3 2 3 0 0 0 13 6 3 0 3 3 3 0 2 4 4
21311532 1025 0 1 0 1 1 0 0 0 0 0 0 0 5 2 13 0 5 3 3 0 2 4 1 0 1 2 0 3
21311533 1002 3 2 3 2 1 0 1 1 0 0 0 0 0 2 1 0 0 1 0 0 4 3 2 1 3 5 2 1 4 3 13
21311535 1065 7 3 3 2 1 1 2 3 1 0 2 1 0 0 0 0 2 2 3 3 1 0 0 0 5 3 13 2 3 3 6 1 1 2 5
21311536 904 9 2 2 3 3 3 1 2 2 1 1 0 1 1 0 0 0 0 2 4 3 0 13 1 3 3 5 4 3 0 3 3 3 0 5 2 1
21311537 935 10 1 1 3 2 1 3 1 2 3 3 1 0 2 1 0 0 0 0 4 2 4 3 3 3 13 4 5 8 3 0 3 4 1 0 0 2 2
21311539 895 7 1 1 2 3 2 3 2 1 0 1 1 0 0 0 0 2 3 2 1 0 2 0 13 4 6 2 1 4 8 6 4 4 1 2
21311542 892 2 2 3 1 0 2 1 0 0 0 0 0 1 1 3 1 6 13 8 4 3 3 4 5 1 2 0 1 7 3
21311544 890 9 1 2 2 2 1 1 3 1 3 1 0 2 1 0 0 0 0 4 3 2 0 13 3 2 1 3 5 3 3 0 4 3 0 0 3 3
21311545 933 4 3 3 2 1 1 0 2 1 0 0 0 0 1 1 2 0 4 4 13 1 3 3 4 5 2 4 1 0 1 2 0
21311546 911 9 3 2 3 1 3 1 3 1 2 1 0 2 1 0 0 0 0 3 2 4 3 2 13 0 1 5 1 1 2 5 4 0 2 1 2 0
21311549 844 3 1 3 2 3 1 6 0.33333333333333331 7 0.33333333333333331 8 0.33333333333333331 1 1 1 0 0 2 2 0 7 3 5 3 1 6 1 1 2 3 13
21311550 1025 1 3 1 0 2 1 0 0 0 0 0 0 1 0 3 1 3 0 1 13 2 0 0 6 5 2 0 1 5
21311552 1016 2 2 3 1 0 1 1 0 0 0 0 0 1 1 0 7 0 0 4 4 0 0 9 5 3 2 13 4 4 1
21311553 973 1 2 1 0 1 1 0 0 0 0 0 1 0 4 1 3 0 4 1 2 2 13 5 0 0 3 5 4 3
21311555 746 4 1 1 1 3 1 0 3 1 0 0 0 0 3 0 1 2 2 5 2 4 1 3 0 13 6 1 2 3 2 3 0
21311559 841 1 1 1 0 3 1 0 0 0 0 1 0 0 13 3 1 3 6 3 8 2 4 6 2 0 4 0 0 0
21311561 926 1 1 1 0 2 1 0 0 0 0 1 0 0 0 0 0 1 0 2 3 13 1 2 4 4 3 1 4 2
21311562 842 7 3 2 2 1 3 3 2 1 0 3 1 0 0 0 0 1 3 3 0 1 1 5 0 7 5 6 6 3 4 1 1 2 13 2
21311563 931 6 1 3 2 2 3 2 1 0 1 1 0 0 0 0 1 3 2 0 3 1 3 1 2 4 13 0 5 3 3 0 3 3 0
21311564 975 3 3 3 1 1 0 2 1 0 0 0 0 1 0 2 13 3 5 0 9 4 3 0 5 3 2 2 0 1 0 1
21311570 801 7 3 3 2 2 1 1 3 1 0 1 1 0 0 0 0 2 2 3 0 0 3 3 0 2 8 3 1 3 5 3 2 4 6 13
21311571 794 6 3 2 2 3 1 1 1 0 2 1 0 0 0 0 2 2 2 5 6 2 5 1 5 5 0 9 13 0 0 3 1 2 1
21311572 781 3 1 2 3 1 0 3 1 0 0 0 0 1 1 1 3 4 13 0 1 4 3 1 4 6 2 0 0 3 2 0
21311576 946 7 2 2 3 3 2 1 1 1 0 1 1 0 0 0 0 2 3 2 6 3 3 0 0 2 5 1 0 3 7 4 0 13 3 4
21311578 723 11 3 2 1 1 2 3 2 2 1 3 3 1 0 1 1 0 0 0 0 3 4 4 0 2 1 0 0 4 4 5 0 3 13 3 3 1 2 3
21311579 892 6 1 1 2 2 2 3 1 0 2 1 0 0 0 0 2 3 1 3 3 3 13 3 6 6 6 0 1 1 5 0 3 0 0
21311580 840 0 1 0 3 1 0 0 0 0 0 0 0 13 3 4 3 3 4 5 3 4 4 4 0 0 0 1 2
21311586 966 10 1 1 3 1 1 3 2 2 3 3 3 1 6 0.33333333333333331 7 0.33333333333333331 8 0.33333333333333331 4 2 4 0 3 3 4 2 3 8 13 0 0 6 3 0 0 4 2
21311589 879 8 1 3 2 1 3 3 2 2 1 0 1 1 0 0 0 0 2 3 3 0 1 5 13 2 4 7 3 0 3 4 2 1 0 0 0
21311591 821 9 2 3 3 1 2 1 3 1 3 1 0 1 1 0 0 0 0 3 2 4 2 3 4 13 3 3 3 7 0 0 8 4 0 0 2 0
21311592 931 0 1 0 1 1 0 0 0 0 0 0 0 3 6 3 3 13 5 0 0 5 2 3 2 6 1 0 0
21311593 947 7 3 3 3 2 1 1 1 3 1 6 0.33333333333333331 7 0.33333333333333331 8 0.33333333333333331 3 1 3 1 3 3 2 5 6 2 0 9 6 2 0 13 2 1 0
21311596 1059 7 2 3 3 1 1 2 1 1 0 3 1 0 0 0 0 3 2 2 13 3 5 3 3 7 3 3 2 4 2 0 0 0 1 0
21311598 928 3 1 1 1 1 0 3 1 0 0 0 0 3 0 0 0 1 5 3 2 4 13 2 3 2 0 0 0 3 0 2
21311599 879 1 2 1 0 1 1 0 0 0 0 0 1 0 4 1 4 2 1 2 13 2 5 4 1 3 0 3 3 3
21311600 898 5 3 2 3 3 2 1 0 1 1 0 0 0 0 0 2 3 13 5 3 3 3 4 3 1 2 0 0 0 0 1 0 0
21311601 840 8 2 2 1 3 3 3 2 2 1 0 3 1 0 0 0 0 1 4 3 2 5 13 0 1 4 5 3 1 3 3 0 1 0 0 1
21311602 1014 3 2 3 1 1 0 3 1 0 0 0 0 1 1 1 13 3 3 0 6 3 4 0 4 1 0 0 1 0 2 2
21311603 848 6 3 2 1 2 1 3 1 0 1 1 0 0 0 0 2 2 2 3 0 3 3 5 1 2 0 3 13 3 0 3 4 2 0
21311605 869 4 2 3 2 3 1 0 3 1 0 0 0 0 0 2 2 1 0 5 6 1 4 1 1 3 2 6 3 0 2 3 13
21311607 830 9 1 3 2 3 3 1 1 1 3 1 0 2 1 0 0 0 0 4 1 4 2 1 2 4 3 1 13 3 4 3 3 2 0 5 2 0
21311608 901 1 2 1 0 3 1 0 0 0 0 0 1 0 0 0 6 1 0 1 9 5 3 0 3 4 2 3 4 13
21311611 895 7 1 1 1 1 2 2 3 1 0 3 1 0 0 0 0 4 2 1 0 0 2 4 0 0 1 4 2 3 3 13 0 5 2 3
21311612 802 3 3 1 2 1 0 2 1 0 0 0 0 1 1 1 0 0 1 3 0 3 5 4 0 5 6 1 2 3 3 13
21311613 915 7 1 1 3 2 3 2 3 1 0 2 1 0 0 0 0 2 2 3 4 5 2 13 1 4 7 3 2 0 3 0 0 1 1 0
21311614 986 11 3 2 2 3 3 1 1 2 1 3 2 1 0 1 1 0 0 0 0 3 4 4 1 7 5 4 0 3 3 4 0 13 2 2 0 1 0 0
21311615 903 5 1 3 1 1 3 1 0 3 1 0 0 0 0 3 0 2 1 2 0 0 2 2 5 1 3 4 5 13 0 2 2 3
21311617 983 6 3 2 1 3 1 3 1 0 2 1 0 0 0 0 2 1 3 1 0 1 2 3 2 3 4 0 5 4 13 0 3 3 3
21311618 906 9 2 1 2 1 2 3 3 3 3 1 0 2 1 0 0 0 0 2 3 4 0 0 0 1 1 13 1 5 0 2 5 7 0 4 6 3
21311619 1016 9 2 1 1 3 3 2 1 2 2 1 0 1 1 0 0 0 0 3 4 2 1 13 3 0 2 3 4 3 3 3 4 3 0 0 3 0
21311620 893 1 3 1 0 2 1 0 0 0 0 0 0 1 1 3 1 0 1 7 4 0 2 6 7 9 2 2 1 13
21311621 932 2 1 2 1 0 1 1 0 0 0 0 1 1 0 0 3 0 0 3 3 4 2 1 1 2 3 13 4 4 2
21311622 741 7 3 3 2 2 1 1 3 1 0 1 1 0 0 0 0 2 2 3 3 2 0 0 10 1 13 0 2 6 5 3 4 4 2 1
21311624 1008 9 2 1 1 3 2 2 1 3 1 1 0 3 1 0 0 0 0 4 3 2 0 0 2 0 3 13 3 4 0 7 4 3 4 2 1 3
21311627 889 2 3 2 1 0 2 1 0 0 0 0 0 1 1 2 3 8 1 0 1 3 2 0 1 3 13 3 5 3 1
21311629 933 4 1 3 2 2 1 0 1 1 0 0 0 0 1 2 1 0 4 2 13 0 1 4 3 1 4 5 1 0 2 3 2
21311630 826 5 1 3 3 1 1 1 0 3 1 0 0 0 0 3 0 2 4 3 0 0 13 0 0 3 3 2 3 0 2 2 6 0
21311633 895 0 1 0 2 1 0 0 0 0 0 0 0 13 1 1 3 5 7 1 0 2 2 5 0 1 3 2 0
21311635 931 7 2 2 3 1 2 1 3 1 0 3 1 0 0 0 0 2 3 2 0 0 1 0 0 3 2 4 3 3 1 1 2 3 4 13
21311636 919 9 2 3 1 2 3 2 2 1 3 1 0 1 1 0 0 0 0 2 4 3 3 2 1 0 1 8 4 3 4 6 3 0 13 6 3 0
21311638 849 5 1 3 2 2 1 1 0 3 1 0 0 0 0 2 2 1 0 3 4 4 0 2 3 13 4 5 7 1 1 6 0 2
21311639 975 8 3 2 1 3 2 2 2 1 1 0 1 1 0 0 0 0 2 4 2 0 0 0 3 1 0 0 0 5 13 3 0 3 6 4 3
21311640 838 7 3 1 2 3 2 2 2 1 0 3 1 0 0 0 0 1 4 2 0 1 1 1 1 3 5 1 2 3 6 4 4 13 3 2
21311642 1082 4 1 2 2 3 1 0 1 1 0 0 0 0 1 2 1 0 0 0 3 0 1 7 3 6 3 3 8 2 5 13 4
21311644 863 1 2 1 0 2 1 0 0 0 0 0 1 0 3 13 9 4 0 3 1 1 3 5 4 1 0 0 7 2
21311645 965 1 3 1 0 1 1 0 0 0 0 0 0 1 1 0 2 4 2 4 8 3 0 0 5 13 0 0 3 3
21311646 747 5 2 3 2 3 1 1 0 3 1 0 0 0 0 1 2 2 0 0 1 4 3 4 3 7 1 6 5 13 0 3 3 2
21311647 787 9 1 1 1 3 3 3 2 3 1 1 0 2 1 0 0 0 0 4 1 4 13 4 3 0 5 1 4 3 3 2 0 0 2 0 0 2
21311648 833 4 2 2 2 1 1 0 1 1 0 0 0 0 1 3 0 0 13 5 1 0 3 8 6 3 4 5 3 0 2 3 1
21311649 946 5 2 1 1 2 3 1 0 2 1 0 0 0 0 2 2 1 13 5 3 0 2 4 0 2 6 5 1 1 0 1 3 0
21311651 900 9 2 3 3 2 2 3 1 2 1 1 0 1 1 0 0 0 0 2 4 3 0 6 13 4 3 0 6 9 0 3 3 4 0 0 0 1
21311652 902 5 2 1 3 3 3 3 1 7 0.33333333333333331 8 0.33333333333333331 9 0.33333333333333331 1 1 3 1 0 0 3 0 0 3 4 0 1 2 13 0 0 5 2
21311653 950 6 2 1 1 1 3 2 1 0 2 1 0 0 0 0 3 2 1 13 1 3 0 9 5 2 3 3 9 2 0 3 1 0 0
21311654 950 5 3 3 1 2 1 1 0 3 1 0 0 0 0 2 1 2 0 0 3 0 2 2 5 3 3 1 1 2 4 5 13 0
21311655 908 9 2 3 2 2 1 3 3 1 2 1 0 3 1 0 0 0 0 2 4 3 13 2 1 0 4 4 6 0 2 4 6 1 1 0 0 1
21311656 901 10 3 1 1 1 3 2 2 2 3 1 1 0 2 1 0 0 0 0 4 3 3 3 1 5 13 2 7 4 3 0 3 3 3 0 0 0 3
21311661 958 0 1 0 3 1 0 0 0 0 0 0 0 0 3 0 0 4 2 3 0 1 7 6 3 3 13 6 0
21311662 996 2 1 1 1 0 1 1 0 0 0 0 2 0 0 0 3 3 0 3 2 2 0 3 7 6 3 0 13 4 2
21311663 938 6 3 2 3 3 1 1 3 1 7 0.33333333333333331 8 0.33333333333333331 9 0.33333333333333331 2 1 3 0 13 6 2 1 8 4 6 2 3 7 3 0 1 3 2
21311666 923 5 2 3 2 3 2 1 0 1 1 0 0 0 0 0 3 2 4 3 1 3 0 3 3 4 2 1 9 8 0 1 4 13
21311667 799 3 2 2 1 1 0 2 1 0 0 0 0 1 2 0 3 4 0 0 0 1 3 13 4 4 4 4 1 6 2 1
21311668 852 7 1 2 2 3 1 3 2 1 0 3 1 0 0 0 0 2 3 2 3 2 0 3 1 8 4 0 13 4 1 0 2 4 1 0
21311669 874 6 3 1 2 3 2 3 1 0 1 1 0 0 0 0 1 2 3 13 1 8 5 2 7 5 1 0 4 0 3 2 0 0 0
21311671 882 9 2 2 1 2 2 3 1 3 1 1 0 3 1 0 0 0 0 3 4 2 1 0 1 0 2 3 5 0 1 5 6 0 13 2 4 4
21311673 963 8 2 2 3 3 1 2 3 1 1 0 1 1 0 0 0 0 2 3 3 1 3 0 0 3 13 2 0 4 3 5 0 1 2 2 1
21311674 985 10 1 3 2 3 1 3 2 1 3 2 1 0 1 1 0 0 0 0 3 3 4 4 1 1 3 3 4 2 2 4 3 13 0 3 2 0 0
21311675 933 10 3 3 1 3 3 2 2 2 2 1 1 0 1 1 0 0 0 0 2 4 4 1 0 0 0 0 0 0 3 0 3 5 3 3 6 8 13
21311676 761 9 3 3 1 2 3 1 1 3 2 1 0 2 1 0 0 0 0 3 2 4 13 2 4 2 4 5 6 1 4 1 0 1 0 5 0 2
21311677 825 7 2 3 3 3 2 1 1 1 0 2 1 0 0 0 0 2 2 3 1 2 0 0 13 6 4 0 1 4 5 3 1 2 1 2
21311681 874 1 1 1 0 1 1 0 0 0 0 1 0 0 0 1 3 0 0 0 2 4 2 4 5 2 1 2 3 13
21311682 1014 1 2 1 0 3 1 0 0 0 0 0 1 0 3 0 0 3 0 2 4 1 3 5 1 3 0 13 3 8
21311683 845 11 3 2 1 2 2 2 1 1 1 3 3 1 0 3 1 0 0 0 0 4 4 3 13 8 3 1 1 5 3 2 1 4 6 2 3 2 0 0
21311685 974 11 2 1 2 1 2 3 3 2 1 1 3 1 0 3 1 0 0 0 0 4 4 3 0 0 2 3 0 2 5 3 0 1 7 1 3 6 3 13
21311687 858 8 2 2 1 3 1 1 2 2 3 1 5 0.33333333333333331 6 0.33333333333333331 7 0.33333333333333331 3 4 1 0 3 4 4 0 3 13 4 0 3 4 3 1 0 3 0
21311691 903 0 1 0 1 1 0 0 0 0 0 0 0 1 4 2 13 3 5 3 2 0 3 2 0 0 0 0 1
21311692 850 0 1 0 3 1 0 0 0 0 0 0 0 0 0 4 6 0 0 3 5 2 4 3 1 3 3 5 13
21311695 931 10 1 2 1 2 1 3 2 3 3 1 1 0 2 1 0 0 0 0 4 3 3 2 6 4 3 3 6 13 1 3 8 5 8 0 0 6 3
21311697 968 2 2 3 1 0 2 1 0 0 0 0 0 1 1 0 3 4 13 0 0 4 5 0 1 1 3 1 2 5 7
21311698 852 4 1 3 2 2 1 0 3 1 0 0 0 0 1 2 1 2 0 2 0 4 1 3 1 1 3 0 7 3 7 13 3
21311699 982 2 1 3 1 0 3 1 0 0 0 0 1 0 1 2 4 5 0 4 3 7 0 1 3 13 2 0 6 0 0
21311700 816 6 3 2 2 1 1 1 1 0 2 1 0 0 0 0 3 2 1 2 0 0 0 3 6 4 3 3 8 5 3 1 3 13 0
21311702 1040 10 1 2 3 3 2 3 1 2 1 2 1 0 3 1 0 0 0 0 3 4 3 3 3 3 2 3 2 13 3 0 4 2 1 0 1 1 1
21311703 975 10 3 2 2 1 3 2 1 1 2 1 1 0 3 1 0 0 0 0 4 4 2 0 3 0 0 5 5 0 3 5 8 5 6 4 13 3 0
21311704 862 5 3 2 2 2 1 1 0 1 1 0 0 0 0 1 3 1 4 1 6 1 3 5 4 5 3 13 4 3 0 2 0 0
21311706 766 7 3 3 3 3 1 2 2 1 0 2 1 0 0 0 0 1 2 4 1 4 7 13 0 5 2 1 0 3 3 0 1 0 6 0
21311708 1003 1 3 1 0 3 1 0 0 0 0 0 0 1 1 3 4 13 3 8 5 6 0 2 7 5 0 1 2 0
21311709 905 9 1 1 2 1 3 2 1 3 2 1 0 3 1 0 0 0 0 4 3 2 0 0 4 13 0 0 4 7 3 1 4 2 0 0 3 2
21311710 826 2 3 2 1 0 1 1 0 0 0 0 0 1 1 0 3 2 2 0 1 5 3 2 0 4 1 0 3 1 13
21311711 918 5 2 1 2 1 1 1 0 3 1 0 0 0 0 3 2 0 1 3 13 0 5 7 8 2 2 5 7 0 3 4 2 1
21311712 907 8 2 3 3 1 1 2 1 2 1 0 2 1 0 0 0 0 3 3 2 0 1 0 2 1 4 6 2 3 5 13 7 0 3 0 1
21311713 767 3 2 3 3 1 0 1 1 0 0 0 0 0 1 2 3 1 5 2 13 6 2 1 1 3 5 2 1 3 8 2
21311714 1007 2 1 3 1 0 1 1 0 0 0 0 1 0 1 0 0 2 1 0 2 3 0 0 3 5 3 2 13 5 3
21311717 757 2 2 2 1 0 3 1 0 0 0 0 0 2 0 3 1 13 0 1 3 5 3 3 4 1 0 3 2 0 3
21311718 961 10 1 1 3 2 1 1 2 3 3 2 1 0 2 1 0 0 0 0 4 3 3 3 8 4 3 0 13 4 2 0 0 0 1 3 3 0 0
21311719 986 7 3 2 1 1 3 2 1 1 0 3 1 0 0 0 0 3 2 2 2 6 3 13 3 8 4 1 0 6 3 2 0 3 2 1
21311722 907 8 1 1 2 3 3 3 2 3 1 0 2 1 0 0 0 0 2 2 4 1 4 1 2 1 4 5 0 13 2 7 1 2 0 5 0
21311723 952 11 1 1 3 2 3 2 1 2 3 3 1 1 0 2 1 0 0 0 0 4 3 4 3 3 4 2 5 13 3 0 1 6 0 0 2 3 1 0
21311726 838 2 2 2 1 0 1 1 0 0 0 0 0 2 0 1 2 4 4 8 6 1 3 0 5 7 13 0 3 1 2
21311729 1036 8 2 2 3 3 2 1 1 3 1 0 2 1 0 0 0 0 2 3 3 0 1 1 3 0 4 2 6 3 3 1 4 0 3 4 13
21311732 814 8 2 2 1 3 3 1 1 1 1 0 2 1 0 0 0 0 4 2 2 13 4 4 2 1 2 6 3 4 4 2 0 0 1 0 3
21311733 954 10 2 3 3 1 1 3 1 2 2 2 1 0 3 1 0 0 0 0 3 4 3 1 0 2 3 3 5 2 3 0 3 1 4 0 0 1 13
21311734 847 10 2 1 2 2 3 3 1 1 1 3 1 0 3 1 0 0 0 0 4 3 3 3 13 5 1 5 4 3 0 3 0 7 0 6 2 2 0
21311738 809 9 1 1 2 3 1 2 3 2 3 1 0 3 1 0 0 0 0 3 3 3 2 1 13 2 7 5 3 5 1 1 0 3 0 2 0 4
21311739 859 11 1 3 2 2 3 2 1 2 1 1 3 1 0 3 1 0 0 0 0 4 4 3 2 1 3 2 13 4 7 1 3 4 4 0 0 0 7 0
21311741 990 11 3 1 1 1 3 3 1 2 2 3 2 1 0 2 1 0 0 0 0 4 3 4 2 3 3 3 5 3 4 0 13 5 0 0 4 1 3 0
21311742 944 11 3 1 3 3 2 1 3 1 2 2 2 1 0 1 1 0 0 0 0 3 4 4 0 2 3 13 1 6 6 3 3 5 4 3 2 0 1 0
21311743 792 10 3 2 1 2 3 3 2 1 1 2 1 0 3 1 0 0 0 0 3 4 3 0 5 0 1 3 4 1 3 1 3 2 3 0 2 7 13
21311744 898 9 2 3 2 3 3 2 1 1 3 1 0 1 1 0 0 0 0 2 3 4 2 6 3 0 13 1 6 1 3 8 5 1 3 2 2 3
21311745 929 7 1 1 3 1 3 2 3 1 0 1 1 0 0 0 0 3 1 3 4 2 2 3 3 2 5 1 13 6 0 0 0 4 0 2
21311747 776 0 1 0 1 1 0 0 0 0 0 0 0 0 0 2 13 1 3 3 6 0 0 3 4 0 2 0 3
21311748 796 9 2 2 1 1 1 1 3 3 2 1 0 3 1 0 0 0 0 4 3 2 13 4 2 8 8 3 5 3 3 0 3 0 3 0 0 0
21311749 930 7 2 2 3 1 1 3 3 3 1 6 0.33333333333333331 7 0.33333333333333331 8 0.33333333333333331 2 2 3 13 4 2 1 3 7 4 6 5 2 3 3 0 1 0 0
21311752 871 6 1 1 3 1 2 2 1 0 3 1 0 0 0 0 3 2 1 13 3 6 0 6 7 4 3 4 2 2 0 0 1 0 0
21311753 894 8 1 2 3 1 2 3 3 3 1 0 1 1 0 0 0 0 2 2 4 3 13 1 2 2 4 5 1 4 0 0 0 5 2 0 0
21311754 972 4 1 3 3 1 1 0 3 1 0 0 0 0 2 0 2 4 13 3 3 4 6 8 0 2 3 4 0 0 0 0 2
21311755 813 10 1 2 2 1 3 3 3 2 1 1 1 0 2 1 0 0 0 0 4 3 3 3 4 1 13 1 4 5 3 0 7 6 2 0 0 3 2
21311756 874 7 3 1 2 1 1 2 2 1 0 3 1 0 0 0 0 3 3 1 3 3 1 13 2 4 5 6 0 2 3 3 3 0 1 0
21311757 790 0 1 0 3 1 0 0 0 0 0 0 0 2 5 7 13 3 0 5 3 0 0 3 1 0 0 1 2
21311758 797 6 1 3 3 2 3 1 1 0 1 1 0 0 0 0 2 1 3 2 2 4 3 1 5 4 2 0 13 1 3 0 0 0 2
21311759 755 11 2 3 1 2 3 1 1 1 2 3 3 1 0 2 1 0 0 0 0 4 3 4 3 3 0 0 2 8 1 1 13 2 1 0 3 4 4 2
21311762 804 8 1 2 2 3 3 2 1 3 1 0 1 1 0 0 0 0 2 3 3 4 3 13 1 2 4 5 2 3 1 4 3 0 3 0 0
21311764 770 1 3 1 0 1 1 0 0 0 0 0 0 1 0 2 6 13 4 3 4 7 0 0 4 3 3 0 1 2
21311765 839 1 2 1 0 3 1 0 0 0 0 0 1 0 2 5 1 1 3 13 3 2 5 4 4 0 4 0 1 0
21311766 798 10 2 1 2 3 3 3 3 1 1 1 1 0 2 1 0 0 0 0 4 2 4 3 7 2 13 5 3 4 4 0 7 5 3 0 0 1 2
21311767 963 4 3 2 1 3 1 0 3 1 0 0 0 0 1 1 2 0 0 2 3 1 1 3 0 3 5 8 4 2 3 13 0
21311768 889 7 3 2 2 1 3 3 1 1 0 2 1 0 0 0 0 2 2 3 3 0 3 1 1 13 1 0 6 5 3 2 3 0 2 0
21311769 887 4 1 3 2 1 1 0 1 1 0 0 0 0 2 1 1 2 5 3 2 4 8 3 8 13 7 0 2 3 5 1 0
21311770 965 11 1 3 2 2 3 1 1 3 2 2 3 1 0 1 1 0 0 0 0 3 4 4 0 0 3 0 0 9 3 3 1 5 5 3 2 3 6 13
21311771 771 5 1 2 3 2 2 1 0 1 1 0 0 0 0 1 3 1 3 3 3 0 2 3 7 1 13 5 3 3 3 1 6 0
21311773 845 0 1 0 3 1 0 0 0 0 0 0 0 2 0 0 3 1 8 7 6 0 13 6 2 3 1 6 3
21311774 1027 10 2 2 3 1 3 3 3 2 1 1 1 0 1 1 0 0 0 0 3 3 4 13 5 3 3 7 6 4 2 3 1 5 0 2 0 0 0
21311775 818 6 2 3 1 3 3 2 1 0 1 1 0 0 0 0 1 2 3 2 0 0 1 1 4 2 3 3 1 5 0 2 13 4 0
21311782 867 8 1 2 3 1 3 2 2 1 1 0 3 1 0 0 0 0 3 3 2 2 3 9 1 2 4 3 1 13 7 1 2 0 3 0 6
21311783 866 9 1 1 2 1 1 3 2 2 3 1 0 2 1 0 0 0 0 4 3 2 1 4 6 1 0 1 4 13 3 2 4 2 3 3 0 2
21311784 843 2 3 3 1 0 1 1 0 0 0 0 0 0 2 0 7 0 2 4 3 4 3 1 2 6 3 0 0 13 3
21311786 1021 4 3 2 3 2 1 0 2 1 0 0 0 0 0 2 2 1 1 8 3 3 5 6 5 7 3 13 1 1 3 2 0
21311788 1160 0 1 0 3 1 0 0 0 0 0 0 0 0 7 9 1 2 3 3 3 1 4 3 4 0 3 2 13
21311790 969 9 2 2 1 3 1 2 2 1 3 1 0 3 1 0 0 0 0 3 4 2 3 4 1 6 0 1 1 3 0 3 13 8 2 4 6 2
21311792 820 7 2 1 3 3 2 3 3 1 0 1 1 0 0 0 0 1 2 4 0 0 1 2 2 8 6 2 0 3 2 1 1 13 1 3
21311794 915 11 2 3 1 1 2 2 2 3 3 1 1 1 0 3 1 0 0 0 0 4 4 3 1 2 0 0 1 4 3 8 3 2 4 6 0 4 9 13
21311796 797 2 3 1 1 0 1 1 0 0 0 0 1 0 1 0 1 0 0 2 4 2 8 0 5 3 4 2 3 13 4
21311797 968 8 1 1 3 2 1 2 3 3 1 0 2 1 0 0 0 0 3 2 3 0 0 7 2 0 0 1 3 0 4 4 1 3 13 5 2
21311800 997 7 3 3 2 1 2 3 2 1 0 3 1 0 0 0 0 1 3 3 2 4 13 0 4 2 6 5 7 1 3 1 1 6 1 0
