21110001 533 11 3 3 2 2 1 1 1 1 2 3 2 1 0 3 1 0 0 0 0 4 4 3 4 3 3 0 5 5 1 0 12 2 3 0 1 3 0 2
21110002 535 5 1 1 1 2 3 1 0 3 1 0 0 0 0 3 1 1 0 0 2 0 0 2 4 3 5 4 4 6 7 12 3 3
21110003 587 0 1 0 1 1 0 0 0 0 0 0 0 2 0 0 0 8 2 0 0 12 3 0 0 4 5 3 1
21110004 491 1 1 1 0 2 1 0 0 0 0 1 0 0 0 2 0 0 0 0 3 12 1 5 3 3 3 3 2 1
21110005 636 1 3 1 0 3 1 0 0 0 0 0 0 1 1 0 2 0 1 6 2 0 5 4 2 0 8 12 1 3
21110006 502 6 3 3 1 1 1 3 1 0 2 1 0 0 0 0 3 0 3 12 3 3 0 4 5 3 0 3 6 3 2 0 3 2 0
21110007 514 10 3 2 2 1 2 2 3 1 1 3 1 0 1 1 0 0 0 0 3 4 3 0 2 0 3 2 12 1 4 3 7 7 1 3 0 0 0
21110008 579 0 1 0 3 1 0 0 0 0 0 0 0 12 7 5 0 5 2 1 0 1 4 0 3 0 0 2 0
21110009 472 11 3 3 2 1 3 3 1 2 2 1 2 1 0 1 1 0 0 0 0 3 4 4 2 5 1 0 6 5 4 0 12 6 1 0 7 5 4 2
21110010 549 7 1 3 2 2 1 3 1 1 0 3 1 0 0 0 0 3 2 2 3 7 6 12 2 4 3 3 0 3 2 3 0 1 0 0
21110011 518 0 1 0 3 1 0 0 0 0 0 0 0 0 2 3 1 1 0 2 4 0 1 6 12 0 0 2 3
21110012 505 11 1 3 2 1 1 2 2 3 2 3 3 1 0 1 1 0 0 0 0 3 4 4 9 3 2 4 0 3 5 3 0 12 3 2 1 0 0 1
21110013 586 2 3 3 1 0 2 1 0 0 0 0 0 0 2 2 3 7 1 0 3 7 6 1 5 4 3 1 4 2 12
21110014 517 4 1 1 3 2 1 0 1 1 0 0 0 0 2 1 1 12 4 2 4 3 3 6 2 4 3 0 0 3 0 0 0
21110015 531 8 2 1 3 3 3 2 1 1 1 0 1 1 0 0 0 0 3 2 3 0 3 0 0 2 0 4 6 0 1 12 3 2 3 2 3
21110017 557 8 3 1 1 2 3 3 2 1 1 0 1 1 0 0 0 0 3 2 3 3 5 6 12 0 4 4 6 0 2 2 3 0 0 0 3
21110018 588 9 1 3 3 3 1 2 3 1 2 1 0 2 1 0 0 0 0 3 2 4 0 0 0 1 6 12 3 2 3 7 4 2 0 1 5 3
21110019 567 11 3 1 3 1 2 2 3 1 2 1 3 1 0 2 1 0 0 0 0 4 3 4 2 0 5 12 0 2 4 3 1 1 5 3 0 3 3 0
21110020 555 10 1 1 3 3 2 2 3 1 3 2 1 0 1 1 0 0 0 0 3 3 4 3 0 0 0 6 3 3 2 2 4 4 0 12 5 1 0
21110021 581 0 1 0 3 1 0 0 0 0 0 0 0 12 1 2 0 8 5 4 0 4 6 1 0 1 0 2 2
21110022 539 2 2 3 3 1 6 0.33333333333333331 7 0.33333333333333331 8 0.33333333333333331 0 1 1 12 5 4 0 1 3 4 0 1 5 3 0 0 0 2 3
21110023 456 0 1 0 3 1 0 0 0 0 0 0 0 12 1 0 0 6 7 3 1 4 5 2 4 2 2 3 1
21110024 488 11 2 2 1 1 3 1 1 3 2 3 3 1 0 2 1 0 0 0 0 4 3 4 4 12 3 2 4 5 4 0 1 6 3 0 0 2 1 0
21110025 570 10 3 1 1 3 1 3 2 2 2 3 1 0 1 1 0 0 0 0 3 3 4 12 8 4 1 3 5 3 0 3 0 0 2 0 0 2 0
21110026 551 2 3 2 1 0 3 1 0 0 0 0 0 1 1 3 12 3 7 2 4 1 8 3 0 2 0 1 1 0 0
21110027 537 0 1 0 2 1 0 0 0 0 0 0 0 3 1 0 3 2 6 3 0 8 5 4 1 12 5 3 0
21110028 555 5 3 2 3 3 1 1 0 3 1 0 0 0 0 1 1 3 12 4 3 0 4 3 4 1 3 0 5 2 3 0 0 0
21110029 609 5 3 2 1 2 1 1 0 1 1 0 0 0 0 2 2 1 5 12 3 0 2 4 5 2 4 1 0 3 0 3 0 0
21110030 561 3 3 3 2 1 0 3 1 0 0 0 0 0 1 2 2 0 1 12 0 1 3 5 0 3 4 3 0 0 0 4
21110031 614 0 1 0 2 1 0 0 0 0 0 0 0 12 7 6 1 3 3 5 0 1 4 2 3 2 1 0 0
21110032 552 8 3 1 3 1 1 3 1 2 1 0 2 1 0 0 0 0 4 1 3 2 12 5 3 0 4 5 3 0 0 4 3 0 0 2 0
21110034 533 7 1 1 3 2 3 3 2 1 0 1 1 0 0 0 0 2 2 3 0 0 3 0 2 4 3 2 4 3 0 0 12 6 1 0
21110035 543 3 3 1 2 1 0 3 1 0 0 0 0 1 1 1 3 2 1 6 2 6 4 8 3 1 12 0 1 0 2 0
21110036 517 0 1 0 2 1 0 0 0 0 0 0 0 0 2 5 12 3 6 1 6 6 3 5 1 2 3 0 1
21110037 580 9 3 3 1 3 2 1 1 2 1 1 0 3 1 0 0 0 0 4 2 3 0 0 2 0 4 1 2 0 5 8 0 2 12 4 4 3
21110038 523 0 1 0 3 1 0 0 0 0 0 0 0 0 12 1 4 0 3 4 3 2 5 0 3 0 0 0 3
21110039 583 7 1 3 3 2 1 3 1 1 0 2 1 0 0 0 0 3 1 3 2 3 0 0 5 4 0 0 7 4 0 1 12 4 2 0
21110040 524 7 3 1 3 1 2 1 2 1 0 3 1 0 0 0 0 3 2 2 0 1 7 12 0 4 5 2 0 4 6 2 1 2 0 0
21110041 602 8 2 1 3 1 2 2 1 3 3 1 5 0.33333333333333331 6 0.33333333333333331 7 0.33333333333333331 3 3 2 12 5 1 0 3 5 3 0 3 4 3 0 2 0 3 3
21110042 578 8 3 2 2 1 3 1 2 2 1 0 3 1 0 0 0 0 2 4 2 1 0 0 0 5 3 2 1 0 3 4 12 3 1 7 3
21110043 552 6 2 1 3 1 1 3 1 0 3 1 0 0 0 0 3 1 2 4 7 6 0 12 4 4 0 0 6 3 3 0 0 2 2
21110044 575 1 1 1 0 2 1 0 0 0 0 1 0 0 0 1 2 0 3 12 7 0 3 4 4 5 3 2 5 1
21110045 502 2 2 1 1 0 2 1 0 0 0 0 1 1 0 0 0 1 1 0 2 5 0 3 4 3 4 0 12 5 3
21110046 446 2 2 2 1 0 1 1 0 0 0 0 0 2 0 12 2 3 1 5 4 4 1 3 3 5 0 3 0 3 0
21110047 527 11 1 1 3 2 3 3 1 1 2 2 3 1 0 2 1 0 0 0 0 4 3 4 3 0 0 0 0 0 0 4 0 2 4 5 1 12 5 4
21110048 522 11 1 3 2 3 1 2 2 3 1 1 2 1 0 3 1 0 0 0 0 4 4 3 0 0 0 1 0 3 4 5 0 4 4 8 2 4 4 12
21110049 589 11 2 3 1 1 3 1 3 1 2 2 2 1 0 3 1 0 0 0 0 4 4 3 12 8 4 2 6 7 1 0 4 2 1 0 3 3 0 0
21110050 489 5 1 3 2 1 1 1 0 2 1 0 0 0 0 3 1 1 12 7 3 3 2 5 7 3 0 4 1 2 0 3 0 3
21110051 578 11 1 1 1 2 2 3 2 1 3 2 3 1 0 3 1 0 0 0 0 4 4 3 2 0 1 0 0 0 3 12 0 2 4 7 1 0 3 5
21110052 502 6 2 3 3 3 1 2 1 0 2 1 0 0 0 0 1 2 3 2 0 3 0 0 3 1 1 1 5 4 0 12 5 3 0
21110053 389 0 1 0 1 1 0 0 0 0 0 0 0 2 3 2 12 0 5 6 6 4 3 3 4 0 0 1 3
21110054 543 4 3 3 1 3 1 0 1 1 0 0 0 0 1 0 3 0 2 0 0 1 0 2 0 5 3 2 3 12 5 3 3
21110055 595 4 3 3 1 2 1 0 2 1 0 0 0 0 1 1 2 0 0 1 2 0 1 1 3 0 4 3 5 2 6 6 12
21110056 560 4 3 1 3 2 1 0 3 1 0 0 0 0 1 1 2 0 0 3 12 1 3 5 6 0 0 0 4 0 2 0 3
21110057 592 10 1 2 1 3 2 2 2 1 1 3 1 0 3 1 0 0 0 0 4 4 2 0 2 4 12 0 3 3 3 1 4 2 4 3 0 1 3
21110058 520 9 1 1 1 1 3 2 2 2 3 1 0 2 1 0 0 0 0 4 3 2 0 0 3 4 3 3 1 12 0 3 2 4 0 0 0 3
21110059 587 0 1 0 2 1 0 0 0 0 0 0 0 0 0 0 3 0 4 3 6 12 7 5 3 4 3 3 1
21110060 611 0 1 0 2 1 0 0 0 0 0 0 0 12 4 2 0 4 3 5 0 3 3 4 1 0 3 1 0
21110061 424 3 3 2 2 1 0 2 1 0 0 0 0 0 2 1 0 0 2 1 1 3 6 1 4 1 1 0 2 12 3 6
21110062 605 6 2 1 3 1 2 2 1 0 3 1 0 0 0 0 2 3 1 0 0 1 1 0 3 4 3 3 2 4 5 0 3 5 12
21110063 598 11 3 1 1 1 2 2 3 2 1 3 3 1 0 2 1 0 0 0 0 4 3 4 12 4 3 0 5 5 6 3 2 5 3 0 0 1 0 0
21110064 546 8 3 1 2 3 2 1 1 1 1 0 3 1 0 0 0 0 4 2 2 0 2 7 0 0 3 4 4 0 3 5 7 2 6 3 12
21110065 552 0 1 0 1 1 0 0 0 0 0 0 0 3 1 2 2 0 0 4 5 2 8 5 1 0 3 12 3
21110066 517 11 2 2 1 3 2 1 3 1 3 3 2 1 0 1 1 0 0 0 0 3 4 4 0 0 3 0 0 0 3 12 1 3 5 6 2 6 4 4
21110067 467 3 3 2 3 1 0 1 1 0 0 0 0 0 1 2 1 0 4 0 2 2 3 3 0 0 5 4 0 3 1 12
21110068 563 8 1 1 2 3 3 3 1 2 1 0 2 1 0 0 0 0 3 2 3 7 6 3 3 12 7 5 0 2 8 1 1 0 0 2 0
21110069 560 6 2 1 2 3 2 1 1 0 3 1 0 0 0 0 2 3 1 0 2 2 4 0 2 4 1 0 1 12 7 1 6 0 1
21110070 545 5 2 3 1 1 1 1 0 1 1 0 0 0 0 3 1 1 4 6 12 0 4 1 3 3 2 2 4 2 2 0 0 0
21110071 519 5 1 2 2 3 3 1 0 2 1 0 0 0 0 1 2 2 3 3 4 3 6 7 5 3 12 1 1 1 0 0 0 2
21110072 576 9 2 2 3 3 2 1 3 3 1 1 0 1 1 0 0 0 0 2 3 4 0 0 1 0 5 12 5 2 4 4 3 0 2 1 0 0
21110073 541 6 3 3 3 3 1 1 1 0 1 1 0 0 0 0 2 0 4 0 0 2 2 0 2 3 0 4 7 7 3 2 1 8 12
21110074 516 5 1 2 2 3 3 1 0 1 1 0 0 0 0 1 2 2 2 0 1 0 4 6 3 0 3 5 5 0 4 5 12 3
21110075 540 3 3 1 1 1 0 3 1 0 0 0 0 2 0 1 0 2 2 12 0 0 6 5 3 3 4 3 0 2 1 0
21110076 507 9 3 2 3 1 3 3 1 2 2 1 0 1 1 0 0 0 0 2 3 4 0 1 7 3 0 2 6 12 2 3 4 4 0 2 1 1
21110077 519 1 3 1 0 2 1 0 0 0 0 0 0 1 0 0 0 2 1 0 6 4 0 3 5 4 0 1 12 5
21110078 516 2 1 1 1 0 3 1 0 0 0 0 2 0 0 12 6 4 0 3 4 2 0 4 5 2 2 3 1 0 0
21110079 561 8 2 2 3 3 2 1 1 3 1 0 3 1 0 0 0 0 2 3 3 0 2 1 12 0 3 4 2 0 0 4 5 1 0 0 1
21110080 530 11 3 2 1 2 1 3 3 3 2 1 2 1 0 1 1 0 0 0 0 3 4 4 0 2 1 3 0 4 3 5 3 3 4 12 0 0 2 1
21110081 582 9 3 2 3 1 1 1 2 3 3 1 0 1 1 0 0 0 0 3 2 4 2 0 0 3 1 3 1 2 3 2 5 6 2 0 12 3
21110082 643 8 1 3 1 1 2 2 2 1 1 0 2 1 0 0 0 0 4 3 1 0 3 6 12 0 3 5 3 3 3 4 3 0 3 0 0
21110083 512 6 1 1 1 2 3 2 1 0 3 1 0 0 0 0 3 2 1 0 0 0 2 0 0 4 3 1 3 6 6 0 2 4 12
21110084 615 0 1 0 1 1 0 0 0 0 0 0 0 0 3 8 1 1 2 7 3 2 5 4 12 3 2 0 0
21110085 492 8 1 3 3 1 2 1 2 1 1 0 3 1 0 0 0 0 4 2 2 8 6 3 0 12 2 0 0 1 3 6 0 3 3 2 2
21110086 485 0 1 0 3 1 0 0 0 0 0 0 0 0 4 1 0 2 7 4 0 12 5 6 1 5 3 2 0
21110088 567 8 3 3 2 1 1 2 1 1 1 0 2 1 0 0 0 0 4 2 2 0 0 3 0 12 3 0 0 5 6 3 3 3 3 4 2
21110089 579 8 1 2 3 3 3 1 2 1 1 0 2 1 0 0 0 0 3 2 3 0 3 3 6 0 3 5 7 2 0 4 12 0 1 3 3
21110090 648 10 3 2 1 2 3 2 3 1 3 1 3 1 7 0.33333333333333331 8 0.33333333333333331 9 0.33333333333333331 3 3 4 3 3 12 7 1 4 7 0 4 3 4 0 3 0 0 2
21110091 537 1 3 1 0 3 1 0 0 0 0 0 0 1 12 4 3 2 4 6 3 0 0 2 1 0 0 0 1 0
21110092 510 11 3 2 2 3 1 2 1 2 3 1 1 1 0 3 1 0 0 0 0 4 4 3 0 3 3 0 8 3 2 3 0 1 4 3 3 12 6 3
21110093 554 6 3 1 3 2 1 1 1 0 2 1 0 0 0 0 3 1 2 2 1 12 2 2 5 4 3 0 3 4 3 0 0 1 0
21110094 565 1 3 1 0 1 1 0 0 0 0 0 0 1 0 1 0 0 0 0 2 4 0 3 5 12 3 2 5 3
21110095 521 11 1 2 1 2 2 3 1 3 3 3 1 1 0 2 1 0 0 0 0 4 3 4 0 3 3 12 1 4 6 4 3 0 1 3 0 0 2 2
21110097 596 8 3 1 1 2 3 2 2 3 1 0 1 1 0 0 0 0 2 3 3 2 3 0 0 0 1 0 3 1 3 3 6 0 2 4 12
21110098 607 2 3 3 1 0 1 1 0 0 0 0 0 0 2 0 3 2 0 0 1 4 12 0 2 3 2 1 5 6 3
21110099 485 11 3 1 3 3 1 1 2 3 2 2 1 1 0 2 1 0 0 0 0 4 3 4 0 1 5 3 2 4 4 3 1 5 2 7 0 3 12 3
21110100 549 5 2 2 3 1 2 1 0 3 1 0 0 0 0 1 3 1 1 4 0 4 0 4 3 6 0 3 3 12 0 1 0 0
21110101 549 9 1 3 2 3 2 3 1 3 2 1 0 2 1 0 0 0 0 2 3 4 1 2 6 0 0 8 1 4 3 2 5 7 1 3 1 12
21110102 456 2 2 2 1 0 1 1 0 0 0 0 0 2 0 2 1 0 0 3 3 3 1 0 6 3 4 3 3 12 3
21110103 552 8 2 3 2 3 2 1 3 3 1 0 1 1 0 0 0 0 1 3 4 1 1 3 2 0 0 6 4 0 4 5 4 0 2 1 12
21110104 552 10 2 3 3 1 1 3 3 2 2 1 1 0 1 1 0 0 0 0 3 3 4 3 4 1 2 3 5 2 3 1 6 4 3 12 0 2 0
21110105 583 7 2 2 1 1 3 1 3 1 0 2 1 0 0 0 0 3 2 2 0 0 4 12 2 3 5 4 1 0 3 4 0 0 3 3
21110106 551 11 2 1 1 2 2 2 3 1 3 3 1 1 0 3 1 0 0 0 0 4 4 3 1 0 0 1 0 12 2 4 0 2 5 2 0 3 6 1
21110107 547 6 1 1 1 3 2 3 1 0 2 1 0 0 0 0 3 1 2 2 3 3 4 12 6 4 3 1 5 3 3 0 3 2 0
21110108 499 11 3 1 3 3 2 1 1 1 2 2 3 3 1 7 0.33333333333333331 8 0.33333333333333331 9 0.33333333333333331 4 3 4 12 3 2 2 4 5 0 0 4 7 4 0 1 0 4 0
21110109 542 9 2 2 1 3 2 3 1 2 1 1 0 3 1 0 0 0 0 3 4 2 0 12 6 3 1 7 5 3 0 4 3 3 0 0 3 0
21110110 509 11 3 2 1 3 3 2 1 2 2 1 3 3 1 5 0.33333333333333331 6 0.33333333333333331 7 0.33333333333333331 3 4 4 0 4 1 3 0 0 12 2 2 4 1 3 0 0 1 0
21110111 514 9 1 3 2 3 1 3 2 2 1 1 0 3 1 0 0 0 0 3 3 3 2 1 3 4 0 1 3 12 0 2 6 4 0 0 3 5
21110112 540 5 3 3 1 2 1 1 0 3 1 0 0 0 0 2 1 2 12 3 4 2 2 3 5 3 4 1 1 2 0 1 3 2
21110113 560 3 2 1 2 1 0 1 1 0 0 0 0 1 2 0 0 1 0 0 0 2 3 0 3 4 4 0 12 6 1 2
21110114 457 3 3 2 1 1 0 1 1 0 0 0 0 1 1 1 1 0 0 0 3 2 3 0 6 5 5 0 12 5 4 2
21110115 513 7 3 3 1 2 3 1 2 1 0 2 1 0 0 0 0 2 2 3 0 0 1 0 3 2 3 0 4 5 2 1 5 12 1 0
21110116 619 0 1 0 1 1 0 0 0 0 0 0 0 12 2 3 0 7 5 5 3 3 3 4 1 2 0 0 0
21110117 496 6 3 3 1 3 1 3 1 0 2 1 0 0 0 0 2 0 4 1 4 3 3 12 2 5 0 4 6 0 0 0 3 0 2
21110118 555 9 2 2 1 1 1 1 2 3 2 1 0 3 1 0 0 0 0 4 4 1 0 1 2 3 3 3 4 3 12 6 3 0 4 3 2 1
21110119 631 10 1 3 1 1 3 2 2 3 1 2 3 1 5 0.33333333333333331 6 0.33333333333333331 7 0.33333333333333331 4 3 3 3 1 0 0 2 3 2 3 0 6 4 12 0 3 7 8
21110120 546 7 1 2 1 1 3 1 3 1 0 2 1 0 0 0 0 4 1 2 5 2 3 0 5 6 4 0 12 4 3 0 3 0 2 3
21110121 481 7 2 1 1 2 1 2 3 1 0 3 1 0 0 0 0 3 3 1 1 2 0 0 3 4 3 0 0 6 5 0 3 3 12 7
21110122 590 9 3 2 1 2 1 2 2 3 1 1 0 1 1 0 0 0 0 3 4 2 0 5 5 2 0 1 12 3 0 0 0 3 3 3 0 3
21110123 550 0 1 0 2 1 0 0 0 0 0 0 0 0 0 1 1 0 0 3 4 2 0 5 5 0 2 1 12
21110124 562 7 2 3 3 1 2 2 1 1 0 3 1 0 0 0 0 2 3 2 3 3 0 3 4 12 0 0 5 6 4 1 1 5 4 2
21110125 545 8 3 2 2 1 3 1 2 2 1 0 1 1 0 0 0 0 2 4 2 0 12 6 3 3 5 4 2 1 7 4 3 0 0 4 1
21110126 487 7 1 3 2 3 3 3 2 1 0 2 1 0 0 0 0 1 2 4 2 1 1 12 1 4 6 2 0 4 1 2 0 0 1 0
21110129 652 6 3 1 2 2 3 1 1 0 3 1 0 0 0 0 2 2 2 0 0 1 2 0 4 3 5 1 3 5 5 0 3 2 12
21110130 535 11 1 1 2 3 3 2 3 2 3 1 1 1 0 2 1 0 0 0 0 4 3 4 1 3 0 0 4 2 0 0 4 6 2 0 12 1 2 1
21110131 584 2 2 2 1 0 3 1 0 0 0 0 0 2 0 0 1 0 0 6 0 3 0 3 12 3 0 1 2 3 1
21110132 542 5 1 3 3 2 3 1 0 1 1 0 0 0 0 1 1 3 1 2 12 0 3 5 3 3 2 6 2 3 3 0 0 1
21110133 477 4 1 3 3 3 1 0 2 1 0 0 0 0 1 0 3 0 1 2 0 1 6 2 3 4 12 1 3 2 4 3 4
21110134 524 6 1 3 2 2 3 1 1 0 2 1 0 0 0 0 2 2 2 3 0 0 0 4 3 0 3 5 5 1 0 12 3 3 0
21110136 635 5 2 3 3 2 2 1 0 3 1 0 0 0 0 0 3 2 12 4 3 0 8 6 3 1 5 4 0 0 4 1 0 1
21110137 579 10 3 2 1 2 1 3 2 2 3 1 1 0 1 1 0 0 0 0 3 4 3 2 0 0 0 3 1 4 0 2 5 4 1 12 1 2 3
21110138 521 7 3 1 1 3 1 2 1 1 0 3 1 0 0 0 0 4 1 2 0 2 0 0 2 0 2 8 3 7 4 6 12 7 7 4
21110139 544 3 1 2 1 1 0 3 1 0 0 0 0 2 1 0 2 0 0 0 0 1 1 3 2 6 6 4 0 2 4 12
21110140 619 2 3 3 3 1 5 0.33333333333333331 6 0.33333333333333331 7 0.33333333333333331 0 0 2 0 0 1 3 0 2 3 4 3 2 5 3 1 0 4 12
21110141 546 5 3 2 2 1 2 1 0 1 1 0 0 0 0 1 3 1 2 3 0 0 4 4 5 2 1 6 4 3 12 1 1 0
21110142 533 7 2 3 1 3 2 3 3 1 0 1 1 0 0 0 0 1 2 4 0 12 7 4 0 5 4 1 1 3 3 2 2 0 0 0
21110143 619 2 2 1 1 0 1 1 0 0 0 0 1 1 0 3 7 12 3 7 4 3 0 3 3 0 0 2 0 0 3
21110144 557 0 1 0 2 1 0 0 0 0 0 0 0 1 0 1 3 0 1 2 5 2 4 3 5 0 0 3 12
21110145 575 3 3 2 3 1 0 2 1 0 0 0 0 0 1 2 0 1 4 1 3 3 3 6 0 12 4 5 1 0 2 0
21110146 618 11 3 2 3 2 3 1 1 1 2 2 3 1 0 1 1 0 0 0 0 3 4 4 0 1 3 3 2 1 5 12 0 4 4 4 0 3 3 2
21110147 576 4 3 2 3 1 1 0 3 1 0 0 0 0 1 1 2 1 4 5 12 2 3 7 6 0 0 1 3 0 0 2 0
21110149 547 5 1 3 2 2 1 1 0 2 1 0 0 0 0 2 2 1 0 3 0 0 3 4 2 0 4 5 1 0 1 12 8 3
21110150 567 8 2 3 1 2 3 2 3 1 1 0 1 1 0 0 0 0 2 3 3 1 2 3 0 5 3 2 0 12 3 4 1 2 3 1 3
21110151 573 2 3 2 1 0 2 1 0 0 0 0 0 1 1 1 4 12 3 2 5 7 1 0 4 3 4 0 1 0 0
21110152 588 6 2 3 1 3 3 2 1 0 1 1 0 0 0 0 1 2 3 12 7 7 2 1 5 5 7 0 4 3 1 2 0 0 0
21110153 522 8 3 1 1 2 2 3 2 3 1 0 2 1 0 0 0 0 2 3 3 0 1 0 0 0 2 3 1 1 5 4 4 1 2 5 12
21110154 497 9 2 2 1 2 1 3 3 3 1 1 0 3 1 0 0 0 0 3 3 3 2 0 0 0 3 1 4 0 3 7 3 1 4 12 0 2
21110156 579 0 1 0 2 1 0 0 0 0 0 0 0 2 5 12 0 4 3 5 1 3 0 0 6 1 0 0 0
21110157 533 8 2 3 3 1 2 3 1 1 1 0 2 1 0 0 0 0 3 2 3 0 2 0 0 0 0 1 3 3 5 4 4 0 3 6 12
21110158 566 0 1 0 1 1 0 0 0 0 0 0 0 1 0 4 2 0 0 6 5 0 6 12 5 0 2 3 3
21110159 508 10 1 2 3 3 1 2 1 2 3 1 1 0 2 1 0 0 0 0 4 3 3 0 3 3 0 0 2 0 0 3 5 3 3 2 1 1 12
21110160 557 1 3 1 0 1 1 0 0 0 0 0 0 1 2 1 3 0 2 3 7 0 2 5 3 12 1 1 2 4
21110161 607 5 1 1 2 3 3 1 0 2 1 0 0 0 0 2 1 2 3 4 6 2 0 12 1 0 4 0 3 0 1 0 2 0
21110162 514 8 3 3 2 1 3 3 1 2 1 0 2 1 0 0 0 0 2 2 4 0 0 3 2 0 4 6 1 2 4 3 7 1 12 1 3
21110163 532 7 2 1 1 3 2 3 2 1 0 1 1 0 0 0 0 2 3 2 0 0 3 0 5 3 12 0 3 3 5 2 3 3 1 0
21110164 577 1 1 1 0 2 1 0 0 0 0 1 0 0 1 4 3 2 12 5 4 3 3 1 0 0 2 7 0 0
21110165 524 4 2 1 3 2 1 0 2 1 0 0 0 0 1 2 1 3 1 3 3 1 0 3 12 1 5 2 4 3 0 0 0
21110166 526 10 2 2 1 2 3 3 3 2 1 1 1 0 3 1 0 0 0 0 3 4 3 12 5 3 0 3 5 2 0 6 0 0 0 1 3 0 1
21110167 564 1 2 1 0 1 1 0 0 0 0 0 1 0 0 2 1 1 0 3 4 5 3 6 3 6 2 3 12 3
21110168 545 6 3 2 3 2 1 2 1 0 2 1 0 0 0 0 1 3 2 2 1 0 0 3 5 3 1 1 12 0 0 1 5 0 3
21110169 546 8 2 1 2 3 3 1 2 3 1 0 3 1 0 0 0 0 2 3 3 1 5 4 2 3 4 2 0 3 1 12 0 1 2 0 1
21110170 584 5 1 1 2 2 3 1 0 1 1 0 0 0 0 2 2 1 4 0 1 0 4 5 3 0 2 3 12 3 0 0 0 2
21110171 577 0 1 0 3 1 0 0 0 0 0 0 0 5 2 0 0 5 3 1 0 12 2 7 0 0 0 8 1
21110172 594 5 2 1 1 2 3 1 0 3 1 0 0 0 0 2 2 1 0 0 1 0 1 2 0 2 12 5 3 0 8 6 3 4
21110173 570 4 1 2 2 3 1 0 3 1 0 0 0 0 1 2 1 0 0 0 1 12 6 2 0 4 4 5 4 1 3 3 3
21110174 525 0 1 0 1 1 0 0 0 0 0 0 0 0 4 7 12 2 0 5 1 0 3 2 5 0 1 0 2
21110175 547 11 3 1 3 3 2 1 2 1 3 2 2 1 0 1 1 0 0 0 0 3 4 4 0 0 0 3 3 4 3 4 1 4 5 8 2 4 5 12
21110176 601 10 1 3 2 3 2 3 3 1 1 1 1 0 2 1 0 0 0 0 4 2 4 12 7 3 2 3 4 4 0 3 3 5 0 2 1 3 0
21110177 595 5 2 1 3 2 1 1 0 3 1 0 0 0 0 2 2 1 5 2 1 12 0 4 8 3 6 3 4 1 0 0 0 2
21110178 575 1 2 1 0 1 1 0 0 0 0 0 1 0 0 0 0 1 0 3 4 12 2 5 4 5 3 2 1 3
21110179 605 0 1 0 3 1 0 0 0 0 0 0 0 0 0 0 3 0 0 4 3 0 3 5 9 2 1 3 12
21110180 555 10 2 3 3 1 3 2 1 3 2 1 1 0 2 1 0 0 0 0 3 3 4 3 0 1 0 1 7 2 0 4 5 2 0 4 12 3 1
21110181 513 10 2 3 2 3 1 1 3 3 1 2 1 0 1 1 0 0 0 0 3 3 4 0 3 2 12 0 6 1 3 2 0 6 4 0 1 0 2
21110182 565 3 2 3 3 1 0 2 1 0 0 0 0 0 1 2 3 3 0 0 1 1 3 5 3 7 4 3 12 8 2 1
21110183 535 1 2 1 0 1 1 0 0 0 0 0 1 0 12 4 3 0 7 5 3 2 4 3 0 0 1 0 0 3
21110185 564 6 3 2 1 2 1 2 1 0 3 1 0 0 0 0 2 3 1 0 1 3 3 3 3 4 0 5 4 3 0 12 3 2 1
21110186 596 3 3 2 1 1 0 3 1 0 0 0 0 1 1 1 0 5 0 1 0 1 2 12 2 6 6 7 3 3 1 2
21110187 517 3 3 2 3 3 1 5 0.33333333333333331 6 0.33333333333333331 7 0.33333333333333331 0 1 2 2 4 3 0 0 5 5 1 1 7 5 3 0 12 6 4
21110188 497 8 2 1 2 1 1 3 2 3 1 0 3 1 0 0 0 0 3 3 2 12 4 8 0 3 1 4 0 3 4 0 0 2 0 2 1
21110189 517 8 1 1 2 2 2 3 1 3 1 0 3 1 0 0 0 0 3 3 2 0 1 4 12 0 3 5 2 0 0 5 5 2 0 1 3
21110190 515 6 2 1 2 3 2 3 1 0 1 1 0 0 0 0 1 3 2 12 7 2 0 2 4 5 0 0 1 0 1 0 1 3 0
21110191 478 7 2 1 3 2 1 1 3 1 0 2 1 0 0 0 0 3 2 2 0 6 12 4 0 3 6 4 0 0 3 5 2 0 1 0
21110192 514 4 3 2 2 2 1 0 2 1 0 0 0 0 0 3 1 1 5 12 0 5 4 2 0 1 1 5 1 0 0 1 0
21110193 598 3 2 3 2 1 0 1 1 0 0 0 0 0 2 1 0 0 3 1 3 0 5 2 2 3 4 6 0 1 1 12
21110194 531 3 1 3 2 1 0 1 1 0 0 0 0 1 1 1 5 12 8 0 4 6 2 3 3 0 0 0 0 0 2 1
21110195 531 8 3 2 1 3 3 1 1 1 1 0 3 1 0 0 0 0 4 1 3 0 3 4 7 2 1 3 12 0 0 3 2 0 0 2 2
21110196 577 0 1 0 3 1 0 0 0 0 0 0 0 0 3 2 2 2 1 5 1 4 5 3 3 12 3 1 0
21110197 520 8 1 1 2 3 3 1 2 3 1 0 2 1 0 0 0 0 3 2 3 1 0 0 3 0 0 0 2 3 0 3 3 2 12 6 1
21110198 471 3 2 1 3 1 0 2 1 0 0 0 0 1 1 1 12 6 4 0 3 6 1 0 3 2 0 0 3 3 0 1
21110199 569 7 3 1 3 2 2 2 1 1 0 1 1 0 0 0 0 2 3 2 0 1 0 0 0 3 2 6 3 1 4 8 2 3 5 12
21110200 551 4 3 2 2 2 1 0 1 1 0 0 0 0 0 3 1 1 3 0 0 0 4 4 1 4 7 6 0 4 3 12 0
21110201 558 7 1 2 1 2 2 3 3 1 0 1 1 0 0 0 0 2 3 2 0 0 0 3 3 4 1 3 0 3 4 2 3 3 4 12
21110202 580 7 2 1 2 3 3 3 2 1 0 3 1 0 0 0 0 1 3 3 0 0 1 1 1 0 0 3 0 2 5 4 0 3 5 12
21110203 521 9 2 3 1 1 1 1 3 2 2 1 0 3 1 0 0 0 0 4 3 2 0 2 3 12 0 0 3 6 2 3 5 5 0 4 1 3
21110204 551 5 3 1 1 2 3 3 1 5 0.33333333333333331 6 0.33333333333333331 7 0.33333333333333331 2 1 2 0 0 2 1 1 3 3 0 2 6 4 3 5 12 3 2
21110205 530 10 2 3 2 2 3 1 2 1 3 3 1 0 1 1 0 0 0 0 2 4 4 0 1 2 0 0 12 5 0 4 6 1 0 4 5 1 2
21110206 621 4 3 2 3 2 1 0 1 1 0 0 0 0 0 2 2 2 7 8 12 0 5 3 3 4 1 5 3 0 0 0 1
21110207 538 8 2 3 1 3 3 3 2 2 3 1 7 0.33333333333333331 8 0.33333333333333331 9 0.33333333333333331 1 3 4 2 0 0 1 0 0 12 3 0 5 5 2 1 1 1 4
21110209 532 8 2 3 2 3 1 1 3 3 1 0 1 1 0 0 0 0 2 2 4 2 3 12 3 0 7 3 1 0 4 2 2 0 0 0 1
21110210 508 11 3 3 2 1 3 3 2 1 2 2 1 1 0 1 1 0 0 0 0 3 4 4 1 5 3 3 2 3 4 12 0 3 6 4 0 1 2 0
21110211 503 7 1 1 3 3 3 2 1 1 0 2 1 0 0 0 0 3 1 3 3 2 1 0 4 2 2 0 7 6 4 3 3 12 1 3
21110212 500 10 3 2 1 2 2 1 2 1 3 1 1 0 3 1 0 0 0 0 4 4 2 3 0 0 0 1 3 1 0 2 6 5 2 12 6 4 3
21110213 583 8 3 1 2 1 1 2 3 3 1 0 1 1 0 0 0 0 3 2 3 0 2 0 0 0 2 3 0 0 1 6 5 2 12 3 4
21110214 532 1 3 1 0 3 1 0 0 0 0 0 0 1 1 5 3 2 5 5 0 0 12 3 5 0 0 0 3 0
21110215 619 1 2 1 0 3 1 0 0 0 0 0 1 0 12 1 3 1 4 6 0 0 2 4 5 3 0 2 1 0
21110216 531 11 1 3 2 3 1 2 1 1 2 2 3 1 0 3 1 0 0 0 0 4 4 3 1 0 0 0 4 2 0 3 4 5 4 3 12 5 3 0
21110217 523 7 2 3 1 1 2 3 3 1 0 1 1 0 0 0 0 2 2 3 1 2 5 2 1 2 3 3 3 12 3 5 0 5 0 0
21110218 551 3 3 3 1 1 0 2 1 0 0 0 0 1 0 2 0 0 0 2 1 3 1 0 3 4 5 3 12 4 2 0
21110219 542 10 1 1 3 2 2 3 2 3 1 2 1 0 1 1 0 0 0 0 3 4 3 4 7 12 3 2 4 4 0 0 1 2 0 0 1 0 0
21110220 592 0 1 0 1 1 0 0 0 0 0 0 0 12 1 5 3 2 6 2 0 3 1 3 0 0 0 0 2
21110222 539 5 3 3 1 3 2 1 0 2 1 0 0 0 0 1 1 3 1 12 5 3 0 2 3 1 0 3 4 2 0 0 0 1
21110223 510 10 3 3 2 1 3 1 2 1 2 2 1 0 1 1 0 0 0 0 3 4 3 3 0 1 0 6 4 2 0 7 6 3 3 12 3 4 0
21110224 552 2 2 3 1 0 2 1 0 0 0 0 0 1 1 0 0 3 3 0 0 6 3 1 3 6 2 1 4 1 12
21110225 525 5 2 3 1 1 2 1 0 3 1 0 0 0 0 2 2 1 0 0 2 1 12 1 3 0 3 4 2 2 5 3 1 0
21110226 546 6 1 2 1 3 2 3 1 0 1 1 0 0 0 0 2 2 2 0 3 3 12 0 1 4 7 2 2 6 4 0 3 0 3
21110227 477 8 2 1 1 2 3 2 2 3 1 0 1 1 0 0 0 0 2 4 2 1 1 0 0 0 5 2 3 4 4 4 0 4 5 12 0
21110228 509 1 1 1 0 2 1 0 0 0 0 1 0 0 2 0 0 0 0 0 1 12 3 6 6 5 4 1 8 2
21110229 572 4 1 2 1 1 1 0 3 1 0 0 0 0 3 1 0 4 3 0 1 6 4 2 0 12 2 2 3 0 4 3 0
21110230 577 0 1 0 1 1 0 0 0 0 0 0 0 2 0 0 0 5 0 2 1 0 0 4 3 3 6 8 12
21110231 536 6 3 1 1 1 2 3 1 0 2 1 0 0 0 0 3 1 2 3 7 6 12 0 3 4 1 0 2 4 4 0 0 0 2
21110232 580 9 1 2 3 1 3 3 1 1 3 1 0 2 1 0 0 0 0 4 1 4 2 2 3 3 1 3 4 2 0 0 2 12 0 1 4 3
21110233 559 6 2 1 3 1 2 3 1 0 3 1 0 0 0 0 2 2 2 12 2 1 0 6 6 4 0 4 4 1 3 0 0 2 0
21110234 591 3 1 3 1 1 0 3 1 0 0 0 0 2 0 1 2 0 0 0 0 4 3 0 3 3 3 4 0 12 5 2
21110235 524 3 2 3 3 1 0 2 1 0 0 0 0 0 1 2 12 3 1 1 4 7 2 0 3 1 1 0 2 0 0 0
21110236 516 6 3 1 3 3 2 1 1 0 2 1 0 0 0 0 2 1 3 2 1 8 12 0 4 6 4 0 0 5 2 0 0 3 1
21110237 555 5 1 2 2 1 3 1 0 1 1 0 0 0 0 2 2 1 3 2 0 2 5 5 5 1 12 3 0 0 0 0 3 0
21110238 546 7 2 2 3 1 3 2 1 1 0 2 1 0 0 0 0 2 3 2 1 3 6 12 3 4 5 6 0 3 3 4 0 1 0 0
21110239 560 3 1 2 2 1 0 2 1 0 0 0 0 1 2 0 3 1 3 0 1 5 4 3 3 3 2 0 1 3 12 0
21110240 526 11 1 2 3 1 2 1 3 1 3 3 2 1 0 2 1 0 0 0 0 4 3 4 2 1 0 0 3 1 2 2 3 4 4 5 2 1 12 1
21110241 498 9 3 1 3 2 1 1 2 2 1 1 0 3 1 0 0 0 0 4 3 2 0 0 0 2 0 0 1 12 3 4 5 7 3 2 4 4
21110242 604 7 3 1 1 2 1 2 3 1 0 2 1 0 0 0 0 3 2 2 0 0 3 2 0 1 6 12 8 5 4 4 1 3 2 3
21110243 567 11 1 2 1 3 3 2 1 3 2 2 3 1 0 1 1 0 0 0 0 3 4 4 0 1 0 0 2 2 12 0 1 2 5 7 3 6 1 0
21110244 592 2 3 3 1 0 2 1 0 0 0 0 0 0 2 0 0 1 2 2 3 6 4 0 1 6 1 0 5 6 12
21110245 492 6 2 1 3 3 3 3 1 0 1 1 0 0 0 0 1 1 4 2 1 3 0 6 12 0 4 4 4 0 0 0 0 0 2
21110246 510 8 3 1 3 1 3 1 3 2 1 0 2 1 0 0 0 0 3 1 4 2 0 4 4 1 3 5 6 0 0 3 12 0 0 0 2
21110247 484 11 3 3 2 3 2 1 1 3 2 1 1 1 0 2 1 0 0 0 0 4 3 4 0 0 3 3 0 0 2 4 1 3 4 5 1 2 3 12
21110248 547 10 3 3 2 1 3 1 1 2 2 1 1 0 3 1 0 0 0 0 4 3 3 3 5 1 12 1 4 6 4 0 0 2 2 0 2 3 0
21110249 510 11 3 2 1 2 3 1 1 3 1 3 2 1 0 2 1 0 0 0 0 4 3 4 3 3 2 0 3 4 12 0 4 4 1 3 1 2 0 0
21110250 530 4 1 3 2 2 1 0 3 1 0 0 0 0 1 2 1 8 12 5 2 4 5 3 0 3 6 3 1 1 0 0 0
21110251 572 11 1 1 2 1 2 3 2 3 2 3 1 1 0 3 1 0 0 0 0 4 4 3 3 2 0 0 0 12 3 1 0 3 6 2 4 3 7 1
21110252 591 4 2 2 1 3 1 0 2 1 0 0 0 0 1 2 1 0 0 0 3 3 1 1 3 0 1 7 8 0 12 6 2
21110253 587 6 3 3 3 1 1 2 1 0 2 1 0 0 0 0 2 1 3 0 4 5 12 3 4 3 5 0 0 3 1 3 0 0 2
21110254 538 4 3 2 2 2 1 0 1 1 0 0 0 0 0 3 1 12 4 1 0 6 0 0 0 3 4 1 0 0 2 0 1
21110255 647 5 3 3 1 1 2 1 0 1 1 0 0 0 0 2 1 2 3 1 5 12 0 2 4 2 0 0 4 5 0 0 2 3
21110256 541 6 1 1 1 3 3 3 1 0 1 1 0 0 0 0 3 0 3 4 7 12 2 7 6 3 0 2 2 1 0 2 3 2 0
21110257 523 6 2 3 1 3 2 1 1 0 2 1 0 0 0 0 2 2 2 3 2 3 0 2 5 1 0 1 5 4 0 12 4 1 3
21110258 579 1 1 1 0 2 1 0 0 0 0 1 0 0 1 1 0 2 3 6 0 0 7 6 2 0 12 3 3 0
21110259 538 1 1 1 0 2 1 0 0 0 0 1 0 0 0 2 0 0 3 1 1 12 0 4 5 3 0 2 3 8
21110260 579 8 2 2 3 1 3 1 1 1 1 0 2 1 0 0 0 0 4 2 2 0 4 3 12 3 5 7 3 3 0 1 2 0 0 2 3
21110261 533 9 2 2 2 3 3 2 1 3 1 3 1 4 0.33333333333333331 5 0.33333333333333331 6 0.33333333333333331 2 4 3 0 0 2 3 0 1 5 1 0 3 5 1 1 12 2 3
21110262 638 7 2 1 1 3 1 2 1 1 0 3 1 0 0 0 0 4 2 1 2 0 0 0 0 0 0 3 0 3 5 12 2 4 3 3
21110263 517 6 1 3 3 2 1 1 1 0 2 1 0 0 0 0 3 1 2 0 1 4 3 0 12 4 3 2 3 6 4 0 3 0 2
21110264 500 0 1 0 2 1 0 0 0 0 0 0 0 0 0 3 0 3 4 1 1 6 3 3 2 12 6 4 0
21110265 533 4 2 1 3 2 1 0 3 1 0 0 0 0 1 2 1 6 2 0 0 12 5 0 1 1 0 1 0 0 0 2 0
21110266 565 11 3 2 3 2 3 3 2 2 1 1 1 1 0 1 1 0 0 0 0 3 4 4 0 3 2 0 12 6 1 2 8 5 5 0 5 3 1 0
21110267 544 10 2 3 2 3 3 3 1 2 2 1 1 0 1 1 0 0 0 0 2 4 4 2 12 7 3 1 4 7 5 4 1 3 4 0 1 0 2
21110268 551 5 2 1 1 3 3 1 0 1 1 0 0 0 0 2 1 2 2 1 3 12 0 3 4 4 0 2 4 5 0 0 6 2
21110269 528 7 3 2 2 3 1 1 3 1 0 1 1 0 0 0 0 2 2 3 0 0 2 0 0 0 1 0 3 12 0 0 5 5 4 2
21110270 504 7 3 3 2 1 3 1 3 1 0 2 1 0 0 0 0 2 1 4 12 3 1 2 3 5 4 0 1 0 5 0 0 2 0 0
21110271 619 11 1 2 3 2 2 3 1 3 1 2 3 1 0 1 1 0 0 0 0 3 4 4 6 0 0 1 1 2 4 2 3 12 2 0 4 1 0 0
21110272 560 6 2 1 2 3 1 2 1 0 2 1 0 0 0 0 2 3 1 0 3 7 4 2 3 4 9 0 12 1 5 1 1 3 3
21110273 568 1 1 1 0 3 1 0 0 0 0 1 0 0 12 1 3 0 8 5 2 0 6 5 6 3 3 2 0 0
21110274 592 11 1 3 3 1 2 2 1 3 1 2 3 1 0 2 1 0 0 0 0 4 3 4 3 0 0 1 0 0 2 2 0 1 5 4 0 3 12 8
21110275 601 1 3 1 0 1 1 0 0 0 0 0 0 1 0 1 0 0 3 3 2 0 2 4 5 3 3 4 12 3
21110277 569 9 2 1 2 3 1 3 2 3 3 1 0 1 1 0 0 0 0 2 3 4 1 1 0 0 2 1 4 2 0 5 3 4 3 2 6 12
21110278 537 5 1 2 2 1 1 1 0 1 1 0 0 0 0 3 2 0 3 0 0 0 3 0 3 0 0 3 5 2 0 2 7 12
21110279 557 5 1 2 3 3 2 1 0 2 1 0 0 0 0 1 2 2 12 5 3 0 3 5 4 0 4 3 1 3 0 1 3 0
21110280 502 6 1 1 1 3 2 1 1 0 3 1 0 0 0 0 4 1 1 0 3 3 0 6 4 5 2 2 3 3 0 12 8 4 2
21110281 485 1 2 1 0 1 1 0 0 0 0 0 1 0 3 6 8 12 1 2 5 5 0 0 0 2 1 0 0 0
21110282 616 9 2 3 1 1 3 2 1 2 3 1 0 1 1 0 0 0 0 3 3 3 0 3 0 2 0 5 0 3 0 7 5 4 8 12 6 3
21110283 522 11 1 2 3 1 3 2 2 1 3 3 2 1 0 1 1 0 0 0 0 3 4 4 0 12 7 4 2 5 4 3 1 6 8 3 0 0 0 3
21110284 478 5 1 3 2 1 2 1 0 3 1 0 0 0 0 2 2 1 3 3 0 0 1 4 2 0 4 5 6 2 4 4 12 1
21110285 548 3 1 3 3 1 0 1 1 0 0 0 0 1 0 2 2 1 0 0 0 1 0 2 2 6 3 2 12 4 3 0
21110286 584 10 1 1 2 2 3 1 3 3 1 2 1 0 3 1 0 0 0 0 4 3 3 4 4 12 5 3 3 3 0 0 3 4 0 2 0 0 0
21110287 584 4 1 3 1 1 1 0 2 1 0 0 0 0 3 0 1 3 3 0 0 12 5 3 0 4 4 6 2 5 2 0 3
21110288 540 4 3 2 3 1 1 0 3 1 0 0 0 0 1 1 2 0 4 3 2 0 1 5 12 7 4 4 6 5 2 1 3
21110289 573 7 2 1 2 2 3 3 2 1 0 3 1 0 0 0 0 1 4 2 5 3 3 0 3 5 6 1 12 3 1 3 0 0 1 0
21110290 555 9 2 1 3 3 2 2 1 1 1 1 0 3 1 0 0 0 0 4 3 2 0 0 0 4 2 3 5 3 0 4 6 3 5 5 7 12
21110291 486 8 1 3 1 1 2 1 2 2 1 0 3 1 0 0 0 0 4 3 1 0 2 0 0 0 3 3 4 0 4 3 5 3 0 12 6
21110292 528 5 1 2 2 3 1 1 0 1 1 0 0 0 0 2 2 1 3 0 4 0 6 3 2 0 3 2 4 5 12 3 3 1
21110293 514 0 1 0 3 1 0 0 0 0 0 0 0 0 3 3 12 1 1 6 7 0 1 6 2 2 0 2 0
21110294 562 9 2 2 3 1 1 3 1 3 1 1 0 2 1 0 0 0 0 4 2 3 0 0 2 0 0 2 5 1 4 1 6 2 3 3 3 12
21110295 543 1 3 1 0 2 1 0 0 0 0 0 0 1 3 5 12 0 3 4 4 2 1 4 3 1 3 0 3 0
21110296 576 2 1 2 1 0 2 1 0 0 0 0 1 1 0 0 0 2 0 1 1 3 0 4 7 4 0 12 4 7 6
21110297 525 3 3 3 1 1 0 3 1 0 0 0 0 1 0 2 1 2 1 0 0 0 1 2 0 3 7 2 0 2 5 12
21110298 518 10 3 2 3 1 1 2 2 1 1 2 1 0 3 1 0 0 0 0 4 4 2 3 0 0 0 12 4 2 0 5 5 4 7 3 3 3 1
21110299 452 0 1 0 3 1 0 0 0 0 0 0 0 0 3 0 2 1 7 1 12 0 4 5 6 1 2 3 2
21110300 598 3 3 2 1 1 0 3 1 0 0 0 0 1 1 1 2 6 5 12 0 1 5 2 0 3 2 3 0 1 1 0
21110301 530 9 2 3 1 3 2 1 1 3 2 1 0 2 1 0 0 0 0 3 3 3 12 5 5 0 6 4 3 0 2 1 0 3 0 0 0 1
21110302 567 0 1 0 3 1 0 0 0 0 0 0 0 3 0 3 0 2 7 3 1 5 4 6 2 12 4 1 0
21110303 567 0 1 0 1 1 0 0 0 0 0 0 0 3 12 0 0 2 2 3 0 6 4 3 0 7 3 0 1
21110304 464 2 2 2 1 0 1 1 0 0 0 0 0 2 0 3 6 0 0 4 5 3 1 3 6 7 0 3 4 12 0
21110305 541 9 2 2 3 2 2 3 1 1 1 3 1 7 0.33333333333333331 8 0.33333333333333331 9 0.33333333333333331 3 4 2 1 0 0 0 6 3 3 3 4 5 0 0 12 6 3 0
21110306 468 1 2 1 0 3 1 0 0 0 0 0 1 0 3 1 4 1 2 5 5 2 12 6 2 0 0 1 0 1
21110307 468 6 2 1 3 3 2 1 1 0 1 1 0 0 0 0 2 2 2 0 2 0 0 0 1 0 3 2 3 6 3 3 4 6 12
21110308 602 11 2 3 3 2 1 2 2 3 1 3 1 1 0 1 1 0 0 0 0 3 4 4 1 0 3 0 0 12 4 1 3 7 5 2 0 5 5 2
21110309 577 3 2 2 3 1 0 1 1 0 0 0 0 0 2 1 0 0 2 0 1 4 12 1 0 0 3 4 0 3 4 7
21110310 518 9 1 2 1 1 3 3 2 3 2 1 0 1 1 0 0 0 0 3 3 3 3 3 0 0 4 5 1 0 7 6 3 0 12 3 2 2
21110311 548 6 1 3 2 2 2 1 1 0 2 1 0 0 0 0 2 3 1 0 0 3 1 3 3 3 3 0 5 12 1 0 3 5 3
21110312 530 3 3 3 2 1 0 1 1 0 0 0 0 0 1 2 7 12 3 2 1 6 4 0 2 3 4 1 3 0 0 0
21110313 571 4 1 1 2 2 1 0 1 1 0 0 0 0 2 2 0 2 6 2 12 1 5 5 5 0 0 4 4 0 0 3 3
21110314 511 5 1 2 3 1 2 1 0 1 1 0 0 0 0 2 2 1 4 8 12 6 4 4 6 0 4 0 0 0 0 2 0 0
21110315 487 10 1 1 3 3 1 2 3 3 2 2 1 0 1 1 0 0 0 0 3 3 4 12 5 3 0 7 4 3 0 4 3 0 0 2 1 0 2
21110317 562 6 3 2 3 2 2 3 1 0 1 1 0 0 0 0 0 3 3 0 12 5 1 7 6 4 3 0 5 4 2 1 0 0 1
21110318 594 0 1 0 2 1 0 0 0 0 0 0 0 3 12 3 5 1 3 5 2 0 4 4 1 0 3 0 0
21110319 548 6 1 3 1 2 3 3 1 0 2 1 0 0 0 0 2 1 3 12 5 0 2 5 4 0 0 7 3 1 0 0 1 2 0
21110320 539 5 1 3 2 1 1 1 0 3 1 0 0 0 0 3 1 1 0 1 4 12 2 5 3 4 0 2 5 2 3 0 0 0
21110321 528 2 2 2 1 0 1 1 0 0 0 0 0 2 0 0 1 4 12 1 5 7 3 0 5 1 3 3 3 2 2
21110322 534 10 2 3 1 3 2 1 1 1 2 3 1 0 2 1 0 0 0 0 4 3 3 3 0 6 0 2 4 3 0 5 4 12 0 1 5 3 3
21110323 532 11 1 3 1 2 1 2 3 2 3 2 3 1 0 1 1 0 0 0 0 3 4 4 3 1 0 0 3 7 2 3 4 4 2 1 12 6 3 0
21110324 562 10 1 3 2 1 3 3 2 2 2 1 1 0 1 1 0 0 0 0 3 4 3 3 3 5 12 0 0 5 8 0 1 2 3 0 1 0 2
21110325 582 7 1 1 2 3 2 3 3 1 0 2 1 0 0 0 0 2 2 3 0 1 3 12 1 3 5 2 3 1 0 3 0 0 0 2
21110326 556 10 2 2 3 1 2 2 1 1 3 3 1 0 3 1 0 0 0 0 3 4 3 2 7 12 0 1 7 4 0 0 3 3 0 0 2 1 1
21110327 518 3 2 2 3 1 0 3 1 0 0 0 0 0 2 1 0 4 6 12 0 1 6 1 2 4 0 1 0 3 0 0
21110328 540 4 2 1 1 3 1 0 3 1 0 0 0 0 2 1 1 0 1 0 0 0 0 3 2 2 3 2 4 1 6 6 12
21110329 529 0 1 0 3 1 0 0 0 0 0 0 0 1 3 4 3 0 0 2 4 0 0 4 12 0 0 0 6
21110330 586 5 1 1 1 3 3 1 0 2 1 0 0 0 0 3 0 2 0 0 2 3 0 0 3 3 0 1 4 6 3 2 2 12
21110331 543 10 1 2 3 2 1 3 2 2 1 3 1 0 3 1 0 0 0 0 3 4 3 12 7 4 3 5 6 5 2 3 1 2 1 0 1 0 0
21110332 607 6 1 2 1 3 3 3 1 0 1 1 0 0 0 0 2 1 3 12 4 7 0 7 4 0 0 6 0 0 0 2 0 0 2
21110333 646 3 1 1 3 1 0 3 1 0 0 0 0 2 0 1 2 3 0 2 0 1 5 6 0 2 4 8 0 4 4 12
21110334 531 0 1 0 1 1 0 0 0 0 0 0 0 0 0 5 2 0 3 4 1 7 5 4 2 2 12 7 1
21110335 531 0 1 0 2 1 0 0 0 0 0 0 0 0 4 5 12 3 4 5 6 0 3 0 4 1 2 0 1
21110336 600 0 1 0 2 1 0 0 0 0 0 0 0 0 2 4 12 0 7 6 5 2 3 1 3 1 3 0 1
21110337 526 6 2 1 3 3 2 2 3 1 6 0.33333333333333331 7 0.33333333333333331 8 0.33333333333333331 1 3 2 3 0 1 0 3 5 2 0 7 5 0 1 12 1 4 0
21110338 542 7 1 1 1 3 2 3 2 1 0 3 1 0 0 0 0 3 2 2 0 2 1 0 0 2 0 0 12 6 1 2 5 4 4 0
21110339 564 10 1 2 2 3 1 3 2 3 1 1 1 0 2 1 0 0 0 0 4 3 3 2 5 12 0 7 5 7 0 0 3 6 3 1 0 0 0
21110340 530 2 3 3 1 0 3 1 0 0 0 0 0 0 2 1 2 0 0 6 4 5 2 12 2 3 1 8 1 3 4
21110341 532 5 3 2 1 2 2 1 0 2 1 0 0 0 0 1 3 1 0 0 1 0 1 7 3 0 3 5 4 1 12 6 4 3
21110342 588 11 3 2 2 2 1 3 3 3 1 2 1 1 0 1 1 0 0 0 0 3 4 4 0 0 0 3 2 4 0 0 3 1 0 5 12 3 5 0
21110343 618 3 2 1 3 1 0 3 1 0 0 0 0 1 1 1 12 8 6 3 4 4 5 3 6 2 0 0 0 1 0 0
21110344 568 3 3 2 3 1 0 1 1 0 0 0 0 0 1 2 2 3 1 1 3 6 6 2 12 3 3 0 0 0 3 0
21110346 470 6 1 1 1 2 2 3 3 1 7 0.33333333333333331 8 0.33333333333333331 9 0.33333333333333331 3 2 1 1 4 4 4 3 1 2 7 2 2 5 12 0 7 3 0
21110347 504 4 3 1 1 2 1 0 2 1 0 0 0 0 2 1 1 0 0 2 7 3 5 1 3 1 0 4 4 0 3 2 12
21110348 552 2 1 1 1 0 2 1 0 0 0 0 2 0 0 0 0 2 0 0 4 1 3 2 0 12 6 0 0 5 5
21110349 503 1 2 1 0 1 1 0 0 0 0 0 1 0 12 7 4 3 0 4 3 3 3 3 3 0 3 4 0 0
21110350 575 7 2 3 1 3 3 2 2 1 0 1 1 0 0 0 0 1 3 3 1 3 1 12 0 0 4 4 0 2 3 6 0 0 3 0
21110351 567 2 2 2 1 0 1 1 0 0 0 0 0 2 0 1 1 3 0 4 5 2 1 12 4 2 0 3 0 0 0
21110352 654 1 1 1 0 2 1 0 0 0 0 1 0 0 0 0 1 0 3 0 3 4 2 3 4 7 0 3 6 12
21110353 515 4 3 2 3 2 1 0 1 1 0 0 0 0 0 2 2 2 12 2 0 1 3 1 3 6 6 5 3 1 4 3 0
21110354 564 7 2 3 1 2 2 1 1 1 0 2 1 0 0 0 0 3 3 1 0 0 3 2 0 5 5 12 3 1 4 1 0 3 0 3
21110355 546 0 1 0 1 1 0 0 0 0 0 0 0 2 4 3 0 2 4 5 1 4 5 7 3 3 12 0 3
21110356 612 9 3 3 2 3 2 1 1 2 2 1 0 3 1 0 0 0 0 2 4 3 0 0 1 0 2 2 3 7 1 1 3 5 1 3 3 12
21110357 534 7 1 2 1 3 1 3 2 1 0 1 1 0 0 0 0 3 2 2 2 5 12 0 2 5 3 1 6 4 5 0 0 3 3 2
21110358 564 11 2 2 2 3 3 3 1 1 1 1 3 1 0 2 1 0 0 0 0 4 3 4 0 4 12 5 0 0 3 4 3 3 3 4 0 0 0 7
21110359 499 4 2 1 1 3 1 0 1 1 0 0 0 0 2 1 1 2 0 8 3 3 0 4 0 2 4 5 6 12 6 5 0
21110360 539 0 1 0 1 1 0 0 0 0 0 0 0 3 6 2 12 0 4 4 4 2 1 3 3 0 1 2 0
21110361 550 4 2 3 2 3 1 0 1 1 0 0 0 0 0 2 2 1 3 0 0 0 1 0 3 3 2 6 4 0 4 6 12
21110362 532 3 3 1 2 1 0 1 1 0 0 0 0 1 1 1 0 2 5 2 0 3 4 1 3 12 5 3 0 0 3 0
21110363 529 6 2 2 3 3 1 2 1 0 1 1 0 0 0 0 1 3 2 1 0 1 0 5 6 0 0 4 4 2 0 12 2 3 1
21110364 665 1 3 1 0 2 1 0 0 0 0 0 0 1 1 0 0 0 1 3 2 3 3 6 3 0 12 4 2 1
21110365 555 1 2 1 0 2 1 0 0 0 0 0 1 0 0 5 4 4 3 5 5 12 0 3 6 0 0 0 1 1
21110367 464 10 2 2 3 2 1 1 1 3 1 3 1 0 3 1 0 0 0 0 4 3 3 12 4 2 0 1 2 4 0 3 1 5 1 0 2 2 0
21110368 615 11 3 1 1 2 3 1 3 2 2 1 3 1 0 2 1 0 0 0 0 4 3 4 3 1 9 12 0 3 5 4 2 2 6 4 1 0 0 0
21110369 475 8 2 2 3 1 2 3 1 3 1 0 1 1 0 0 0 0 2 3 3 3 1 2 1 3 5 2 0 5 7 4 0 5 6 12 0
21110370 560 5 1 1 1 2 3 1 0 2 1 0 0 0 0 3 1 1 0 0 3 0 3 5 2 1 12 5 5 0 3 2 4 4
21110371 528 1 2 1 0 3 1 0 0 0 0 0 1 0 3 1 5 3 0 4 5 3 0 0 12 3 1 0 2 3
21110372 646 1 1 1 0 1 1 0 0 0 0 1 0 0 2 5 7 2 1 2 6 12 0 3 1 2 0 0 0 3
21110373 540 6 2 1 3 2 2 3 1 0 3 1 0 0 0 0 1 3 2 1 0 0 1 0 5 3 3 3 2 3 5 3 7 12 1
21110374 474 2 2 2 1 0 2 1 0 0 0 0 0 2 0 0 1 3 0 3 4 3 0 12 6 1 3 3 3 3 1
21110375 517 1 2 3 1 7 0.33333333333333331 8 0.33333333333333331 9 0.33333333333333331 0 1 0 0 3 0 0 0 0 3 1 3 4 5 2 1 4 12 3
21110376 542 7 1 3 3 2 1 2 3 1 0 1 1 0 0 0 0 2 2 3 12 4 2 0 6 4 3 1 3 2 0 0 0 0 3 0
21110377 545 5 2 3 3 2 3 1 0 3 1 0 0 0 0 0 2 3 2 3 3 3 0 1 12 4 1 0 0 6 0 0 1 0
21110378 502 2 1 2 1 0 1 1 0 0 0 0 1 1 0 12 4 4 3 3 3 5 5 2 2 6 0 0 1 0 0
21110379 476 10 3 3 1 3 2 1 2 2 1 3 1 0 2 1 0 0 0 0 3 3 4 1 3 1 12 0 2 3 8 0 2 6 3 0 0 1 3
21110381 507 4 3 3 1 2 1 0 3 1 0 0 0 0 1 1 2 0 6 7 12 1 1 6 3 0 0 3 5 0 0 2 2
21110382 623 2 2 2 1 0 3 1 0 0 0 0 0 2 0 0 1 6 12 1 4 5 8 3 4 2 3 0 0 0 1
21110383 510 0 1 0 1 1 0 0 0 0 0 0 0 0 0 2 1 3 4 5 1 2 6 4 0 12 7 2 0
21110384 595 8 2 1 1 3 1 3 2 3 1 0 1 1 0 0 0 0 3 2 3 0 12 5 6 4 7 4 3 2 4 4 3 0 0 3 2
21110385 490 1 3 1 0 1 1 0 0 0 0 0 0 1 12 4 0 0 3 6 3 0 4 0 0 3 2 2 1 0
21110387 584 8 2 1 3 2 1 2 1 2 1 0 3 1 0 0 0 0 3 4 1 0 0 0 3 1 3 1 3 0 2 3 12 3 9 4 4
21110388 529 5 3 3 1 2 3 1 0 1 1 0 0 0 0 1 1 3 12 7 3 0 4 3 1 2 2 5 3 0 1 2 0 0
21110389 509 10 3 1 3 3 2 1 2 2 3 2 1 0 1 1 0 0 0 0 2 4 4 0 0 0 3 0 3 5 0 0 3 3 1 1 12 3 2
21110391 538 5 1 2 2 1 3 1 0 2 1 0 0 0 0 2 2 1 0 0 3 3 0 4 2 5 3 1 4 12 0 1 0 0
21110392 580 6 1 2 2 2 3 3 1 0 3 1 0 0 0 0 1 3 2 4 1 12 0 4 6 1 1 7 3 3 0 3 0 2 0
21110393 512 7 3 1 2 3 1 2 2 1 0 3 1 0 0 0 0 2 3 2 3 4 0 0 3 3 6 1 4 5 3 0 4 12 0 0
21110394 604 5 1 3 1 2 3 1 0 3 1 0 0 0 0 2 1 2 0 4 0 1 0 2 4 12 2 3 4 7 0 1 2 5
21110395 581 5 3 3 1 1 3 1 0 2 1 0 0 0 0 2 0 3 2 4 3 5 0 3 4 6 0 0 6 12 0 4 3 0
21110396 529 4 3 2 1 2 1 0 1 1 0 0 0 0 1 2 1 4 12 0 7 1 3 7 3 0 2 0 0 3 0 3 0
21110397 617 6 1 2 3 3 1 1 1 0 3 1 0 0 0 0 3 1 2 4 4 3 3 12 6 4 2 3 5 3 0 2 0 0 0
21110399 490 3 2 3 2 1 0 1 1 0 0 0 0 0 2 1 5 4 12 0 1 3 5 1 2 3 3 0 3 0 0 0
21110400 539 4 3 1 2 2 1 0 1 1 0 0 0 0 1 2 1 1 0 3 0 0 3 5 3 2 6 7 3 0 3 3 12
