21111201 882 10 3 1 1 2 1 3 1 2 3 3 1 0 2 1 0 0 0 0 4 2 4 0 0 0 1 0 0 4 2 2 3 5 3 0 4 3 13
21111202 903 6 2 1 1 3 3 3 1 0 1 1 0 0 0 0 2 1 3 0 2 2 13 0 2 3 6 0 0 4 8 1 3 0 3
21111203 820 11 3 1 3 2 3 1 1 2 2 2 1 1 0 3 1 0 0 0 0 4 4 3 1 8 13 3 4 5 3 0 2 3 4 3 0 0 0 3
21111204 762 2 2 1 1 0 1 1 0 0 0 0 1 1 0 7 0 3 3 3 0 0 0 3 6 4 0 4 13 2 0
21111205 827 1 1 1 0 3 1 0 0 0 0 1 0 0 2 4 7 4 0 8 8 13 0 2 5 0 0 3 1 0
21111206 877 4 3 2 2 1 1 0 3 1 0 0 0 0 1 2 1 0 13 6 2 0 3 5 2 1 1 5 3 0 0 7 1
21111209 905 6 1 2 2 3 2 3 1 0 1 1 0 0 0 0 1 3 2 0 0 1 2 1 3 6 4 0 5 5 4 0 3 4 13
21111211 925 3 1 2 1 1 0 1 1 0 0 0 0 2 1 0 0 1 0 0 2 8 2 2 3 6 4 0 13 4 1 2
21111212 837 5 1 2 2 3 3 1 0 2 1 0 0 0 0 1 2 2 1 0 9 0 3 4 1 3 4 2 0 0 3 13 3 1
21111213 977 8 2 1 3 2 1 1 1 3 1 0 2 1 0 0 0 0 4 2 2 3 7 3 0 3 2 13 0 4 1 3 0 0 0 2 3
21111214 845 4 2 2 3 1 1 0 3 1 0 0 0 0 1 2 1 1 0 1 13 0 2 4 5 2 3 5 1 0 0 0 3
21111215 846 6 3 1 3 1 2 3 1 0 2 1 0 0 0 0 2 1 3 1 0 0 0 4 5 13 2 0 1 5 3 3 2 4 3
21111216 957 1 2 1 0 2 1 0 0 0 0 0 1 0 1 0 0 0 4 3 1 0 5 3 2 3 13 4 4 1
21111218 947 2 1 3 1 0 2 1 0 0 0 0 1 0 1 0 3 3 5 0 4 4 9 3 2 4 13 0 0 0 1
21111219 868 7 1 2 3 2 3 2 1 1 0 3 1 0 0 0 0 2 3 2 6 1 4 0 13 3 0 2 8 4 3 1 2 1 0 0
21111221 814 3 1 2 3 1 0 1 1 0 0 0 0 1 1 1 0 2 4 13 1 3 3 4 2 4 1 4 0 3 0 2
21111224 833 3 1 1 2 1 0 3 1 0 0 0 0 2 1 0 0 1 3 2 2 4 4 3 0 1 13 5 0 3 0 2
21111226 896 9 2 2 2 2 3 1 3 1 1 1 0 1 1 0 0 0 0 3 4 2 4 1 5 3 2 4 13 3 0 5 6 3 0 3 0 3
21111227 838 2 3 1 1 0 3 1 0 0 0 0 1 0 1 3 13 5 1 2 1 2 6 4 1 7 4 3 2 4 2
21111229 829 9 2 2 2 3 3 1 1 1 1 1 0 3 1 0 0 0 0 4 3 2 0 0 0 3 2 4 13 2 5 3 1 2 0 3 1 0
21111230 926 8 3 3 2 3 1 1 2 2 1 0 3 1 0 0 0 0 2 3 3 1 4 1 0 2 7 8 1 4 7 4 0 2 13 1 2
21111231 844 4 1 1 3 2 1 0 3 1 0 0 0 0 2 1 1 0 1 0 1 2 9 2 3 0 5 6 5 2 3 4 13
21111233 941 8 2 3 2 3 3 1 3 1 1 0 1 1 0 0 0 0 2 2 4 0 0 2 2 13 1 6 0 2 6 3 1 2 3 1 0
21111234 979 0 1 0 2 1 0 0 0 0 0 0 0 3 2 1 0 13 7 1 0 4 4 3 0 3 4 0 3
21111235 899 10 3 3 2 2 2 1 3 2 1 1 1 0 1 1 0 0 0 0 3 4 3 13 3 2 3 3 5 1 3 1 4 2 0 0 0 3 0
21111236 843 11 3 1 3 2 3 1 2 2 2 3 1 1 0 1 1 0 0 0 0 3 4 4 0 4 2 1 2 5 3 3 0 1 6 2 3 7 1 13
21111242 851 6 1 2 3 3 1 2 3 1 8 0.33333333333333331 9 0.33333333333333331 10 0.33333333333333331 2 2 2 2 3 0 1 1 8 2 6 0 4 5 4 0 13 6 3
21111243 832 0 1 0 1 1 0 0 0 0 0 0 0 2 0 0 0 2 1 8 0 8 6 5 0 13 5 4 4
21111244 846 10 1 2 3 2 1 3 2 1 1 3 1 0 3 1 0 0 0 0 4 3 3 3 4 0 2 0 5 4 3 0 13 1 3 0 0 2 0
21111245 841 0 1 0 3 1 0 0 0 0 0 0 0 0 3 6 13 0 1 4 2 2 8 1 1 0 3 0 2
21111246 894 8 2 2 3 3 3 1 3 2 1 0 2 1 0 0 0 0 1 3 4 1 0 13 3 2 5 7 3 1 3 6 4 0 0 1 1
21111250 878 0 1 0 3 1 0 0 0 0 0 0 0 0 0 3 2 1 4 6 5 0 5 4 3 13 8 3 3
21111252 886 6 3 1 1 3 2 1 1 0 3 1 0 0 0 0 3 1 2 1 0 0 0 13 2 2 0 4 7 5 0 2 4 0 3
21111253 940 4 3 2 2 1 1 0 3 1 0 0 0 0 1 2 1 0 2 1 0 1 5 1 0 8 5 3 0 13 1 2 2
21111254 825 9 2 2 2 1 3 2 1 1 1 1 0 3 1 0 0 0 0 4 4 1 3 2 1 3 13 8 5 1 2 6 5 0 0 3 3 0
21111258 928 0 1 0 3 1 0 0 0 0 0 0 0 1 13 6 4 0 3 5 3 0 2 4 3 0 0 0 3
21111260 1061 11 3 2 1 2 1 3 1 3 2 2 3 3 1 4 0.33333333333333331 5 0.33333333333333331 6 0.33333333333333331 3 4 4 0 3 3 1 0 6 4 5 1 2 3 13 0 7 0 0
21111261 911 4 2 1 1 1 1 0 1 1 0 0 0 0 3 1 0 3 2 0 0 4 6 0 0 4 4 3 2 13 4 2 0
21111263 915 3 1 3 2 1 0 3 1 0 0 0 0 1 1 1 0 0 3 2 3 2 1 13 1 5 6 1 3 5 3 2
21111264 937 5 2 1 1 2 2 1 0 3 1 0 0 0 0 2 3 0 0 0 9 1 7 5 5 3 0 1 13 4 3 2 4 3
21111265 886 4 3 3 1 2 1 0 1 1 0 0 0 0 1 1 2 0 3 1 0 3 4 0 0 2 3 2 3 5 1 13 2
21111266 1046 6 2 3 3 2 1 3 3 1 6 0.33333333333333331 7 0.33333333333333331 8 0.33333333333333331 1 2 3 1 3 4 3 0 13 5 2 0 3 3 4 5 1 0 0
21111267 913 8 2 1 1 3 3 2 3 1 1 0 1 1 0 0 0 0 3 2 3 0 4 8 13 3 4 5 2 1 1 4 2 2 0 0 2
21111269 927 9 3 1 2 2 1 3 2 2 1 1 0 1 1 0 0 0 0 3 4 2 3 6 2 0 13 4 4 0 3 0 1 3 3 0 3 0
21111270 963 3 3 1 1 1 0 1 1 0 0 0 0 2 0 1 0 13 3 1 4 5 4 2 3 2 6 3 0 2 2 7
21111274 1009 11 1 2 1 3 2 2 3 2 1 3 3 1 0 1 1 0 0 0 0 3 4 4 3 2 3 13 0 1 6 7 0 0 2 3 0 1 0 3
21111276 832 9 2 3 1 1 1 3 3 2 2 1 0 1 1 0 0 0 0 3 3 3 0 2 4 13 2 7 5 1 3 4 1 3 3 2 0 0
21111277 859 0 1 0 2 1 0 0 0 0 0 0 0 3 0 0 0 0 0 1 3 0 7 8 5 3 3 13 3
21111279 968 4 1 3 3 2 1 0 1 1 0 0 0 0 1 1 2 2 0 0 3 6 5 8 2 0 4 4 1 0 4 6 13
21111280 964 10 1 3 3 2 2 1 3 2 1 3 1 0 1 1 0 0 0 0 3 3 4 2 0 3 0 0 13 3 1 0 3 5 2 0 4 6 4
21111281 842 10 3 1 2 3 2 2 1 3 1 2 1 0 1 1 0 0 0 0 3 4 3 0 7 0 3 3 3 0 0 3 5 13 6 3 3 3 0
21111282 987 5 3 3 3 2 2 1 0 3 1 0 0 0 0 0 2 3 1 3 0 0 2 5 1 3 3 4 1 2 13 3 1 0
21111283 889 3 3 1 3 1 0 2 1 0 0 0 0 1 0 2 0 2 6 1 4 2 6 3 3 3 7 13 0 4 4 1
21111284 748 2 2 2 1 0 3 1 0 0 0 0 0 2 0 0 1 1 6 0 1 0 5 8 4 3 2 3 3 13 3
21111287 936 11 2 1 1 2 3 3 3 2 1 1 2 1 0 3 1 0 0 0 0 4 4 3 3 3 13 2 1 4 6 4 0 5 3 3 3 0 0 9
21111289 896 6 3 1 3 1 1 1 1 0 2 1 0 0 0 0 4 0 2 1 2 2 0 8 4 3 0 13 5 2 2 0 3 0 3
21111290 824 8 3 1 2 3 2 1 1 2 1 0 1 1 0 0 0 0 3 3 2 0 0 3 0 0 4 2 2 1 2 1 4 3 6 5 13
21111291 979 9 1 3 2 2 1 2 3 2 3 1 0 1 1 0 0 0 0 2 4 3 13 2 3 3 6 1 4 1 4 3 0 0 3 0 0 0
21111292 1052 2 2 3 1 0 2 1 0 0 0 0 0 1 1 1 2 3 4 3 4 13 0 4 3 1 0 0 1 0 3
21111295 839 1 3 1 0 1 1 0 0 0 0 0 0 1 0 3 4 3 3 4 9 2 2 3 3 5 7 4 1 13
21111296 829 7 3 2 1 1 1 3 1 1 0 3 1 0 0 0 0 4 1 2 0 3 13 7 4 3 5 6 0 2 2 0 3 0 0 2
21111298 767 11 3 2 1 3 2 3 2 2 3 1 1 1 0 1 1 0 0 0 0 3 4 4 0 6 0 2 1 4 8 3 2 4 4 3 0 1 13 5
21111299 805 9 3 3 1 1 2 3 3 1 2 1 0 2 1 0 0 0 0 3 2 4 0 0 2 0 0 6 4 1 1 2 7 7 0 5 13 3
21111300 792 1 2 3 1 6 0.33333333333333331 7 0.33333333333333331 8 0.33333333333333331 0 1 0 3 13 1 2 2 5 3 0 1 1 1 0 2 0 4 0
21111301 962 11 2 3 1 3 1 2 2 3 3 1 1 1 0 2 1 0 0 0 0 4 3 4 3 7 13 1 3 5 3 0 4 4 3 0 3 2 0 0
21111302 922 8 3 1 3 2 3 2 1 1 1 0 3 1 0 0 0 0 3 2 3 3 8 7 5 5 13 3 0 0 6 1 2 0 0 2 0
21111303 882 9 2 1 1 3 1 3 3 2 1 1 0 2 1 0 0 0 0 4 2 3 13 5 3 3 3 3 5 3 3 2 1 0 0 0 2 0
21111304 891 5 2 3 2 3 2 1 0 3 1 0 0 0 0 0 3 2 0 0 3 3 1 3 8 13 1 1 6 1 0 2 0 0
21111306 912 7 2 3 2 1 1 2 2 1 0 3 1 0 0 0 0 2 4 1 3 0 1 0 5 4 8 13 0 5 4 2 3 1 1 3
21111307 849 2 2 2 1 0 1 1 0 0 0 0 0 2 0 0 1 3 0 0 3 3 1 3 6 5 4 2 8 13 3
21111308 749 7 2 3 1 3 1 2 2 1 0 3 1 0 0 0 0 2 3 2 0 1 3 3 2 3 13 5 3 8 4 7 0 0 3 1
21111309 871 2 3 2 1 0 1 1 0 0 0 0 0 1 1 2 0 0 4 2 3 4 5 0 3 5 4 0 1 13 1
21111310 876 9 3 1 1 1 1 2 2 3 3 3 1 7 0.33333333333333331 8 0.33333333333333331 9 0.33333333333333331 4 2 3 0 2 3 3 0 5 2 4 2 5 3 13 0 0 1 3
21111312 803 3 1 2 3 1 0 1 1 0 0 0 0 1 1 1 0 0 1 2 2 5 3 3 3 13 4 4 3 1 3 2
21111313 827 4 1 3 2 1 1 0 2 1 0 0 0 0 2 1 1 2 0 4 1 0 4 4 5 0 3 5 13 0 0 0 3
21111314 878 4 2 2 3 2 1 0 1 1 0 0 0 0 0 3 1 13 2 3 3 4 1 0 0 3 5 3 1 3 1 0 0
21111315 948 6 3 1 2 2 1 1 1 0 2 1 0 0 0 0 3 2 1 13 3 5 2 4 3 0 6 1 3 0 0 7 0 0 0
21111316 944 10 3 1 3 3 3 2 2 1 1 2 1 0 1 1 0 0 0 0 3 3 4 2 0 0 0 3 0 0 1 2 5 3 0 13 5 4 3
21111319 1026 3 3 1 3 1 0 1 1 0 0 0 0 1 0 2 0 2 3 13 0 1 7 6 2 0 5 5 0 0 0 2
21111320 914 10 2 1 1 2 1 2 3 3 3 3 1 0 2 1 0 0 0 0 3 3 4 1 4 0 1 1 6 2 0 5 13 6 0 2 3 3 0
21111321 950 0 1 0 2 1 0 0 0 0 0 0 0 0 0 0 2 0 4 1 5 0 0 5 5 1 4 9 13
21111323 990 11 1 1 2 3 1 2 2 3 3 2 1 1 0 3 1 0 0 0 0 4 4 3 5 2 0 3 3 1 4 1 13 3 0 0 2 3 4 0
21111324 768 3 1 1 1 1 0 1 1 0 0 0 0 3 0 0 3 5 2 4 0 2 13 3 2 5 3 6 3 0 0 2
21111325 909 11 1 3 1 3 1 2 2 3 3 2 2 1 0 1 1 0 0 0 0 3 4 4 13 4 3 3 2 5 3 4 3 1 0 0 3 0 0 0
21111327 996 9 2 3 3 1 3 2 1 2 1 1 0 1 1 0 0 0 0 3 3 3 5 13 2 0 4 1 0 0 4 1 2 2 0 3 0 0
21111328 1001 0 1 0 3 1 0 0 0 0 0 0 0 0 2 1 0 0 3 0 3 2 5 4 1 3 7 4 13
21111333 925 5 3 1 2 1 3 1 0 2 1 0 0 0 0 2 1 2 0 1 0 3 2 3 4 2 0 0 3 4 0 3 1 13
21111334 960 10 3 3 2 1 3 1 3 2 2 1 1 0 2 1 0 0 0 0 3 3 4 3 2 1 1 0 5 7 13 7 2 4 3 0 1 0 0
21111335 979 3 3 2 1 3 1 5 0.33333333333333331 6 0.33333333333333331 7 0.33333333333333331 1 1 1 0 13 7 6 1 7 3 4 2 4 4 3 0 2 5 1
21111336 893 10 3 1 2 2 1 2 1 3 1 3 1 0 2 1 0 0 0 0 4 3 3 0 2 13 1 0 1 8 4 0 3 6 2 3 3 0 0
21111339 878 0 1 0 2 1 0 0 0 0 0 0 0 0 7 3 3 3 5 6 0 8 7 4 1 13 1 3 2
21111340 935 10 2 3 2 2 1 1 3 1 1 3 3 1 8 0.33333333333333331 9 0.33333333333333331 10 0.33333333333333331 4 3 3 2 0 0 3 0 1 4 0 0 3 5 5 0 4 13 2
21111341 951 3 2 1 2 1 0 3 1 0 0 0 0 1 2 0 1 5 0 0 0 4 3 3 13 2 1 1 4 2 3 0
21111344 872 6 3 1 3 3 1 2 3 1 4 0.33333333333333331 5 0.33333333333333331 6 0.33333333333333331 2 1 3 2 4 2 3 1 0 3 1 0 3 13 3 3 0 0 2
21111345 813 8 3 3 2 2 1 1 1 2 1 0 3 1 0 0 0 0 3 3 2 4 7 13 0 3 4 1 0 0 3 4 0 0 2 0 3
21111346 938 2 2 3 1 0 1 1 0 0 0 0 0 1 1 3 7 3 0 3 5 4 1 4 3 13 0 0 3 0 2
21111347 855 10 3 1 3 1 3 2 2 3 1 1 1 0 2 1 0 0 0 0 4 2 4 6 4 2 13 1 3 4 1 3 5 3 3 0 7 2 2
21111348 924 6 2 2 1 3 2 2 1 0 1 1 0 0 0 0 1 4 1 1 4 6 0 3 13 0 1 3 2 5 3 4 1 3 0
21111349 945 10 1 3 2 2 2 3 2 1 1 1 1 0 3 1 0 0 0 0 4 4 2 3 0 0 0 1 3 0 0 1 4 3 2 13 7 6 2
21111350 933 10 3 1 3 1 2 1 2 3 3 2 1 0 1 1 0 0 0 0 3 3 4 0 0 3 13 0 3 2 7 0 2 5 1 2 1 0 0
21111351 999 11 2 3 3 1 2 1 1 3 2 2 1 1 0 3 1 0 0 0 0 4 4 3 0 1 1 2 0 0 2 4 0 2 5 1 3 0 13 4
21111353 959 8 3 3 2 2 1 1 1 2 1 0 2 1 0 0 0 0 3 3 2 0 1 5 0 0 3 6 3 3 4 4 5 0 13 4 3
21111354 757 2 3 1 1 0 1 1 0 0 0 0 1 0 1 0 0 2 0 2 4 3 3 0 1 13 3 0 6 3 2
21111355 852 9 3 1 1 1 3 2 3 3 2 1 0 2 1 0 0 0 0 3 2 4 0 1 4 2 0 2 5 1 2 0 4 13 0 1 6 4
21111356 874 10 3 2 1 2 1 2 1 2 1 3 1 0 3 1 0 0 0 0 4 4 2 3 2 0 0 13 5 0 0 1 3 4 0 4 2 1 3
21111357 915 3 2 2 1 1 0 3 1 0 0 0 0 1 2 0 1 2 0 0 4 3 3 4 2 6 7 1 3 7 13 1
21111360 873 9 2 3 1 3 1 2 2 3 1 1 0 1 1 0 0 0 0 3 3 3 0 3 0 0 2 2 6 3 0 0 4 13 1 5 9 4
21111361 864 0 1 0 1 1 0 0 0 0 0 0 0 0 3 0 2 0 1 4 3 0 3 8 4 2 3 4 13
21111362 863 11 3 2 1 1 3 2 1 3 2 3 2 1 0 1 1 0 0 0 0 3 4 4 0 1 3 3 3 4 2 3 0 13 5 1 0 0 0 2
21111364 929 2 2 3 1 0 3 1 0 0 0 0 0 1 1 3 9 6 13 0 3 4 4 0 5 3 3 0 3 0 1
21111368 851 11 1 2 3 2 2 3 3 1 1 3 2 1 0 1 1 0 0 0 0 3 4 4 0 0 0 3 2 3 3 4 3 1 4 5 0 0 3 13
21111369 805 11 3 1 3 3 3 2 2 1 1 2 2 1 0 1 1 0 0 0 0 3 4 4 2 4 3 3 13 3 3 0 3 6 1 3 2 1 0 0
21111370 937 10 3 1 3 3 1 1 3 1 2 2 1 0 2 1 0 0 0 0 4 2 4 0 0 3 2 1 5 4 9 0 3 7 3 2 4 8 13
21111371 981 5 3 2 3 1 1 1 0 2 1 0 0 0 0 2 1 2 2 13 3 1 3 3 5 0 8 4 0 2 1 3 0 0
21111373 849 2 3 2 1 0 3 1 0 0 0 0 0 1 1 13 5 1 0 3 0 5 2 6 0 3 0 0 0 1 0
21111374 864 8 2 2 1 3 1 2 1 2 1 0 1 1 0 0 0 0 3 4 1 3 4 3 13 0 4 2 8 1 5 7 3 0 3 0 4
21111375 923 11 3 1 2 2 1 2 2 1 1 3 3 1 0 3 1 0 0 0 0 4 4 3 3 3 0 3 0 1 1 3 2 3 5 4 0 3 2 13
21111376 906 4 3 3 2 3 1 0 1 1 0 0 0 0 0 1 3 2 13 1 3 0 3 2 1 1 6 4 2 0 0 3 6
21111377 817 3 2 3 1 1 0 1 1 0 0 0 0 1 1 1 3 2 0 0 4 3 0 0 8 5 2 0 13 4 4 1
21111378 982 5 2 3 2 1 1 1 0 3 1 0 0 0 0 2 2 1 0 4 3 3 4 3 13 2 2 3 1 0 0 0 0 1
21111380 988 4 3 2 3 2 1 0 3 1 0 0 0 0 0 2 2 2 3 2 0 1 5 4 0 4 5 1 0 13 4 1 1
21111381 859 2 2 2 1 0 2 1 0 0 0 0 0 2 0 1 4 1 0 3 6 4 0 7 4 1 3 13 5 3 0
21111384 894 8 1 1 3 2 2 1 3 3 1 0 2 1 0 0 0 0 3 2 3 5 3 4 13 3 6 3 3 0 0 3 1 0 0 2 0
21111386 963 11 2 2 1 2 1 1 1 3 2 3 3 1 0 3 1 0 0 0 0 4 4 3 3 1 2 13 3 2 3 8 0 4 6 1 0 3 0 5
21111387 938 9 2 2 2 3 2 1 3 1 3 1 0 1 1 0 0 0 0 2 4 3 2 5 1 0 6 2 3 1 1 3 13 3 9 0 0 0
21111390 808 2 2 2 1 0 3 1 0 0 0 0 0 2 0 3 1 1 3 13 6 2 0 1 5 4 0 4 1 2 3
21111394 931 1 2 1 0 3 1 0 0 0 0 0 1 0 0 1 3 0 3 4 1 0 13 1 0 2 4 4 2 0
21111395 977 0 1 0 2 1 0 0 0 0 0 0 0 4 3 4 13 0 1 1 3 3 0 3 4 0 2 0 0
21111396 881 5 3 1 2 2 3 1 0 3 1 0 0 0 0 1 2 2 5 3 1 2 3 3 0 0 13 4 3 0 1 0 0 0
21111399 932 6 1 3 2 1 1 1 1 0 3 1 0 0 0 0 4 1 1 2 4 4 1 0 3 5 6 2 0 2 13 0 2 0 0
21111401 932 7 3 1 2 3 1 1 3 1 0 2 1 0 0 0 0 3 1 3 1 3 2 6 9 4 5 2 13 4 8 3 0 0 2 1
21111402 896 5 3 1 2 2 3 1 0 3 1 0 0 0 0 1 2 2 0 2 3 1 0 8 2 2 13 5 4 0 1 1 3 1
21111403 1009 4 2 1 2 3 1 0 1 1 0 0 0 0 1 2 1 0 2 3 0 3 7 1 0 2 4 3 0 13 9 4 1
21111404 814 3 1 3 2 1 0 2 1 0 0 0 0 1 1 1 5 3 1 13 0 8 3 5 1 0 5 3 3 0 2 0
21111406 993 2 3 3 1 0 1 1 0 0 0 0 0 0 2 4 3 5 2 2 2 1 13 3 4 1 5 0 0 1 2
21111408 955 8 3 1 1 3 3 2 1 2 1 0 3 1 0 0 0 0 3 2 3 0 3 13 4 0 2 4 4 0 0 5 3 1 2 0 0
21111409 982 3 1 2 1 1 0 2 1 0 0 0 0 2 1 0 0 3 2 3 0 1 13 2 4 5 3 1 3 0 0 4
21111410 853 8 2 3 2 1 1 3 3 3 1 0 1 1 0 0 0 0 2 2 4 0 1 0 0 0 3 2 3 0 3 3 3 2 13 6 3
21111411 988 11 2 3 2 3 2 1 3 3 1 1 2 1 0 1 1 0 0 0 0 3 4 4 3 1 1 0 2 5 3 0 13 3 0 3 5 2 0 0
21111413 885 6 2 1 1 1 3 3 1 0 2 1 0 0 0 0 3 1 2 6 13 3 2 3 5 5 3 1 7 1 4 0 2 4 2
21111414 1025 0 1 0 3 1 0 0 0 0 0 0 0 0 3 3 13 0 5 4 2 3 1 4 4 0 0 3 0
21111415 771 10 3 2 1 1 2 3 2 3 3 1 1 0 2 1 0 0 0 0 3 3 4 0 3 7 3 0 2 6 3 1 1 2 3 0 1 4 13
21111419 736 2 2 2 1 0 3 1 0 0 0 0 0 2 0 4 5 1 1 0 13 7 6 0 3 5 1 2 3 9 0
21111420 1031 8 2 1 3 1 2 3 3 3 1 0 2 1 0 0 0 0 2 2 4 0 1 0 0 0 0 1 0 0 5 5 3 2 13 4 3
21111422 854 1 1 1 0 3 1 0 0 0 0 1 0 0 4 4 1 2 2 4 1 0 2 4 13 0 7 0 0 0
21111424 940 6 3 1 2 3 2 1 1 0 2 1 0 0 0 0 2 2 2 0 4 2 1 1 8 4 0 2 9 6 1 3 13 5 0
21111425 942 11 3 3 3 1 2 1 2 1 1 3 2 1 0 2 1 0 0 0 0 4 3 4 3 13 5 4 2 4 3 2 0 3 1 1 0 0 3 0
21111428 867 2 3 1 1 0 1 1 0 0 0 0 1 0 1 3 6 13 2 3 3 5 3 3 4 2 1 0 2 3 8
21111429 844 11 3 3 1 3 2 3 1 2 1 1 2 1 0 2 1 0 0 0 0 4 3 4 3 4 4 0 3 6 13 2 0 4 2 0 1 1 0 0
21111430 896 11 3 1 3 3 1 2 3 2 2 1 2 1 0 1 1 0 0 0 0 3 4 4 1 4 3 2 7 13 2 1 5 6 4 0 0 3 0 0
21111431 869 4 3 2 2 2 1 0 1 1 0 0 0 0 0 3 1 4 4 0 0 7 5 1 0 13 4 3 1 0 3 0 0
21111432 798 11 2 2 1 3 3 2 3 1 3 1 1 1 0 2 1 0 0 0 0 4 3 4 13 3 2 0 3 6 1 3 1 1 5 2 3 0 2 3
21111433 868 9 3 2 1 1 1 2 2 2 1 1 0 3 1 0 0 0 0 4 4 1 2 4 4 3 13 6 4 0 4 3 0 0 3 1 0 0
21111434 839 7 2 3 1 1 3 1 1 1 0 2 1 0 0 0 0 4 1 2 0 0 3 2 0 3 4 7 2 4 6 3 3 4 4 13
21111436 893 5 2 1 1 1 3 1 0 2 1 0 0 0 0 3 1 1 0 0 1 2 0 4 2 3 3 7 5 3 6 7 4 13
21111438 847 6 2 1 1 3 3 2 1 0 2 1 0 0 0 0 2 2 2 13 4 3 3 5 6 7 1 4 4 0 0 2 1 0 0
21111439 1020 7 3 2 1 2 3 3 1 1 0 1 1 0 0 0 0 2 2 3 3 0 0 0 4 3 2 0 4 4 2 1 13 3 4 0
21111441 884 9 2 1 1 2 3 2 3 2 1 1 0 3 1 0 0 0 0 3 4 2 1 7 0 0 1 4 6 4 3 5 4 2 13 8 6 3
21111442 928 10 3 1 1 3 2 3 1 3 2 1 1 0 2 1 0 0 0 0 4 2 4 2 0 0 0 5 1 0 0 4 4 6 2 4 13 3 0
21111444 1054 8 1 2 2 3 3 1 3 2 1 0 2 1 0 0 0 0 2 3 3 3 1 4 1 0 2 1 13 3 4 2 4 1 0 2 1
21111445 958 6 1 3 3 3 3 2 1 0 2 1 0 0 0 0 1 1 4 7 5 13 0 4 4 2 1 0 0 3 0 0 0 0 1
21111446 1009 9 3 2 3 2 1 1 2 1 1 3 1 6 0.33333333333333331 7 0.33333333333333331 8 0.33333333333333331 4 3 2 8 7 2 13 6 4 5 5 0 0 4 4 3 0 3 0
21111448 893 5 2 1 3 3 3 1 0 1 1 0 0 0 0 1 1 3 0 2 1 0 4 6 0 0 3 6 4 3 13 7 2 0
21111449 979 7 3 2 1 2 1 2 1 1 0 3 1 0 0 0 0 3 3 1 0 4 3 13 0 3 7 3 3 0 6 4 0 8 5 3
21111450 773 11 1 3 2 3 3 2 3 1 1 2 1 1 0 2 1 0 0 0 0 4 3 4 4 4 1 0 1 4 1 5 2 13 0 0 2 3 0 2
21111451 800 5 3 2 1 3 1 1 0 1 1 0 0 0 0 2 1 2 0 0 6 0 3 5 4 0 4 6 4 0 13 7 2 2
21111455 851 1 1 1 0 2 1 0 0 0 0 1 0 0 0 1 0 0 4 2 3 3 5 1 13 5 3 3 3 2
21111456 927 2 3 2 1 0 1 1 0 0 0 0 0 1 1 0 3 0 2 1 2 2 0 4 6 5 1 13 5 1 0
21111459 904 11 1 3 3 1 1 1 2 2 2 3 3 1 0 2 1 0 0 0 0 4 3 4 1 0 2 0 0 2 2 3 8 5 7 4 1 1 8 13
21111460 911 2 3 1 1 0 2 1 0 0 0 0 1 0 1 1 13 4 1 2 7 5 2 0 0 3 1 0 0 0 2
21111463 868 3 3 1 2 1 0 2 1 0 0 0 0 1 1 1 0 0 1 5 0 2 3 1 0 3 13 5 3 2 1 4
21111465 880 6 3 2 3 1 2 2 1 0 2 1 0 0 0 0 1 3 2 1 0 1 3 4 5 7 0 4 6 3 1 13 6 4 0
21111466 1038 10 2 3 1 1 3 1 2 2 3 2 1 0 3 1 0 0 0 0 3 4 3 4 0 0 1 1 4 5 0 9 2 3 7 13 3 3 0
21111467 860 11 2 3 3 1 3 3 2 1 1 2 2 1 0 1 1 0 0 0 0 3 4 4 2 4 13 3 1 1 3 5 2 4 2 4 1 0 0 3
21111468 1001 5 3 2 2 1 3 1 0 1 1 0 0 0 0 1 2 2 1 4 4 1 0 2 13 3 0 3 4 4 0 0 2 5
21111469 842 11 3 1 1 3 2 1 3 3 2 2 2 1 0 1 1 0 0 0 0 3 4 4 13 4 2 0 1 3 4 3 3 6 2 0 2 1 0 1
21111470 925 8 2 1 3 3 1 2 2 1 1 0 3 1 0 0 0 0 3 3 2 4 4 3 1 3 2 7 13 0 3 4 2 1 0 3 0
21111471 750 4 3 1 3 1 3 1 6 0.33333333333333331 7 0.33333333333333331 8 0.33333333333333331 2 0 2 2 13 4 0 1 6 5 8 2 2 5 2 1 0 0 0
21111474 870 10 2 2 3 1 1 3 1 2 2 1 1 0 3 1 0 0 0 0 4 4 2 0 1 0 1 0 0 5 2 2 5 4 9 3 3 3 13
21111477 857 0 1 0 3 1 0 0 0 0 0 0 0 5 4 0 0 6 4 1 0 13 4 1 0 0 3 2 2
21111485 861 10 3 2 1 1 3 3 1 2 2 1 1 0 3 1 0 0 0 0 4 3 3 13 7 4 0 6 2 4 1 4 0 0 2 3 0 0 0
21111486 1009 5 3 2 2 1 1 1 0 2 1 0 0 0 0 2 2 1 0 1 5 0 0 3 5 3 3 13 8 3 0 0 3 3
21111488 822 4 2 3 1 2 1 0 3 1 0 0 0 0 1 2 1 1 8 3 13 7 5 2 4 0 4 3 1 0 0 2 1
21111490 893 10 3 1 1 2 1 3 2 2 3 1 1 0 2 1 0 0 0 0 4 3 3 0 3 4 13 3 3 3 2 0 1 3 2 0 0 4 1
21111492 976 4 2 1 3 1 1 0 3 1 0 0 0 0 2 1 1 3 0 0 0 13 2 3 0 3 6 1 0 2 3 1 2
21111493 925 11 1 2 3 2 2 3 1 3 1 3 1 1 0 2 1 0 0 0 0 4 3 4 0 1 0 0 0 7 3 2 2 5 13 3 5 1 3 3
21111494 950 11 3 1 2 3 3 1 2 3 1 1 2 1 0 2 1 0 0 0 0 4 3 4 3 3 3 0 13 3 1 2 1 5 0 0 2 6 0 0
21111495 929 6 3 1 2 1 1 2 1 0 2 1 0 0 0 0 3 2 1 4 0 0 0 1 4 0 0 4 5 0 0 13 4 2 3
21111497 928 7 1 3 1 3 2 1 3 1 0 1 1 0 0 0 0 3 1 3 2 0 0 0 3 2 0 0 4 3 2 0 13 7 5 3
21111499 863 0 1 0 1 1 0 0 0 0 0 0 0 0 3 0 1 4 2 1 2 3 3 6 0 13 6 9 2
21111500 705 5 1 1 1 3 2 1 0 2 1 0 0 0 0 3 1 1 1 3 2 0 3 4 0 0 6 3 5 7 13 3 2 3
21111502 822 11 1 2 1 3 1 3 2 3 1 2 2 1 0 3 1 0 0 0 0 4 4 3 3 0 0 3 4 2 3 2 1 7 13 3 1 9 3 3
21111503 1024 0 1 0 2 1 0 0 0 0 0 0 0 0 0 1 3 0 0 1 13 0 0 9 4 2 3 5 5
21111504 855 6 3 1 1 2 2 1 1 0 1 1 0 0 0 0 3 2 1 3 13 2 0 3 2 5 2 6 4 5 1 3 3 0 0
21111507 856 10 2 3 3 1 2 2 1 2 1 1 3 1 8 0.33333333333333331 9 0.33333333333333331 10 0.33333333333333331 4 4 2 3 2 1 0 3 2 8 5 4 1 3 8 3 13 4 0
21111509 818 2 2 3 3 1 5 0.33333333333333331 6 0.33333333333333331 7 0.33333333333333331 0 1 1 3 3 4 0 1 7 3 2 13 1 4 1 2 0 3 0
21111511 970 6 2 3 2 3 3 2 1 0 1 1 0 0 0 0 0 3 3 3 1 1 2 2 6 5 5 13 3 7 0 0 6 1 1
21111513 1025 1 2 1 0 2 1 0 0 0 0 0 1 0 2 5 3 1 1 1 3 4 0 4 13 3 3 0 1 2
21111514 821 8 1 3 2 2 1 1 2 3 1 0 3 1 0 0 0 0 3 3 2 1 2 2 2 1 13 6 8 7 4 3 3 3 1 0 5
21111515 964 11 2 1 2 1 3 2 3 1 3 1 3 1 0 2 1 0 0 0 0 4 3 4 0 7 0 0 3 5 3 0 13 5 7 1 3 5 4 2
21111516 857 5 2 3 1 2 3 1 0 3 1 0 0 0 0 1 2 2 3 4 3 6 2 13 4 0 1 3 1 2 1 0 4 0
21111517 983 6 2 1 3 3 3 2 1 0 3 1 0 0 0 0 1 2 3 0 3 9 13 0 2 1 5 0 5 4 3 1 0 0 3
21111519 876 10 2 3 1 1 2 3 1 2 3 1 1 0 2 1 0 0 0 0 4 3 3 3 7 4 3 13 7 3 0 3 4 1 0 2 0 0 0
21111520 843 6 3 2 2 1 2 1 1 0 3 1 0 0 0 0 2 3 1 0 0 4 2 0 1 3 4 1 2 3 13 3 7 4 1
21111521 835 7 2 1 2 1 3 3 2 1 0 1 1 0 0 0 0 2 3 2 3 1 3 0 4 5 7 2 3 4 2 6 13 3 3 1
21111522 869 4 1 2 1 3 1 0 3 1 0 0 0 0 2 1 1 2 4 3 4 13 4 4 0 5 6 7 0 3 3 1 2
21111525 1089 11 3 2 2 2 2 1 1 3 3 1 3 1 0 1 1 0 0 0 0 3 4 4 1 13 3 0 6 8 9 6 5 5 3 0 0 2 1 2
21111526 850 1 2 1 0 2 1 0 0 0 0 0 1 0 3 1 5 0 9 13 4 1 1 5 3 2 6 3 0 0
21111527 858 10 3 2 1 3 2 2 1 3 1 2 1 0 1 1 0 0 0 0 3 4 3 0 2 3 0 1 4 4 1 3 5 7 8 0 2 3 13
21111528 1003 5 3 3 1 3 2 1 0 1 1 0 0 0 0 1 1 3 0 4 4 3 0 6 5 1 0 0 2 13 2 0 2 1
21111529 1020 3 2 3 2 1 0 3 1 0 0 0 0 0 2 1 4 5 1 3 3 6 3 0 13 4 5 1 3 0 0 0
21111530 791 10 2 2 1 2 1 3 3 3 2 1 1 0 1 1 0 0 0 0 3 4 3 0 0 6 13 0 1 4 3 3 0 0 4 0 0 4 2
21111531 944 6 3 2 1 3 1 1 1 0 1 1 0 0 0 0 3 1 2 3 3 0 0 2 6 5 3 13 1 3 2 2 3 2 0
21111534 926 1 1 3 1 5 0.33333333333333331 6 0.33333333333333331 7 0.33333333333333331 1 0 0 5 6 3 1 4 13 4 2 2 1 3 0 0 3 2 0
21111535 947 6 3 3 1 1 2 2 1 0 3 1 0 0 0 0 2 2 2 6 0 1 0 3 13 2 3 1 5 5 0 1 2 0 2
21111537 877 8 2 1 2 3 3 3 2 1 3 1 8 0.33333333333333331 9 0.33333333333333331 10 0.33333333333333331 2 3 3 3 1 2 0 3 5 3 4 0 1 13 3 0 4 8 3
21111538 891 8 3 3 2 3 1 2 2 2 1 0 1 1 0 0 0 0 1 4 3 3 1 3 1 0 13 4 1 3 2 7 2 0 1 3 3
21111540 947 1 1 1 0 2 1 0 0 0 0 1 0 0 3 4 3 3 5 2 5 1 13 5 3 0 0 6 7 0
21111541 753 9 2 2 3 1 3 3 2 2 1 1 0 3 1 0 0 0 0 2 4 3 13 6 5 0 4 7 4 0 3 0 0 1 3 0 1 0
21111544 925 9 2 2 3 2 1 2 3 1 1 1 0 3 1 0 0 0 0 3 4 2 0 0 3 0 1 2 1 0 3 5 4 2 3 4 1 13
21111548 893 6 1 1 1 2 3 3 1 0 2 1 0 0 0 0 3 1 2 0 6 3 9 0 3 3 3 3 5 2 13 3 3 0 0
21111552 999 2 3 1 1 0 3 1 0 0 0 0 1 0 1 3 3 3 0 6 5 2 0 3 3 3 3 4 9 13 0
21111553 775 10 1 3 1 2 3 1 2 3 1 2 1 0 3 1 0 0 0 0 4 3 3 0 0 0 2 0 0 1 1 0 2 5 3 2 3 5 13
21111555 838 1 2 1 0 1 1 0 0 0 0 0 1 0 2 3 0 0 1 2 1 4 0 6 5 13 3 5 3 7
21111556 926 1 3 1 0 2 1 0 0 0 0 0 0 1 3 2 0 0 3 2 5 4 1 6 1 3 13 4 1 3
21111557 879 6 2 2 1 3 1 1 1 0 2 1 0 0 0 0 3 2 1 13 8 4 0 3 4 3 0 5 3 2 1 3 3 0 0
21111559 877 1 2 1 0 2 1 0 0 0 0 0 1 0 1 8 6 4 3 7 3 3 6 3 13 0 0 1 0 0
21111560 873 1 1 1 0 3 1 0 0 0 0 1 0 0 0 0 3 6 1 3 4 6 2 0 3 3 0 3 2 13
21111561 832 11 3 3 1 2 2 1 1 1 2 2 3 1 0 3 1 0 0 0 0 4 4 3 1 0 0 0 1 0 0 3 0 2 3 3 3 6 2 13
21111564 808 10 3 1 3 1 1 2 3 1 2 3 1 0 2 1 0 0 0 0 4 2 4 1 1 2 0 4 4 3 0 4 5 3 0 13 2 4 2
21111565 799 5 2 1 3 3 3 1 0 2 1 0 0 0 0 1 1 3 0 6 0 4 0 0 1 3 0 2 3 4 1 3 3 13
21111566 915 6 3 3 3 2 2 2 1 0 2 1 0 0 0 0 0 3 3 3 2 3 1 1 4 13 3 6 1 4 3 0 0 1 1
21111567 876 7 3 1 3 2 1 3 2 1 0 2 1 0 0 0 0 2 2 3 1 1 9 13 1 7 8 3 7 4 1 2 3 2 3 2
21111568 988 4 2 1 3 2 1 0 2 1 0 0 0 0 1 2 1 2 1 3 13 3 7 3 6 1 4 1 4 0 3 0 3
21111569 984 11 1 1 3 2 1 3 3 2 3 2 1 1 0 2 1 0 0 0 0 4 3 4 3 1 2 2 1 2 3 4 4 3 13 0 1 5 0 0
21111570 763 8 3 1 2 2 3 1 2 3 1 0 2 1 0 0 0 0 2 3 3 1 3 5 3 1 5 3 13 0 4 1 0 0 2 3 0
21111571 865 10 2 3 1 2 1 1 2 3 3 1 1 0 3 1 0 0 0 0 4 3 3 1 3 2 13 0 6 3 4 2 5 7 1 2 4 4 0
21111573 931 3 3 3 3 1 0 1 1 0 0 0 0 0 0 3 13 2 4 2 8 3 7 4 1 4 3 0 2 1 0 0
21111575 967 2 2 1 1 0 1 1 0 0 0 0 1 1 0 0 1 3 0 6 4 3 0 2 5 5 2 13 6 6 3
21111576 822 10 1 3 3 1 2 1 3 2 2 1 1 0 2 1 0 0 0 0 4 3 3 4 3 2 1 13 5 1 0 3 4 2 7 0 0 3 0
21111577 835 9 2 3 3 1 2 3 3 2 1 1 0 1 1 0 0 0 0 2 3 4 0 0 0 2 1 4 1 3 0 5 4 3 0 13 3 2
21111578 859 6 2 2 1 3 1 1 1 0 2 1 0 0 0 0 3 2 1 3 3 3 2 3 4 3 3 0 1 5 13 0 0 0 3
21111579 945 2 2 1 1 0 3 1 0 0 0 0 1 1 0 0 1 3 13 4 2 8 3 2 6 3 1 1 0 5 2
21111581 994 7 3 1 2 1 3 1 2 1 0 1 1 0 0 0 0 3 2 2 3 3 2 0 2 4 3 3 2 1 4 4 9 3 9 13
21111582 972 7 3 2 3 1 3 1 2 1 0 1 1 0 0 0 0 2 2 3 6 0 0 4 3 0 0 8 2 7 4 2 1 4 13 4
21111584 985 2 1 2 1 0 3 1 0 0 0 0 1 1 0 13 3 2 1 1 8 6 4 3 4 3 0 3 2 0 0
21111585 946 0 1 0 3 1 0 0 0 0 0 0 0 1 7 2 0 6 7 2 5 5 13 1 3 2 3 1 0
21111586 911 8 2 3 2 3 1 3 1 1 1 0 2 1 0 0 0 0 3 2 3 1 0 0 0 2 0 2 0 4 5 7 3 13 1 3 5
21111591 821 1 3 1 0 2 1 0 0 0 0 0 0 1 0 1 2 0 1 5 4 1 0 4 2 0 3 3 13 0
21111592 954 5 1 3 1 2 3 3 1 5 0.33333333333333331 6 0.33333333333333331 7 0.33333333333333331 2 1 2 3 8 1 3 2 1 3 13 4 2 4 3 0 0 5 2
21111594 934 4 3 1 3 3 1 0 1 1 0 0 0 0 1 0 3 0 2 2 0 3 3 4 5 0 4 8 8 0 8 3 13
21111595 875 11 2 1 1 1 3 3 3 2 2 2 3 1 0 1 1 0 0 0 0 3 4 4 1 0 3 3 3 7 4 1 2 2 4 1 0 2 5 13
21111597 931 4 2 1 1 1 1 0 3 1 0 0 0 0 3 1 0 2 3 7 8 4 6 4 13 3 5 6 3 0 1 2 2
