21311833 1465 8 2 1 1 2 1 2 3 3 1 0 3 1 0 0 0 0 3 3 2 0 1 0 4 2 3 2 3 0 2 14 7 3 1 1 4
21311835 1458 3 2 1 2 1 0 3 1 0 0 0 0 1 2 0 2 2 3 1 0 4 14 4 1 6 3 7 0 1 4 3
21311845 1427 7 2 3 1 2 1 2 1 1 0 2 1 0 0 0 0 3 3 1 2 5 4 0 14 8 2 0 4 3 5 3 1 1 3 1
21311846 1349 6 1 2 3 3 2 3 1 0 2 1 0 0 0 0 1 2 3 9 14 3 3 3 4 8 1 6 8 2 0 1 0 0 1
21311851 1547 1 1 1 0 3 1 0 0 0 0 1 0 0 3 1 4 2 0 0 3 3 0 2 8 4 0 14 6 4
21311854 1478 3 3 3 1 1 0 3 1 0 0 0 0 1 0 2 3 1 6 14 3 4 3 2 1 2 6 2 1 0 2 0
21311863 1417 10 3 1 1 2 2 3 2 3 1 2 1 0 1 1 0 0 0 0 3 4 3 1 14 4 2 1 7 7 3 8 3 4 10 0 3 0 2
21311865 1617 1 3 1 0 2 1 0 0 0 0 0 0 1 1 3 2 3 14 6 1 3 3 4 3 4 1 2 3 0
21311870 1418 7 2 1 1 3 3 1 2 1 0 1 1 0 0 0 0 3 2 2 3 4 0 2 2 1 2 3 7 8 5 2 3 1 14 3
21311871 1379 6 2 3 2 2 3 1 1 0 3 1 0 0 0 0 1 3 2 1 0 0 0 5 1 0 0 14 4 3 1 3 4 3 2
21311873 1314 10 1 3 1 2 1 3 3 2 2 1 1 0 2 1 0 0 0 0 4 3 3 4 3 2 0 1 3 2 0 4 3 3 1 1 14 2 0
21311874 1358 1 2 1 0 2 1 0 0 0 0 0 1 0 3 3 0 0 5 3 0 0 2 1 3 1 5 14 3 1
21311879 1583 10 3 2 1 2 3 2 1 1 2 3 1 0 1 1 0 0 0 0 3 4 3 3 6 2 4 3 4 8 14 1 3 5 4 0 2 1 0
21311881 1611 5 1 1 2 2 3 1 0 2 1 0 0 0 0 2 2 1 0 4 5 1 0 9 3 3 1 2 14 4 0 4 10 3
21311886 1303 8 2 1 1 3 1 3 2 2 1 0 2 1 0 0 0 0 3 3 2 0 1 0 3 4 7 3 3 6 6 3 7 14 4 6 0
21311889 1305 5 2 3 2 3 1 1 0 1 1 0 0 0 0 1 2 2 0 0 0 1 3 3 2 4 0 1 14 2 5 3 3 4
21311897 1310 5 2 2 3 1 2 1 0 3 1 0 0 0 0 1 3 1 0 0 2 3 5 3 1 7 0 9 3 3 1 1 4 14
21311912 1468 4 3 2 1 1 1 0 1 1 0 0 0 0 2 1 1 7 4 2 5 7 3 2 14 0 4 1 6 0 0 2 4
21311920 1606 9 2 2 1 3 2 3 1 3 1 1 0 1 1 0 0 0 0 3 3 3 3 0 6 10 0 3 9 7 1 14 5 3 2 2 3 5
21311924 1301 11 2 1 2 1 2 3 1 3 2 3 3 1 0 1 1 0 0 0 0 3 4 4 8 6 4 3 4 5 4 0 2 14 3 1 5 3 7 8
21311927 1305 6 1 2 2 2 1 2 1 0 3 1 0 0 0 0 2 4 0 1 0 0 0 5 0 0 0 14 3 1 0 9 6 3 3
21311930 1472 1 3 1 0 3 1 0 0 0 0 0 0 1 0 0 2 0 0 1 5 4 2 1 14 8 0 8 3 3
21311931 1477 11 2 3 1 1 2 3 3 1 2 1 2 1 0 3 1 0 0 0 0 4 4 3 2 0 3 1 1 5 6 4 0 5 14 3 0 4 9 2
21311932 1356 0 1 0 1 1 0 0 0 0 0 0 0 3 5 14 6 2 0 4 4 0 0 3 1 0 0 2 5
21311944 1708 4 1 2 1 2 3 1 5 0.33333333333333331 6 0.33333333333333331 7 0.33333333333333331 2 2 0 2 3 8 3 6 4 14 1 5 7 5 1 2 3 0 3
21311945 1249 0 1 0 3 1 0 0 0 0 0 0 0 2 0 1 4 0 3 6 7 0 2 4 8 0 4 1 14
21311946 1693 10 1 2 1 3 2 2 2 3 3 3 1 0 1 1 0 0 0 0 2 4 4 0 5 4 1 3 6 4 2 0 14 7 3 6 1 1 2
21311948 1285 11 3 1 1 3 3 3 2 1 2 2 2 1 0 1 1 0 0 0 0 3 4 4 0 4 1 4 3 2 5 14 0 7 5 3 0 0 2 1
21311950 1540 10 2 2 3 2 1 1 2 3 1 3 1 0 3 1 0 0 0 0 3 4 3 2 1 0 0 4 1 1 0 3 2 5 0 1 14 2 7
21311958 1522 9 3 3 1 1 2 2 1 1 2 1 0 2 1 0 0 0 0 4 3 2 14 3 2 0 3 7 2 0 3 1 3 1 0 3 0 3
21311961 1562 2 2 3 1 0 3 1 0 0 0 0 0 1 1 1 3 7 3 0 3 6 14 0 3 4 9 0 1 8 2
21311963 1174 2 1 2 1 0 2 1 0 0 0 0 1 1 0 4 14 8 3 7 1 1 3 2 5 2 0 1 0 0 0
21311973 1542 10 2 2 3 1 3 2 3 1 1 2 1 0 3 1 0 0 0 0 3 4 3 14 3 6 4 3 8 4 2 1 9 6 1 0 8 3 9
