21110801 826 5 3 2 1 3 2 1 0 1 1 0 0 0 0 1 2 2 3 3 0 3 5 4 6 2 3 13 3 0 4 3 1 3
21110803 898 10 2 1 1 1 3 2 1 3 3 3 3 1 5 0.33333333333333331 6 0.33333333333333331 7 0.33333333333333331 4 2 4 0 3 3 2 2 7 5 13 3 4 6 3 1 3 2 4
21110804 919 9 2 2 3 3 1 1 2 2 3 1 0 1 1 0 0 0 0 2 4 3 0 0 3 0 4 3 0 1 2 5 3 3 13 4 8 1
21110805 883 8 3 3 1 2 3 1 2 3 1 0 1 1 0 0 0 0 2 2 4 13 4 1 0 3 3 5 2 3 0 1 2 0 0 2 0
21110806 957 2 1 3 1 0 2 1 0 0 0 0 1 0 1 3 4 13 0 3 5 3 7 3 4 3 0 2 1 0 0
21110807 1060 7 2 2 3 1 2 3 3 1 0 1 1 0 0 0 0 1 3 3 9 3 2 0 13 7 3 3 8 1 4 4 1 3 7 3
21110811 990 2 2 2 1 0 1 1 0 0 0 0 0 2 0 6 1 4 0 8 5 1 1 13 5 0 2 2 0 0 0
21110812 950 8 2 3 3 2 3 1 1 3 1 0 2 1 0 0 0 0 2 2 4 0 0 0 1 1 5 3 13 2 3 6 9 5 4 3 3
21110813 869 3 1 2 3 1 0 1 1 0 0 0 0 1 1 1 1 3 3 3 4 6 4 3 13 2 2 0 0 7 0 0
21110814 871 1 2 1 0 3 1 0 0 0 0 0 1 0 0 0 3 0 0 9 3 1 3 5 3 9 4 4 7 13
21110815 997 1 3 1 0 3 1 0 0 0 0 0 0 1 1 0 0 0 2 4 4 0 3 8 7 0 13 3 2 1
21110817 899 9 1 2 3 3 3 2 1 2 3 1 0 1 1 0 0 0 0 2 3 4 0 3 3 13 1 6 4 5 0 2 4 3 2 0 1 0
21110820 976 6 2 2 2 3 3 2 1 0 1 1 0 0 0 0 0 4 2 13 3 2 1 4 1 1 0 3 4 1 0 0 7 3 0
21110823 893 0 1 0 2 1 0 0 0 0 0 0 0 1 1 13 1 3 2 5 9 0 6 3 3 0 0 0 2
21110824 909 10 1 1 3 2 2 2 2 1 1 3 1 0 3 1 0 0 0 0 4 4 2 0 7 0 3 0 3 3 2 0 3 5 1 3 3 4 13
21110825 996 7 2 2 1 3 1 1 3 1 0 3 1 0 0 0 0 3 2 2 1 2 3 13 0 4 3 4 0 6 3 2 0 3 3 0
21110826 958 9 3 1 3 2 2 1 1 2 1 1 0 2 1 0 0 0 0 4 3 2 0 3 3 0 3 5 1 0 0 3 5 3 0 13 5 2
21110827 949 7 2 1 1 1 2 3 1 1 0 3 1 0 0 0 0 4 2 1 2 13 3 1 0 3 5 2 0 3 4 3 0 0 2 3
21110828 1023 10 2 3 2 3 1 2 1 1 3 1 1 0 3 1 0 0 0 0 4 3 3 2 0 4 0 13 1 1 0 8 6 5 0 2 5 2 5
21110829 948 10 1 1 2 3 3 2 3 2 1 1 1 0 2 1 0 0 0 0 4 3 3 0 0 3 0 1 4 1 3 4 2 4 13 3 3 2 3
21110830 930 2 1 1 1 0 3 1 0 0 0 0 2 0 0 3 4 13 2 3 1 2 5 0 6 2 3 0 2 1 0
21110832 902 4 3 2 1 2 1 0 2 1 0 0 0 0 1 2 1 3 1 3 1 3 6 1 5 2 2 3 1 13 6 3 3
21110835 797 8 1 2 1 2 3 2 2 1 1 0 1 1 0 0 0 0 3 4 1 2 4 1 0 6 13 4 3 4 4 0 0 3 0 0 0
21110836 1051 11 1 3 3 3 2 3 2 1 1 1 2 1 0 2 1 0 0 0 0 4 3 4 1 0 0 0 3 2 4 0 5 3 1 2 4 4 13 0
21110840 764 4 1 3 2 2 1 0 3 1 0 0 0 0 1 2 1 0 4 4 13 1 3 6 8 0 1 5 5 0 2 0 0
21110841 965 6 2 2 1 3 1 3 1 0 3 1 0 0 0 0 2 2 2 2 1 0 0 0 1 4 0 3 5 2 3 13 4 3 0
21110842 937 3 2 3 1 1 0 2 1 0 0 0 0 1 1 1 0 1 1 0 4 4 2 2 6 7 6 0 13 1 5 3
21110843 935 0 1 0 1 1 0 0 0 0 0 0 0 0 0 2 3 0 0 5 7 1 5 6 4 0 2 3 13
21110845 805 10 3 2 3 3 1 3 2 1 1 2 1 0 2 1 0 0 0 0 3 3 4 2 0 0 1 1 13 3 0 5 5 1 0 6 3 2 4
21110848 1075 8 1 3 2 1 2 1 1 3 1 0 3 1 0 0 0 0 4 2 2 2 0 4 0 3 2 1 3 0 6 4 3 0 3 2 13
21110849 859 11 3 2 3 1 2 1 2 2 1 3 1 1 0 3 1 0 0 0 0 4 4 3 0 1 3 2 0 2 3 5 0 0 13 5 3 0 3 1
21110850 861 8 2 3 3 1 2 3 1 2 1 0 1 1 0 0 0 0 2 3 3 1 3 2 3 13 1 1 0 3 5 7 5 2 2 4 0
21110852 897 2 2 3 1 0 2 1 0 0 0 0 0 1 1 1 5 8 13 3 3 1 4 0 0 2 4 0 0 0 1
21110854 798 4 3 2 1 2 1 0 1 1 0 0 0 0 1 2 1 0 3 0 0 0 0 2 5 3 3 1 2 1 3 13 3
21110855 777 2 2 1 1 0 2 1 0 0 0 0 1 1 0 1 3 5 1 2 3 9 1 2 5 6 3 0 3 8 13
21110857 877 8 2 1 3 1 3 3 2 1 1 0 2 1 0 0 0 0 3 2 3 3 13 4 3 2 3 1 3 0 4 5 0 0 1 2 0
21110858 1032 0 1 0 1 1 0 0 0 0 0 0 0 13 4 2 4 3 6 3 3 3 8 5 4 0 2 1 0
21110860 909 11 1 2 2 1 3 3 3 2 3 2 1 1 0 1 1 0 0 0 0 3 4 4 0 1 1 3 0 4 1 13 2 2 6 2 0 0 3 3
21110862 896 9 3 2 1 2 2 3 1 1 2 1 0 3 1 0 0 0 0 3 4 2 0 0 4 4 1 3 4 1 0 2 2 13 0 0 4 1
21110863 978 11 2 1 1 1 2 1 3 2 2 3 3 1 0 3 1 0 0 0 0 4 4 3 0 0 0 1 1 2 3 0 0 3 2 0 0 13 5 5
21110864 807 0 1 0 1 1 0 0 0 0 0 0 0 13 7 6 2 3 7 4 0 2 5 4 1 0 0 3 0
21110865 995 4 3 1 1 1 1 0 1 1 0 0 0 0 3 0 1 0 0 8 2 2 4 6 7 3 2 5 13 0 2 4 8
21110866 876 9 1 1 3 1 3 1 3 3 2 1 0 2 1 0 0 0 0 4 1 4 0 2 0 0 0 1 3 2 3 4 5 3 2 0 13 4
21110867 1020 1 2 1 0 3 1 0 0 0 0 0 1 0 0 1 0 1 0 3 2 0 4 5 4 3 2 7 1 13
21110868 725 3 1 2 3 1 0 3 1 0 0 0 0 1 1 1 0 3 1 0 4 5 13 2 3 3 4 0 0 1 2 0
21110869 710 9 1 3 2 1 2 2 3 1 1 1 0 3 1 0 0 0 0 4 3 2 2 2 1 9 0 0 3 13 2 3 1 4 0 0 0 3
21110870 819 3 3 3 1 1 0 1 1 0 0 0 0 1 0 2 0 2 1 2 3 5 4 3 9 4 1 0 2 2 13 0
21110873 992 5 2 2 3 1 2 1 0 3 1 0 0 0 0 1 3 1 4 13 0 0 3 5 4 0 2 4 3 1 0 1 0 1
21110874 917 11 3 2 1 1 2 2 2 1 1 3 3 1 0 3 1 0 0 0 0 4 4 3 2 0 0 0 1 3 5 4 3 13 3 3 4 2 4 1
21110876 925 7 1 2 2 1 1 3 2 1 0 2 1 0 0 0 0 3 3 1 13 1 4 3 5 4 3 0 3 5 2 0 0 3 1 0
21110877 951 5 1 2 1 3 1 1 0 2 1 0 0 0 0 3 1 1 2 5 7 0 3 13 2 1 1 2 4 0 3 3 3 0
21110878 826 5 1 3 1 2 1 1 0 2 1 0 0 0 0 3 1 1 0 0 1 0 8 2 9 0 2 7 5 13 5 4 4 3
21110879 1011 10 1 2 3 3 2 1 1 3 3 1 1 0 2 1 0 0 0 0 4 2 4 1 2 2 2 1 3 3 1 13 4 4 0 0 0 3 2
21110880 975 9 3 1 1 2 3 3 1 2 1 1 0 3 1 0 0 0 0 4 2 3 2 0 2 4 0 2 3 3 0 1 7 5 0 5 3 13
21110882 918 7 2 2 3 2 3 2 3 1 0 1 1 0 0 0 0 0 4 3 3 0 3 0 5 1 5 0 13 3 3 0 3 6 1 1
21110883 960 10 2 3 1 1 3 2 1 3 1 3 1 0 2 1 0 0 0 0 4 2 4 0 0 0 2 1 3 2 0 5 2 5 1 13 4 3 0
21110884 889 5 2 3 3 2 1 1 0 1 1 0 0 0 0 1 2 2 1 0 0 0 2 0 0 0 5 4 3 0 13 4 3 3
21110885 765 3 2 2 3 1 0 1 1 0 0 0 0 0 2 1 6 3 3 4 13 7 2 1 0 3 0 3 0 0 0 1
21110887 906 0 1 0 3 1 0 0 0 0 0 0 0 2 0 0 5 1 1 2 0 3 5 3 0 3 8 13 0
21110888 971 11 1 1 3 3 1 3 1 2 2 2 2 1 0 3 1 0 0 0 0 4 4 3 7 8 2 1 2 1 5 13 5 1 6 2 0 0 3 0
21110890 909 6 1 2 1 3 3 2 1 0 3 1 0 0 0 0 2 2 2 5 1 3 2 3 2 13 3 0 5 3 5 0 1 0 3
21110892 780 0 1 0 3 1 0 0 0 0 0 0 0 0 0 3 1 0 3 6 2 7 2 1 13 3 5 4 4
21110893 752 6 3 1 3 1 2 3 1 0 1 1 0 0 0 0 2 1 3 2 0 0 3 8 0 0 2 4 2 5 1 3 4 13 3
21110895 804 4 3 2 1 1 1 0 2 1 0 0 0 0 2 1 1 3 3 3 3 0 6 13 5 0 3 3 8 0 0 4 3
21110896 836 5 3 1 1 3 2 1 0 3 1 0 0 0 0 2 1 2 1 2 1 0 4 6 5 2 0 3 2 13 0 5 4 4
21110897 815 3 1 2 1 1 0 1 1 0 0 0 0 2 1 0 0 2 3 0 4 7 4 4 3 2 4 5 13 2 6 1
21110900 888 8 2 1 1 1 2 2 3 3 1 0 1 1 0 0 0 0 3 3 2 13 1 3 0 3 8 3 0 2 8 4 0 2 0 3 3
21110902 836 3 2 3 1 1 0 1 1 0 0 0 0 1 1 1 0 0 2 3 0 3 5 1 3 2 3 13 0 0 7 0
21110903 911 9 3 2 1 1 2 2 3 2 3 1 0 1 1 0 0 0 0 2 4 3 0 7 2 0 3 6 3 3 3 6 3 1 1 13 3 0
21110904 948 10 1 1 3 3 3 2 2 2 3 1 1 0 1 1 0 0 0 0 3 3 4 0 0 2 0 13 8 1 0 3 4 4 3 2 2 6 1
21110906 987 1 1 1 0 2 1 0 0 0 0 1 0 0 3 0 7 1 2 5 0 0 2 4 1 0 13 3 3 0
21110907 843 4 2 3 1 2 1 0 2 1 0 0 0 0 1 2 1 3 1 13 0 2 3 2 0 4 3 4 3 1 1 0 1
21110908 864 1 3 1 0 1 1 0 0 0 0 0 0 1 1 2 3 13 0 3 5 4 0 2 3 3 2 0 1 0
21110909 901 8 1 3 2 2 1 3 1 3 1 0 1 1 0 0 0 0 3 2 3 0 2 0 0 13 5 1 0 2 4 4 6 2 2 1 3
21110910 896 9 2 3 1 1 3 2 2 3 1 3 1 4 0.33333333333333331 5 0.33333333333333331 6 0.33333333333333331 3 3 3 4 4 0 1 4 4 0 0 2 13 3 0 4 3 7 3
21110912 894 2 3 1 1 0 3 1 0 0 0 0 1 0 1 0 2 3 0 4 6 1 0 4 4 3 0 5 4 13 2
21110913 896 10 1 2 2 3 2 2 1 1 3 1 1 0 3 1 0 0 0 0 4 4 2 2 3 0 0 3 13 0 3 1 6 3 0 4 3 3 0
21110914 928 5 3 2 2 3 3 1 0 1 1 0 0 0 0 0 2 3 1 4 1 13 2 0 6 4 0 2 0 3 0 0 1 0
21110916 885 6 1 1 1 3 3 3 1 0 2 1 0 0 0 0 3 0 3 0 2 0 0 2 3 6 3 1 4 5 2 13 7 4 3
21110917 870 8 2 1 3 1 3 1 2 3 1 0 1 1 0 0 0 0 3 2 3 0 3 4 13 0 1 7 4 3 2 4 2 0 2 0 0
21110918 927 1 3 1 0 2 1 0 0 0 0 0 0 1 0 3 13 2 0 3 5 1 1 6 3 4 3 0 1 2
21110919 836 1 2 1 0 1 1 0 0 0 0 0 1 0 0 0 0 3 0 1 3 4 4 3 4 2 1 4 2 13
21110921 909 7 1 3 3 1 2 2 3 1 0 3 1 0 0 0 0 2 2 3 2 4 3 13 3 3 5 9 0 4 3 3 0 0 7 1
21110922 913 4 1 2 1 3 1 0 3 1 0 0 0 0 2 1 1 2 2 3 13 0 1 4 5 0 5 1 4 0 2 3 0
21110924 1033 5 2 1 1 2 3 1 0 3 1 0 0 0 0 2 2 1 0 2 0 0 0 0 1 3 2 4 3 9 1 6 7 13
21110926 866 6 1 3 1 1 2 2 1 0 3 1 0 0 0 0 3 2 1 2 13 2 3 6 8 7 3 3 5 4 5 0 3 1 0
21110927 997 0 1 0 1 1 0 0 0 0 0 0 0 0 7 8 13 4 6 4 6 3 7 6 3 0 3 0 2
21110928 791 11 3 3 3 1 1 2 2 2 1 1 3 1 0 2 1 0 0 0 0 4 3 4 4 2 6 1 3 5 4 13 2 6 3 3 0 1 0 3
21110930 888 9 2 1 2 1 1 2 1 3 3 1 0 3 1 0 0 0 0 4 3 2 3 0 1 0 0 4 4 0 2 3 3 13 9 2 1 2
21110933 937 1 3 1 0 2 1 0 0 0 0 0 0 1 2 7 13 0 5 4 1 0 1 3 1 2 7 1 2 0
21110934 826 3 3 1 2 1 0 2 1 0 0 0 0 1 1 1 0 1 2 0 0 0 4 3 1 4 3 13 1 6 2 3
21110935 960 5 2 2 3 1 3 1 0 1 1 0 0 0 0 1 2 2 8 3 13 7 0 6 3 5 3 1 1 3 2 6 0 2
21110937 866 1 1 1 0 3 1 0 0 0 0 1 0 0 0 0 0 1 4 0 0 2 4 5 6 0 13 3 2 0
21110938 819 7 2 3 3 3 2 2 1 1 0 1 1 0 0 0 0 1 3 3 0 0 0 3 1 3 0 6 2 4 1 7 0 3 6 13
21110940 951 4 2 2 3 1 1 0 3 1 0 0 0 0 1 2 1 1 2 5 7 3 13 3 1 7 3 4 2 1 0 6 3
21110941 1056 6 1 1 2 1 1 3 1 0 2 1 0 0 0 0 4 1 1 0 6 8 2 3 5 7 13 0 4 3 4 0 3 2 0
21110943 865 2 2 1 1 0 3 1 0 0 0 0 1 1 0 0 4 0 3 0 3 0 3 4 2 1 2 1 3 13 4
21110944 1047 2 2 1 1 0 2 1 0 0 0 0 1 1 0 1 0 0 0 3 6 2 1 13 6 0 0 8 7 4 0
21110945 928 7 2 3 3 1 2 2 1 1 0 2 1 0 0 0 0 2 3 2 13 3 1 1 2 7 1 0 5 2 5 3 0 4 0 1
21110948 862 5 3 1 2 1 3 1 0 1 1 0 0 0 0 2 1 2 4 13 4 0 3 2 6 1 0 2 2 2 0 0 1 0
21110949 921 8 3 2 3 2 3 3 1 2 1 0 1 1 0 0 0 0 1 3 4 0 0 2 0 0 1 13 1 1 2 6 6 0 0 2 1
21110951 837 2 2 2 1 0 1 1 0 0 0 0 0 2 0 0 0 1 0 2 5 4 2 1 5 8 3 0 13 3 1
21110952 786 10 3 1 1 2 1 3 3 3 2 2 1 0 2 1 0 0 0 0 3 3 4 4 13 8 1 4 7 6 3 1 3 2 0 3 0 0 0
21110953 857 10 1 2 1 2 3 2 3 1 3 2 1 0 1 1 0 0 0 0 3 4 3 3 13 2 2 3 2 5 3 0 1 4 5 0 1 1 3
21110954 829 9 1 3 2 3 1 1 3 2 3 3 1 8 0.33333333333333331 9 0.33333333333333331 10 0.33333333333333331 3 2 4 4 13 3 0 3 5 0 0 5 7 0 0 4 1 2 2
21110955 930 9 1 1 1 3 1 3 2 2 3 1 0 3 1 0 0 0 0 4 2 3 4 13 8 0 3 7 4 0 2 6 2 0 1 4 0 2
21110956 910 8 1 2 2 2 1 3 3 1 1 0 3 1 0 0 0 0 3 3 2 0 0 3 0 13 3 3 2 4 4 5 3 3 4 1 0
21110957 1016 1 3 1 0 3 1 0 0 0 0 0 0 1 0 1 1 1 2 5 4 0 3 6 4 2 13 7 2 0
21110958 915 3 1 3 1 1 0 3 1 0 0 0 0 2 0 1 2 0 0 0 4 6 0 0 7 4 2 2 13 4 3 1
21110959 872 1 2 1 0 2 1 0 0 0 0 0 1 0 0 0 1 0 0 2 4 2 0 1 1 6 3 3 1 13
21110963 1046 4 2 1 2 3 1 0 1 1 0 0 0 0 1 2 1 2 0 3 0 4 3 4 2 5 4 1 0 13 3 1 0
21110965 958 0 1 0 3 1 0 0 0 0 0 0 0 3 0 2 0 0 13 1 6 3 5 3 6 0 4 2 1
21110966 875 3 1 2 3 1 0 3 1 0 0 0 0 1 1 1 1 2 0 0 4 4 0 0 9 5 5 0 13 6 3 3
21110967 961 5 2 2 2 3 1 1 0 1 1 0 0 0 0 1 3 1 3 5 0 0 2 4 1 0 1 4 6 0 2 3 13 1
21110970 977 0 1 0 3 1 0 0 0 0 0 0 0 1 0 3 0 0 0 2 1 2 5 6 3 3 3 3 13
21110972 750 9 2 1 2 3 1 3 2 2 1 1 0 1 1 0 0 0 0 3 4 2 4 13 3 2 3 0 8 3 5 3 4 0 1 3 0 0
21110973 799 4 3 2 1 2 1 0 2 1 0 0 0 0 1 2 1 1 1 5 4 0 3 4 4 0 13 2 5 0 0 1 0
21110974 964 11 1 1 3 2 2 3 2 2 1 3 3 1 0 1 1 0 0 0 0 3 4 4 2 4 1 2 3 2 13 3 0 3 3 1 1 2 0 1
21110975 963 6 1 3 2 3 3 1 1 0 1 1 0 0 0 0 2 1 3 13 4 4 1 8 7 3 0 4 2 0 0 2 2 0 0
21110977 1041 6 2 3 1 2 1 3 1 0 2 1 0 0 0 0 2 2 2 0 0 0 1 4 1 0 0 3 6 5 1 13 2 5 2
21110980 876 8 2 2 3 3 3 3 2 1 1 0 1 1 0 0 0 0 1 3 4 0 3 9 13 0 3 4 4 0 4 5 3 1 0 3 3
21110982 996 5 3 3 1 1 2 3 1 6 0.33333333333333331 7 0.33333333333333331 8 0.33333333333333331 2 1 2 3 2 3 0 5 13 3 2 3 3 1 1 2 0 3 0
21110983 890 8 3 3 3 2 1 1 2 1 1 0 2 1 0 0 0 0 3 2 3 3 1 0 0 3 6 0 0 2 4 0 0 13 1 4 2
21110985 1022 4 3 1 1 3 1 0 2 1 0 0 0 0 2 0 2 0 0 2 1 1 6 5 3 2 4 3 3 0 3 2 13
21110986 905 10 2 3 1 1 3 2 3 2 1 2 1 0 3 1 0 0 0 0 3 4 3 6 3 0 0 4 5 6 0 1 2 3 4 13 4 3 1
21110988 834 10 2 1 3 3 3 1 2 2 1 1 1 0 3 1 0 0 0 0 4 3 3 1 2 4 13 0 5 4 2 2 1 1 2 0 1 2 0
21110992 843 3 3 2 3 1 0 1 1 0 0 0 0 0 1 2 5 5 8 13 0 2 7 3 3 1 4 3 0 0 0 3
21110993 791 1 2 1 0 2 1 0 0 0 0 0 1 0 13 1 3 1 6 4 1 1 4 2 0 0 3 2 0 0
21110994 986 5 1 2 3 1 1 1 0 3 1 0 0 0 0 3 1 1 13 4 3 2 8 4 5 0 2 5 6 1 2 3 0 0
21110996 959 9 2 3 3 1 2 1 2 2 3 1 0 1 1 0 0 0 0 2 4 3 0 0 1 0 3 4 5 13 0 5 6 6 0 4 3 3
21110997 957 8 3 3 1 2 2 3 1 1 1 0 2 1 0 0 0 0 3 2 3 2 0 2 13 0 1 6 8 0 1 3 7 0 0 3 0
21110999 863 10 3 3 3 2 1 1 2 3 1 1 1 0 2 1 0 0 0 0 4 2 4 0 0 2 2 1 3 1 0 8 5 3 4 13 2 5 0
21111002 961 0 1 0 3 1 0 0 0 0 0 0 0 1 2 7 13 0 3 1 4 1 4 2 1 2 2 0 0
21111003 902 1 3 1 0 1 1 0 0 0 0 0 0 1 0 5 7 13 0 8 6 2 5 3 2 0 0 1 4 0
21111004 863 10 1 1 1 3 2 3 3 2 3 2 1 0 2 1 0 0 0 0 3 3 4 1 0 2 4 0 0 5 1 6 5 1 3 0 3 13 2
21111005 896 10 2 2 3 1 1 2 2 3 3 1 1 0 3 1 0 0 0 0 3 4 3 13 4 3 0 4 3 0 1 5 2 1 0 8 3 0 0
21111006 971 9 1 3 2 1 1 2 2 3 3 1 0 2 1 0 0 0 0 3 3 3 0 3 2 6 3 1 1 13 1 7 6 1 0 4 2 2
21111007 881 11 2 3 1 1 3 1 1 3 3 2 2 1 0 2 1 0 0 0 0 4 3 4 0 0 1 0 4 3 3 0 3 3 13 2 6 4 3 0
21111008 906 9 2 2 3 2 3 1 1 1 3 1 0 2 1 0 0 0 0 3 3 3 13 3 1 0 6 5 1 0 2 3 2 0 0 1 0 3
21111009 990 8 3 2 1 2 3 1 1 2 1 0 3 1 0 0 0 0 3 3 2 13 9 3 0 8 7 2 3 4 1 4 1 0 0 0 2
21111012 1084 4 1 3 1 3 1 0 2 1 0 0 0 0 2 0 2 3 13 3 3 2 1 5 4 0 0 3 3 0 2 0 0
21111013 1018 5 3 1 2 1 3 1 0 3 1 0 0 0 0 2 1 2 3 4 3 4 1 5 7 2 2 4 1 13 0 2 3 0
21111014 913 4 2 3 3 1 1 0 2 1 0 0 0 0 1 1 2 2 3 0 0 5 1 2 0 6 4 1 3 13 8 0 1
21111018 1020 10 3 1 1 2 1 1 3 2 3 2 1 0 3 1 0 0 0 0 4 3 3 0 1 3 3 0 1 13 3 6 4 2 2 2 2 1 4
21111019 804 10 1 3 3 3 2 1 2 2 2 3 1 0 1 1 0 0 0 0 2 4 4 1 0 0 0 3 3 8 3 5 3 7 0 13 4 5 6
21111022 967 9 1 2 1 3 1 3 1 3 2 1 0 2 1 0 0 0 0 4 2 3 2 13 3 3 4 4 5 1 4 6 2 3 0 0 2 1
21111027 838 1 2 1 0 2 1 0 0 0 0 0 1 0 4 5 4 1 5 4 0 3 1 13 2 0 4 0 1 0
21111030 788 10 1 1 3 3 2 2 2 3 2 3 1 0 1 1 0 0 0 0 2 4 4 0 3 4 13 0 2 5 4 0 0 3 4 1 3 0 1
21111031 801 2 3 1 1 0 2 1 0 0 0 0 1 0 1 0 1 0 2 0 3 5 1 0 1 4 7 2 2 4 13
21111032 839 1 1 1 0 3 1 0 0 0 0 1 0 0 3 13 2 6 2 3 4 0 0 1 4 2 0 1 0 0
21111033 884 0 1 0 3 1 0 0 0 0 0 0 0 1 2 0 0 1 2 0 0 3 6 4 5 13 8 6 0
21111034 912 0 1 0 2 1 0 0 0 0 0 0 0 2 3 0 0 1 4 0 0 13 7 5 3 3 5 3 1
21111036 831 5 1 2 2 3 2 1 0 3 1 0 0 0 0 1 3 1 1 1 0 0 4 4 0 0 2 2 1 3 13 4 8 1
21111037 900 8 1 1 2 2 1 3 1 2 1 0 3 1 0 0 0 0 4 3 1 3 3 3 0 13 5 8 0 4 5 6 2 3 4 4 4
21111038 694 5 1 3 2 3 1 1 0 2 1 0 0 0 0 2 1 2 2 1 0 0 3 5 7 0 4 3 4 0 5 2 13 1
21111039 811 3 3 2 2 1 0 2 1 0 0 0 0 0 2 1 0 0 0 1 4 0 3 1 1 6 4 0 13 4 3 0
21111041 914 6 3 1 1 3 3 2 1 0 1 1 0 0 0 0 2 1 3 1 4 0 0 3 2 2 2 3 4 5 4 13 3 4 0
21111042 784 6 2 3 3 2 1 3 1 0 1 1 0 0 0 0 1 2 3 0 1 2 0 2 3 13 3 1 5 4 3 0 7 3 3
21111043 860 11 2 3 1 2 1 3 1 1 3 2 3 1 0 2 1 0 0 0 0 4 3 4 1 13 1 0 9 6 5 0 2 4 7 2 4 3 0 3
21111045 929 1 1 1 0 2 1 0 0 0 0 1 0 0 13 8 3 2 4 8 6 5 5 4 3 0 1 0 0 0
21111046 900 4 1 1 2 2 1 0 1 1 0 0 0 0 2 2 0 2 0 0 0 2 1 3 0 3 4 5 0 3 4 13 3
21111051 885 11 3 3 3 3 2 1 1 2 2 1 2 1 0 1 1 0 0 0 0 3 4 4 13 7 3 2 4 6 1 0 3 5 8 1 3 2 3 0
21111052 989 4 1 1 1 1 1 0 3 1 0 0 0 0 4 0 0 0 2 2 4 0 0 3 13 0 3 7 8 3 2 6 2
21111054 982 4 2 1 1 3 1 0 2 1 0 0 0 0 2 1 1 0 0 2 0 5 4 1 0 3 13 3 0 3 2 0 1
21111055 835 10 2 1 1 3 1 2 2 3 2 3 1 0 1 1 0 0 0 0 3 4 3 3 3 0 0 4 5 2 0 2 3 1 0 13 1 3 3
21111056 839 6 3 2 3 1 1 1 1 0 3 1 0 0 0 0 3 1 2 4 3 3 0 8 2 1 2 13 5 0 0 2 3 0 0
21111057 870 0 1 0 2 1 0 0 0 0 0 0 0 2 0 5 0 1 3 1 13 6 7 4 6 0 0 8 3
21111058 751 9 2 1 3 1 3 2 2 2 3 1 0 1 1 0 0 0 0 2 4 3 2 5 1 3 5 7 4 3 0 13 4 3 6 3 0 1
21111060 1035 8 2 3 2 2 1 1 1 1 1 0 3 1 0 0 0 0 4 3 1 6 3 0 0 5 4 3 0 3 13 3 3 3 0 2 0
21111061 767 0 1 0 2 1 0 0 0 0 0 0 0 3 0 0 3 1 3 0 4 0 7 5 3 0 13 3 8
21111062 965 9 1 3 3 2 2 2 1 3 2 1 0 1 1 0 0 0 0 2 4 3 6 4 13 1 3 2 0 3 0 3 1 4 0 0 3 0
21111063 958 10 3 2 2 3 2 1 3 1 1 1 1 0 2 1 0 0 0 0 4 3 3 0 1 5 0 3 2 8 3 3 3 7 6 0 4 13 6
21111064 858 7 1 3 1 3 2 2 3 1 0 1 1 0 0 0 0 2 2 3 2 13 3 2 5 8 3 4 2 5 3 0 3 1 1 0
21111065 806 3 3 2 1 1 0 3 1 0 0 0 0 1 1 1 0 2 2 0 3 3 0 0 1 5 1 0 13 6 2 1
21111066 913 6 2 3 1 3 1 3 1 0 2 1 0 0 0 0 2 1 3 0 3 2 7 2 1 5 6 1 5 6 13 7 0 9 0
21111067 946 11 3 3 2 1 3 1 2 2 3 2 1 1 0 1 1 0 0 0 0 3 4 4 0 5 6 13 4 8 5 3 0 1 2 0 0 3 3 0
21111068 863 8 1 2 1 2 1 3 3 3 1 0 3 1 0 0 0 0 3 2 3 3 4 1 2 4 5 6 8 3 1 13 2 2 0 0 3
21111069 878 10 1 2 1 3 2 3 2 1 3 2 1 0 1 1 0 0 0 0 3 4 3 13 4 4 0 3 3 7 0 1 5 3 0 2 6 4 3
21111070 1049 2 3 2 1 0 3 1 0 0 0 0 0 1 1 0 3 3 1 13 4 2 0 6 3 1 0 4 8 3 0
21111071 879 1 3 1 0 2 1 0 0 0 0 0 0 1 3 0 6 1 0 0 4 5 0 3 7 13 0 1 3 2
21111073 876 6 3 1 3 1 2 2 1 0 3 1 0 0 0 0 2 2 2 0 3 0 2 0 1 1 3 0 7 4 2 4 2 1 13
21111075 824 9 3 2 2 3 2 3 3 1 2 1 0 1 1 0 0 0 0 1 4 4 0 13 2 3 0 3 5 2 1 4 3 1 1 0 3 1
21111076 885 3 2 1 2 1 0 1 1 0 0 0 0 1 2 0 13 5 2 1 4 5 6 0 3 3 3 3 3 0 0 0
21111077 865 6 3 1 1 3 1 1 1 0 2 1 0 0 0 0 4 0 2 0 3 0 0 0 2 3 5 3 1 4 13 2 5 2 2
21111079 815 6 3 1 3 2 1 2 1 0 1 1 0 0 0 0 2 2 2 3 6 1 4 3 6 13 3 0 2 2 2 0 0 0 1
21111081 891 11 1 3 3 1 3 2 2 2 1 2 1 1 0 3 1 0 0 0 0 4 4 3 1 2 0 0 3 3 2 0 4 3 6 2 1 5 13 1
21111082 894 11 2 3 1 1 2 3 3 1 3 1 2 1 0 2 1 0 0 0 0 4 3 4 0 0 0 2 0 9 5 3 4 7 3 3 1 5 8 13
21111084 973 7 3 1 1 2 1 2 2 1 0 3 1 0 0 0 0 3 3 1 1 13 2 3 3 1 4 0 4 5 4 2 2 3 1 3
21111086 877 8 1 2 3 3 1 2 1 3 1 0 3 1 0 0 0 0 3 2 3 0 0 2 2 0 0 5 1 1 4 7 3 2 6 7 13
21111088 969 2 2 2 1 0 2 1 0 0 0 0 0 2 0 3 13 3 0 1 3 3 3 3 5 3 0 0 1 1 0
21111089 876 5 1 1 1 3 3 1 0 2 1 0 0 0 0 3 0 2 4 1 13 9 0 3 3 2 0 2 4 6 0 3 2 3
21111090 836 6 2 2 2 3 1 3 1 0 3 1 0 0 0 0 1 3 2 13 8 5 0 3 5 4 1 3 5 1 2 6 1 3 0
21111092 910 11 3 1 3 2 1 1 3 3 2 1 2 1 0 2 1 0 0 0 0 4 3 4 3 13 2 1 1 4 5 7 0 3 4 0 0 2 0 0
21111093 790 10 1 3 2 1 2 3 2 2 3 3 1 0 1 1 0 0 0 0 2 4 4 0 2 5 3 0 1 3 1 1 1 13 9 3 2 4 2
21111095 895 1 3 1 0 2 1 0 0 0 0 0 0 1 13 1 0 2 7 1 0 0 5 3 3 0 3 0 0 0
21111096 847 2 2 1 1 0 3 1 0 0 0 0 1 1 0 3 6 7 3 5 4 5 3 7 3 1 0 13 3 2 0
21111097 865 10 3 3 1 2 2 2 3 1 1 2 3 1 4 0.33333333333333331 5 0.33333333333333331 6 0.33333333333333331 3 4 3 0 3 0 0 3 2 4 0 4 3 5 1 13 3 6 1
21111101 920 4 2 3 3 3 1 0 3 1 0 0 0 0 0 1 3 1 2 13 5 0 0 5 3 0 0 0 3 0 0 1 0
21111102 856 8 2 3 1 3 3 2 1 2 1 0 3 1 0 0 0 0 2 3 3 0 1 1 3 2 2 5 3 1 8 5 2 1 0 13 4
21111103 820 8 3 1 1 1 3 2 2 2 1 0 3 1 0 0 0 0 3 3 2 0 0 2 0 1 2 0 0 5 13 3 3 1 5 5 6
21111106 836 11 1 2 1 3 2 1 3 3 3 2 2 1 0 1 1 0 0 0 0 3 4 4 2 8 5 1 1 3 2 13 0 0 5 4 0 0 0 3
21111110 1078 6 2 1 3 2 3 1 1 0 3 1 0 0 0 0 2 2 2 1 0 0 1 2 0 0 0 4 5 3 2 13 7 4 0
21111112 875 10 2 2 2 2 1 3 1 3 3 3 1 0 1 1 0 0 0 0 2 4 4 13 2 4 1 1 7 4 3 1 6 0 0 2 3 0 0
21111114 1080 2 2 3 1 0 1 1 0 0 0 0 0 1 1 0 0 3 2 0 0 4 4 1 5 7 5 0 5 8 13
21111115 812 11 2 2 1 1 3 3 1 3 1 3 2 1 0 2 1 0 0 0 0 4 3 4 2 3 0 4 0 1 1 8 3 6 4 3 0 3 13 2
21111117 892 9 3 1 2 3 2 1 3 2 3 1 0 1 1 0 0 0 0 2 3 4 0 7 5 3 0 4 4 7 0 0 3 13 2 0 0 1
21111118 1002 2 3 2 1 0 3 1 0 0 0 0 0 1 1 13 6 5 1 4 5 1 0 3 3 0 0 0 0 0 2
21111119 839 8 2 2 3 3 1 3 2 2 1 0 3 1 0 0 0 0 1 4 3 3 1 0 0 5 0 1 1 1 4 4 0 13 2 0 0
21111120 998 3 1 1 1 3 1 7 0.33333333333333331 8 0.33333333333333331 9 0.33333333333333331 3 0 0 13 4 2 3 2 4 6 2 9 1 4 3 0 2 5 0
21111121 937 5 2 1 2 1 3 1 0 3 1 0 0 0 0 2 2 1 0 4 3 0 3 2 3 1 1 5 13 0 3 2 9 4
21111122 890 0 1 0 1 1 0 0 0 0 0 0 0 0 3 0 0 1 0 2 0 4 4 2 1 13 5 5 2
21111123 934 5 2 1 2 3 3 1 0 1 1 0 0 0 0 1 2 2 13 7 1 3 5 5 1 2 3 3 4 2 3 0 0 0
21111124 1000 2 3 1 1 0 3 1 0 0 0 0 1 0 1 3 2 0 0 1 3 2 0 2 5 3 1 6 8 13 0
21111126 868 6 1 2 2 2 1 1 1 0 3 1 0 0 0 0 3 3 0 0 0 3 0 3 4 13 0 5 3 4 0 1 3 2 3
21111127 862 1 2 1 0 1 1 0 0 0 0 0 1 0 7 4 3 3 13 6 2 0 3 5 1 0 0 3 0 0
21111130 851 2 1 2 3 1 7 0.33333333333333331 8 0.33333333333333331 9 0.33333333333333331 1 1 0 1 4 13 3 0 0 4 4 0 3 4 4 2 0 0 0
21111132 755 8 1 2 2 2 2 3 1 1 1 0 3 1 0 0 0 0 3 4 1 6 5 8 3 3 4 13 5 2 4 1 1 0 0 3 4
21111133 880 1 3 1 0 2 1 0 0 0 0 0 0 1 4 0 3 3 5 4 6 0 6 2 4 1 4 13 3 1
21111134 844 2 1 2 1 0 3 1 0 0 0 0 1 1 0 5 13 2 3 3 4 3 2 5 0 1 3 1 5 0 0
21111135 850 0 1 0 3 1 0 0 0 0 0 0 0 0 0 0 1 0 0 0 7 2 5 3 3 3 4 3 13
21111136 953 2 1 1 1 0 1 1 0 0 0 0 2 0 0 13 4 2 2 3 4 4 0 2 3 7 0 0 0 0 3
21111139 946 7 3 2 3 2 1 1 3 1 0 1 1 0 0 0 0 2 2 3 4 1 2 0 4 6 3 0 5 13 2 3 4 8 6 3
21111142 763 5 2 2 1 2 1 1 0 3 1 0 0 0 0 2 3 0 2 8 6 3 13 5 0 3 3 1 0 0 0 0 1 0
21111146 768 8 2 1 2 1 1 3 3 3 1 0 2 1 0 0 0 0 3 2 3 0 0 0 2 1 3 4 13 0 2 1 5 0 4 3 4
21111147 825 9 3 3 1 1 2 3 2 1 2 1 0 1 1 0 0 0 0 3 3 3 2 2 1 3 2 5 13 2 1 3 4 4 0 1 3 3
21111148 979 9 1 1 1 2 3 2 1 2 2 1 0 3 1 0 0 0 0 4 4 1 0 0 0 7 3 13 3 2 0 4 6 3 0 1 3 3
21111149 1033 5 3 2 1 2 1 1 0 2 1 0 0 0 0 2 2 1 13 1 4 0 5 4 2 0 9 1 3 2 0 0 3 1
21111151 806 5 3 1 2 1 2 1 0 3 1 0 0 0 0 2 2 1 2 3 0 0 4 8 5 1 13 4 0 1 2 4 3 0
21111153 851 3 1 1 3 1 0 2 1 0 0 0 0 2 0 1 0 1 0 0 3 0 2 0 1 4 2 3 13 5 3 2
21111154 790 11 3 2 3 3 2 1 3 1 1 2 1 1 0 2 1 0 0 0 0 4 3 4 0 0 2 1 6 2 4 13 1 3 1 3 3 7 4 2
21111156 845 5 3 2 1 3 2 1 0 1 1 0 0 0 0 1 2 2 2 3 3 3 3 13 7 6 0 3 8 6 0 0 0 1
21111157 842 4 1 2 1 1 1 0 2 1 0 0 0 0 3 1 0 0 0 4 2 0 0 3 5 3 13 5 3 1 3 4 2
21111158 940 2 3 3 1 0 2 1 0 0 0 0 0 0 2 13 1 8 3 3 6 3 0 4 5 3 0 1 2 0 0
21111160 909 9 3 2 2 1 2 1 3 2 1 1 0 1 1 0 0 0 0 3 4 2 3 3 0 0 0 2 1 0 3 7 1 0 4 2 13 3
21111162 921 3 2 3 1 1 0 2 1 0 0 0 0 1 1 1 1 0 0 0 0 0 3 8 1 5 2 7 3 8 7 13
21111163 1001 4 3 1 2 2 3 1 6 0.33333333333333331 7 0.33333333333333331 8 0.33333333333333331 1 2 1 3 1 0 4 0 0 5 4 0 0 3 6 0 3 4 13
21111164 972 11 3 2 2 1 1 3 1 3 3 2 1 1 0 2 1 0 0 0 0 4 3 4 3 2 0 1 4 7 2 0 1 7 6 3 4 13 0 0
21111165 972 8 2 1 3 1 2 3 2 1 1 0 3 1 0 0 0 0 3 3 2 2 1 1 13 0 4 1 5 0 0 2 4 0 3 0 2
21111167 949 4 3 2 2 3 1 0 1 1 0 0 0 0 0 2 2 2 2 0 0 1 5 1 0 1 7 4 2 13 4 3 1
21111169 945 0 1 0 1 1 0 0 0 0 0 0 0 0 0 2 2 0 4 8 1 3 2 4 6 1 6 4 13
21111170 959 11 3 1 2 3 2 1 3 2 1 3 2 1 0 1 1 0 0 0 0 3 4 4 0 0 4 3 3 13 7 2 1 3 3 0 2 1 4 0
21111172 853 11 2 2 2 3 3 1 1 2 1 3 3 1 0 1 1 0 0 0 0 3 4 4 3 5 13 0 2 5 1 3 2 0 6 0 0 0 0 1
21111175 842 11 1 1 3 2 1 2 1 2 3 3 2 1 0 3 1 0 0 0 0 4 4 3 3 2 0 0 4 5 4 1 5 8 4 0 13 6 5 6
21111176 847 10 3 1 2 1 2 3 3 1 3 1 1 0 2 1 0 0 0 0 4 2 4 4 4 4 0 6 2 1 0 7 1 13 0 0 0 2 2
21111179 873 10 2 2 2 1 1 1 3 3 2 3 1 0 3 1 0 0 0 0 3 4 3 3 3 13 4 0 1 2 0 0 5 2 1 0 4 0 1
21111181 779 8 1 1 1 2 3 3 3 2 1 0 2 1 0 0 0 0 3 2 3 1 0 0 0 13 6 4 0 4 5 4 0 3 3 3 2
21111183 889 11 1 1 2 2 3 3 3 1 2 1 2 1 0 3 1 0 0 0 0 4 4 3 3 13 4 1 4 4 2 0 0 5 4 0 3 3 0 0
21111184 841 6 1 1 3 2 3 3 1 0 2 1 0 0 0 0 2 1 3 2 4 1 13 0 3 5 2 3 3 0 0 0 0 1 0
21111185 960 6 3 1 1 2 3 1 1 0 3 1 0 0 0 0 3 1 2 0 6 4 2 2 4 5 4 0 2 3 13 0 1 0 0
21111188 920 0 1 0 2 1 0 0 0 0 0 0 0 6 8 4 0 4 3 13 0 3 3 1 3 3 5 0 0
21111191 738 11 3 2 1 2 1 3 1 3 2 1 3 1 0 2 1 0 0 0 0 4 3 4 0 1 2 0 2 1 0 1 3 5 4 0 13 7 6 2
21111192 939 10 2 3 1 1 3 1 1 3 2 2 1 0 3 1 0 0 0 0 4 3 3 3 2 13 7 5 3 7 0 0 4 3 0 2 1 0 0
21111193 834 5 1 3 3 3 1 1 0 2 1 0 0 0 0 2 0 3 0 2 0 0 3 1 3 2 1 3 13 4 5 3 3 2
21111194 897 4 3 2 3 2 1 0 1 1 0 0 0 0 0 2 2 2 0 0 3 3 1 4 6 2 5 7 3 1 3 13 1
21111195 749 5 1 2 1 2 3 1 0 3 1 0 0 0 0 2 2 1 0 1 0 0 1 2 3 3 2 3 3 5 3 4 3 13
21111196 873 11 2 1 3 3 2 2 3 1 2 1 3 1 0 1 1 0 0 0 0 3 4 4 0 2 1 0 13 6 4 3 6 3 3 0 3 4 3 0
21111198 902 0 1 0 3 1 0 0 0 0 0 0 0 0 2 0 0 5 4 3 3 1 5 7 4 13 3 3 0
