21310597 1495 11 1 2 1 3 3 2 3 1 3 1 2 1 0 2 1 0 0 0 0 4 3 4 2 4 0 0 0 3 9 1 2 4 14 7 0 1 3 5
21310598 1259 8 2 3 2 2 1 1 1 3 1 0 1 1 0 0 0 0 3 3 2 3 4 3 6 0 5 3 2 2 1 4 14 0 5 4 4
21310602 1342 5 1 3 1 3 3 1 0 2 1 0 0 0 0 2 0 3 0 0 0 7 2 3 14 3 0 8 7 4 0 3 3 3
21310614 1119 10 3 3 3 1 1 1 2 2 3 2 1 0 2 1 0 0 0 0 3 3 4 4 1 0 1 2 7 8 0 5 2 4 0 14 1 0 0
21310621 1522 0 1 0 3 1 0 0 0 0 0 0 0 0 2 3 0 1 4 1 3 0 14 7 5 0 2 4 3
21310622 1281 11 3 1 2 1 3 2 3 3 1 1 2 1 0 2 1 0 0 0 0 4 3 4 1 3 2 0 3 4 4 3 14 7 5 0 1 3 2 0
21310625 1456 9 1 3 3 1 3 2 2 3 2 1 0 2 1 0 0 0 0 2 3 4 0 0 3 6 1 4 3 14 0 4 6 6 0 0 1 7
21310628 1290 2 2 3 1 0 1 1 0 0 0 0 0 1 1 1 14 3 0 2 8 5 4 1 4 2 0 3 1 2 3
21310632 1433 7 3 3 1 3 3 2 2 1 0 2 1 0 0 0 0 1 2 4 1 1 0 0 0 1 3 5 0 3 1 14 0 2 3 2
21310646 1546 11 2 1 2 2 2 3 3 1 1 3 3 1 0 1 1 0 0 0 0 3 4 4 1 2 0 0 6 14 4 3 4 1 0 0 2 3 4 10
21310649 1408 6 2 2 3 1 3 2 1 0 3 1 0 0 0 0 1 3 2 1 3 0 1 2 3 6 1 0 0 2 14 0 4 5 1
21310650 1215 1 3 1 0 1 1 0 0 0 0 0 0 1 0 0 3 5 0 3 4 6 0 3 3 14 3 2 0 3
21310652 1367 10 2 3 1 3 3 2 2 1 1 1 1 0 2 1 0 0 0 0 4 3 3 2 14 1 0 7 6 3 0 4 0 3 0 1 0 2 3
21310655 1289 4 3 3 2 3 1 0 1 1 0 0 0 0 0 1 3 0 0 0 2 0 0 4 1 3 3 3 4 0 3 3 14
21310656 1408 11 3 2 2 1 1 2 1 2 1 3 3 1 0 3 1 0 0 0 0 4 4 3 2 3 0 1 3 2 3 3 2 5 14 1 3 6 1 0
21310657 1529 1 1 1 0 1 1 0 0 0 0 1 0 0 0 4 14 3 5 4 6 3 3 8 2 4 0 4 2 3
21310669 1508 1 3 1 0 2 1 0 0 0 0 0 0 1 3 0 1 0 1 2 0 2 4 4 9 1 3 3 14 3
21310673 1533 6 3 1 2 1 1 1 1 0 3 1 0 0 0 0 4 1 1 0 0 4 1 3 3 14 5 2 2 3 9 0 0 2 2
21310676 1371 0 1 0 2 1 0 0 0 0 0 0 0 4 3 0 0 5 3 5 0 14 2 0 0 3 3 1 1
21310677 1440 10 1 2 3 3 2 2 3 2 1 1 1 0 1 1 0 0 0 0 3 4 3 0 3 0 4 0 4 5 3 3 14 3 5 0 3 6 0
21310680 1335 4 2 1 2 2 1 0 1 1 0 0 0 0 1 3 0 0 4 4 14 1 5 2 3 1 1 4 3 0 0 3 2
21310685 1335 6 3 1 1 2 3 2 1 0 1 1 0 0 0 0 2 2 2 0 8 14 5 2 4 4 3 0 6 1 2 0 0 7 3
21310689 1302 4 2 1 1 3 1 0 2 1 0 0 0 0 2 1 1 0 3 3 0 1 2 5 3 0 14 7 1 4 2 3 3
21310697 1694 9 2 3 3 1 2 3 3 1 2 1 0 1 1 0 0 0 0 2 3 4 2 3 4 0 14 9 1 2 8 7 6 3 1 5 3 0
21310703 1408 1 3 1 0 1 1 0 0 0 0 0 0 1 4 1 3 0 3 1 2 0 2 14 4 2 2 7 3 1
21310707 1432 5 3 1 3 2 2 0 0 0 0 0 0 0 0 1 2 2 6 4 1 1 5 7 5 3 14 8 10 2 2 3 1 5
21310710 1361 6 2 3 2 1 1 3 1 0 2 1 0 0 0 0 2 2 2 0 4 3 1 3 2 1 1 2 6 3 6 3 9 14 3
21310714 1361 4 2 2 3 1 1 0 1 1 0 0 0 0 1 2 1 3 9 7 4 1 14 3 3 4 1 3 2 3 2 0 0
21310715 1206 6 3 3 2 1 2 1 1 0 2 1 0 0 0 0 2 2 2 3 2 3 1 14 1 4 0 4 4 0 3 1 2 0 0
21310723 1298 5 2 3 3 3 2 3 1 8 0.33333333333333331 9 0.33333333333333331 10 0.33333333333333331 0 2 3 3 6 4 1 0 8 14 1 0 2 5 3 1 3 0 3
21310729 1265 9 1 2 2 2 3 3 3 1 3 1 0 1 1 0 0 0 0 2 3 4 3 0 1 2 4 1 4 1 6 14 6 5 2 2 3 7
21310731 1404 2 1 1 1 0 3 1 0 0 0 0 2 0 0 1 2 3 4 5 3 14 2 0 6 3 4 0 2 0 3
21310740 1303 3 1 3 2 1 0 1 1 0 0 0 0 1 1 1 2 0 0 0 3 4 2 0 1 9 4 2 14 7 4 1
21310747 1415 11 3 1 1 1 3 3 3 1 2 2 2 1 0 2 1 0 0 0 0 4 3 4 3 1 14 0 4 5 6 7 2 3 3 3 4 3 0 0
