21110801 589 11 1 3 3 3 2 3 2 2 1 2 1 1 0 1 1 0 0 0 0 3 4 4 2 8 4 12 2 6 7 0 1 3 4 5 0 0 3 1
21110802 646 0 1 0 2 1 0 0 0 0 0 0 0 0 4 3 3 4 12 3 0 4 2 4 1 3 1 0 0
21110803 550 6 2 3 3 1 2 2 1 0 1 1 0 0 0 0 1 3 2 1 5 7 12 0 3 5 3 2 0 1 3 0 0 3 0
21110804 570 8 3 2 1 1 2 3 3 1 1 0 1 1 0 0 0 0 3 2 3 2 2 0 2 5 3 3 0 5 6 5 1 12 7 5 0
21110805 525 4 1 2 3 1 1 0 1 1 0 0 0 0 2 1 1 3 1 12 0 2 4 1 0 2 3 5 3 3 2 0 2
21110806 516 6 2 2 3 1 1 3 1 0 1 1 0 0 0 0 2 2 2 2 0 4 0 3 1 2 3 2 4 12 0 3 1 4 0
21110807 597 7 3 1 3 3 2 1 1 1 0 2 1 0 0 0 0 3 1 3 1 3 7 8 0 12 5 0 2 5 4 0 2 0 0 0
21110808 599 6 2 3 1 1 3 2 1 0 1 1 0 0 0 0 2 2 2 0 3 3 0 0 4 5 2 0 12 4 4 2 1 6 4
21110809 601 10 2 3 3 2 3 2 2 3 1 1 1 0 1 1 0 0 0 0 2 4 4 3 0 0 1 6 2 0 0 2 6 4 1 3 12 1 0
21110810 499 10 2 2 3 3 1 3 1 1 2 1 1 0 3 1 0 0 0 0 4 3 3 12 3 2 2 5 4 3 0 4 1 1 0 0 2 0 0
21110811 552 11 2 2 1 1 3 2 3 1 2 1 3 1 0 3 1 0 0 0 0 4 4 3 12 3 4 4 3 5 1 2 3 2 3 0 0 0 0 1
21110812 591 0 1 0 2 1 0 0 0 0 0 0 0 2 3 1 3 1 3 2 4 7 3 3 0 12 1 4 0
21110813 404 6 2 3 2 1 1 3 1 0 2 1 0 0 0 0 2 2 2 12 1 0 1 3 6 3 0 4 3 0 0 0 2 3 0
21110814 498 6 3 2 1 2 1 3 1 0 2 1 0 0 0 0 2 2 2 3 0 3 5 3 6 4 0 12 7 5 0 3 4 3 1
21110815 631 2 1 3 3 1 6 0.33333333333333331 7 0.33333333333333331 8 0.33333333333333331 1 0 1 0 3 1 1 0 2 2 5 0 3 3 3 2 12 5 4
21110816 490 7 1 1 1 1 3 3 3 1 0 2 1 0 0 0 0 4 0 3 3 3 0 0 4 5 2 0 7 6 2 2 12 5 3 0
21110817 484 8 2 1 3 3 2 1 2 3 1 0 1 1 0 0 0 0 2 3 3 0 3 12 3 1 2 5 3 0 4 0 3 0 5 3 0
21110818 557 9 1 2 1 2 3 1 2 1 3 1 0 2 1 0 0 0 0 4 3 2 3 0 0 7 0 2 12 5 1 3 1 2 0 1 3 2
21110819 536 7 1 1 1 3 2 2 2 1 0 3 1 0 0 0 0 3 3 1 1 12 6 4 4 7 5 1 4 3 3 3 2 0 2 0
21110820 559 3 3 1 2 1 0 2 1 0 0 0 0 1 1 1 4 12 3 0 4 4 0 0 4 5 3 0 6 3 0 1
21110821 522 9 2 1 3 2 3 3 2 3 1 1 0 1 1 0 0 0 0 2 3 4 12 5 2 1 3 5 4 0 1 6 3 0 3 2 0 0
21110822 452 10 1 3 1 3 2 2 1 3 1 2 1 0 3 1 0 0 0 0 4 3 3 12 7 3 0 1 0 4 0 3 2 0 3 2 0 0 0
21110823 543 9 1 3 2 2 1 1 2 3 3 1 0 2 1 0 0 0 0 3 3 3 0 0 1 0 2 4 5 5 0 0 7 6 3 1 12 3
21110824 566 10 1 1 2 3 1 2 3 3 2 3 1 0 2 1 0 0 0 0 3 3 4 1 3 0 0 3 4 3 0 12 7 1 0 4 3 3 2
21110825 545 5 2 1 2 3 3 1 0 1 1 0 0 0 0 1 2 2 3 4 7 12 0 0 5 4 0 0 1 4 0 0 2 0
21110826 540 4 3 2 2 1 1 0 2 1 0 0 0 0 1 2 1 12 1 3 0 3 8 1 1 4 2 3 0 3 2 0 1
21110827 598 4 1 1 2 2 1 0 1 1 0 0 0 0 2 2 0 4 12 5 4 0 5 3 4 0 3 2 0 0 0 0 3
21110828 584 3 3 2 2 1 0 3 1 0 0 0 0 0 2 1 2 0 12 4 0 1 5 2 0 1 5 1 0 0 7 1
21110829 604 3 3 1 2 1 0 2 1 0 0 0 0 1 1 1 0 3 5 12 1 3 4 7 0 0 4 3 0 3 1 2
21110830 605 1 1 1 0 3 1 0 0 0 0 1 0 0 0 12 5 8 0 2 5 5 3 4 4 1 0 0 0 2
21110831 450 2 2 1 1 0 3 1 0 0 0 0 1 1 0 0 6 0 2 0 3 3 7 0 5 5 5 2 1 1 12
21110832 552 0 1 0 3 1 0 0 0 0 0 0 0 4 0 0 0 3 6 2 1 3 3 0 0 12 7 3 0
21110833 500 4 2 3 3 2 1 0 3 1 0 0 0 0 0 2 2 12 3 0 0 3 6 3 1 4 2 3 0 0 1 0 1
21110834 556 6 3 1 2 2 1 1 1 0 2 1 0 0 0 0 3 2 1 3 4 3 1 2 3 4 12 0 6 5 4 0 2 1 3
21110835 570 5 3 1 1 2 3 1 0 2 1 0 0 0 0 2 1 2 0 0 3 2 1 0 2 0 1 4 5 4 2 12 1 0
21110836 583 4 1 3 3 3 1 0 2 1 0 0 0 0 1 0 3 2 0 0 0 0 1 1 3 2 6 4 0 12 4 3 0
21110839 549 11 2 3 2 1 1 1 2 2 3 3 3 1 0 1 1 0 0 0 0 3 4 4 0 0 0 6 2 2 4 5 0 0 1 5 0 1 5 12
21110840 442 8 2 1 2 3 1 3 1 2 1 0 3 1 0 0 0 0 3 3 2 0 0 1 0 0 0 2 5 2 3 1 6 4 5 12 3
21110841 561 0 1 0 1 1 0 0 0 0 0 0 0 0 3 2 3 3 1 2 0 1 3 6 3 2 4 12 0
21110842 614 11 3 1 3 2 3 2 1 1 3 2 2 1 0 1 1 0 0 0 0 3 4 4 1 5 5 12 2 3 2 9 0 0 1 6 0 0 0 3
21110843 515 8 2 2 1 1 2 1 3 2 1 0 3 1 0 0 0 0 3 4 1 3 4 12 1 3 5 6 4 6 2 4 1 3 1 3 2
21110844 502 5 1 2 3 3 2 1 0 1 1 0 0 0 0 1 2 2 2 3 3 12 0 6 6 6 1 1 2 3 0 4 3 0
21110845 533 10 1 3 1 3 2 3 1 1 3 2 3 1 5 0.33333333333333331 6 0.33333333333333331 7 0.33333333333333331 4 2 4 0 3 1 2 1 6 5 12 2 3 2 4 0 0 0 2
21110846 609 10 2 3 1 3 3 1 1 2 1 3 1 0 2 1 0 0 0 0 4 2 4 0 0 0 3 2 2 2 4 0 0 1 7 0 1 3 12
21110847 564 1 3 1 0 1 1 0 0 0 0 0 0 1 1 12 3 0 2 5 7 5 3 3 3 0 3 3 2 3
21110848 630 4 2 3 3 2 1 0 2 1 0 0 0 0 0 2 2 1 2 1 1 0 5 3 3 0 2 6 12 0 3 1 1
21110849 551 6 3 2 2 2 2 3 1 0 1 1 0 0 0 0 0 4 2 12 6 4 1 3 3 5 3 0 1 3 0 1 0 0 0
21110850 563 4 3 1 1 1 1 0 2 1 0 0 0 0 3 0 1 0 2 0 6 2 4 4 3 5 7 5 0 12 8 3 0
21110851 557 1 2 1 0 3 1 0 0 0 0 0 1 0 3 2 1 0 0 1 4 3 0 3 5 5 0 12 7 6
21110852 503 6 2 3 3 3 3 1 1 0 2 1 0 0 0 0 1 1 4 0 5 2 0 0 4 3 0 2 3 12 1 1 3 1 3
21110854 492 5 1 1 1 2 2 1 0 1 1 0 0 0 0 3 2 0 12 3 2 3 7 3 2 0 6 1 3 0 3 0 2 0
21110855 409 2 1 2 1 0 1 1 0 0 0 0 1 1 0 4 2 12 3 1 2 7 6 3 3 3 5 1 2 0 0
21110856 490 6 2 2 2 1 3 3 3 1 4 0.33333333333333331 5 0.33333333333333331 6 0.33333333333333331 1 3 2 12 2 4 1 8 1 0 0 5 4 0 0 0 1 0 0
21110857 579 0 1 0 1 1 0 0 0 0 0 0 0 5 7 12 2 4 4 4 0 4 0 2 0 1 0 0 0
21110858 543 11 3 2 1 3 3 2 2 3 1 2 1 1 0 1 1 0 0 0 0 3 4 4 3 3 2 1 2 3 4 3 12 3 5 1 0 3 0 0
21110859 516 3 3 2 2 1 0 3 1 0 0 0 0 0 2 1 4 2 5 12 0 6 4 1 0 5 5 1 0 1 1 2
21110860 486 1 1 1 0 3 1 0 0 0 0 1 0 0 0 12 7 6 2 3 4 3 5 3 5 3 0 0 3 3
21110861 538 7 1 3 2 3 1 1 2 1 0 2 1 0 0 0 0 3 2 2 4 1 7 2 2 4 5 1 0 6 12 3 7 8 5 4
21110862 512 2 2 2 1 0 1 1 0 0 0 0 0 2 0 2 12 3 3 1 3 4 4 3 0 6 5 1 0 0 3
21110863 518 2 1 1 1 0 1 1 0 0 0 0 2 0 0 0 3 2 0 2 3 5 3 0 3 2 3 0 12 6 4
21110864 511 4 2 3 1 1 1 0 2 1 0 0 0 0 2 1 1 3 0 0 0 3 3 1 3 4 6 2 0 12 4 5 0
21110865 621 2 1 1 1 0 1 1 0 0 0 0 2 0 0 0 2 6 3 0 7 2 2 3 5 5 2 3 1 3 12
21110866 508 2 3 2 1 0 3 1 0 0 0 0 0 1 1 0 0 1 2 0 0 4 4 0 5 7 4 5 4 1 12
21110867 575 5 3 2 3 1 1 1 0 3 1 0 0 0 0 2 1 2 2 1 0 0 0 0 2 3 0 1 5 4 0 2 12 4
21110868 546 1 2 1 0 1 1 0 0 0 0 0 1 0 0 2 9 12 0 6 3 5 4 3 4 3 1 0 1 2
21110869 474 1 1 1 0 2 1 0 0 0 0 1 0 0 4 12 3 4 1 1 5 3 0 0 4 2 0 0 3 2
21110870 508 8 2 1 3 2 2 1 3 2 1 0 1 1 0 0 0 0 2 4 2 3 0 1 2 1 4 6 3 0 3 4 12 0 0 0 6
21110871 587 5 1 3 3 3 3 1 0 1 1 0 0 0 0 1 0 4 0 2 0 1 3 4 0 2 3 7 3 0 12 2 6 4
21110872 566 2 3 2 1 0 3 1 0 0 0 0 0 1 1 2 3 0 0 7 1 1 3 3 6 2 0 12 3 3 1
21110873 515 4 3 1 2 1 1 0 3 1 0 0 0 0 2 1 1 0 12 4 1 7 6 5 4 6 4 6 1 2 0 2 2
21110874 536 7 1 2 2 2 3 2 3 1 0 1 1 0 0 0 0 1 4 2 0 3 0 0 0 1 0 3 0 4 3 5 3 12 5 1
21110875 547 10 1 1 2 1 2 3 3 2 2 1 1 0 3 1 0 0 0 0 4 4 2 3 0 1 12 0 3 4 5 0 2 5 4 0 0 3 3
21110876 586 7 1 2 3 1 1 2 2 3 1 7 0.33333333333333331 8 0.33333333333333331 9 0.33333333333333331 3 3 1 1 2 3 12 4 3 6 3 0 1 3 3 0 0 2 3
21110877 552 3 3 2 1 1 0 2 1 0 0 0 0 1 1 1 1 0 0 0 5 0 0 1 7 5 3 2 12 4 3 0
21110878 545 7 2 2 3 1 3 2 1 3 1 7 0.33333333333333331 8 0.33333333333333331 9 0.33333333333333331 2 3 2 1 6 3 12 4 5 5 6 0 3 2 4 0 0 1 0
21110879 540 5 2 2 2 1 1 1 0 3 1 0 0 0 0 2 3 0 0 3 4 12 1 5 3 3 3 1 4 3 0 0 2 0
21110880 590 1 2 1 0 3 1 0 0 0 0 0 1 0 1 3 4 12 0 5 3 4 2 4 3 4 0 1 0 0
21110881 643 8 1 3 2 3 1 2 3 2 1 0 1 1 0 0 0 0 2 3 3 12 6 0 2 8 5 4 1 5 4 3 0 3 0 3 0
21110882 568 7 2 2 3 1 2 1 3 1 0 3 1 0 0 0 0 2 3 2 0 1 0 0 0 4 3 4 0 2 5 4 1 12 8 6
21110883 550 7 2 3 1 1 2 1 3 1 0 3 1 0 0 0 0 3 2 2 0 2 0 3 0 5 1 2 0 3 3 3 3 12 7 5
21110884 545 7 3 1 3 3 2 2 1 1 0 1 1 0 0 0 0 2 2 3 0 5 0 0 1 3 6 4 0 2 3 3 0 12 4 2
21110885 508 3 3 2 1 1 0 1 1 0 0 0 0 1 1 1 3 0 0 0 3 4 3 2 5 6 3 0 12 2 1 0
21110886 535 10 3 2 3 2 1 1 2 3 3 1 1 0 1 1 0 0 0 0 3 3 4 12 8 5 1 1 8 4 3 2 3 2 0 2 0 0 0
21110887 546 7 1 2 3 1 3 2 1 1 0 3 1 0 0 0 0 3 2 2 0 0 2 0 0 0 3 1 3 5 5 0 12 5 3 2
21110888 519 2 1 2 1 0 1 1 0 0 0 0 1 1 0 2 4 3 3 3 4 5 9 0 3 12 4 0 0 3 3
21110889 535 4 3 2 2 1 1 0 1 1 0 0 0 0 1 2 1 3 1 4 12 4 3 2 1 2 3 3 0 0 3 0 0
21110890 542 10 3 3 2 1 3 3 2 1 1 1 1 0 2 1 0 0 0 0 4 2 4 2 4 0 0 1 2 0 0 5 6 5 1 12 7 4 2
21110891 478 4 1 2 2 3 1 0 1 1 0 0 0 0 1 2 1 2 0 1 1 2 0 3 0 4 6 3 0 12 8 3 0
21110892 492 1 2 1 0 1 1 0 0 0 0 0 1 0 3 2 3 0 2 4 1 0 3 3 1 0 1 4 12 2
21110893 483 6 2 2 1 2 1 3 1 0 1 1 0 0 0 0 2 3 1 3 2 0 0 2 5 3 0 1 7 3 1 4 12 0 3
21110894 525 4 3 3 2 1 1 0 3 1 0 0 0 0 1 1 2 0 0 3 5 0 1 3 6 2 0 3 12 0 0 5 0
21110895 508 2 1 3 3 1 4 0.33333333333333331 5 0.33333333333333331 6 0.33333333333333331 1 0 1 2 12 7 5 0 1 5 5 0 0 4 5 0 0 2 3
21110896 508 2 3 1 1 0 2 1 0 0 0 0 1 0 1 0 1 12 4 2 3 3 1 2 6 2 0 0 1 3 0
21110897 533 1 3 1 0 1 1 0 0 0 0 0 0 1 0 1 0 0 2 4 12 2 0 0 3 6 0 3 3 4
21110898 495 6 2 2 1 1 1 3 1 0 2 1 0 0 0 0 3 2 1 0 0 0 3 0 1 6 4 2 0 4 12 0 4 3 3
21110899 520 4 1 1 2 1 1 0 3 1 0 0 0 0 3 1 0 2 0 3 4 2 6 4 3 0 3 7 3 0 0 4 12
21110900 563 1 2 1 0 1 1 0 0 0 0 0 1 0 0 1 0 0 12 2 0 3 7 6 3 2 3 1 4 4
21110901 572 9 2 3 1 1 1 3 1 2 3 1 0 2 1 0 0 0 0 4 2 3 0 2 1 0 3 0 5 4 0 3 6 4 0 12 2 4
21110902 553 6 2 2 3 1 3 2 1 0 2 1 0 0 0 0 1 3 2 0 0 1 0 0 3 2 1 1 5 3 3 1 6 6 12
21110903 638 10 2 3 1 2 3 1 2 3 2 1 1 0 1 1 0 0 0 0 3 4 3 3 0 0 0 12 4 3 1 5 5 6 0 2 4 0 0
21110904 582 11 3 1 2 2 2 2 1 3 3 1 1 1 0 3 1 0 0 0 0 4 4 3 12 7 5 2 5 5 4 0 8 3 0 0 0 1 0 0
21110905 551 1 3 1 0 2 1 0 0 0 0 0 0 1 1 1 5 12 0 3 3 4 2 6 1 3 0 0 3 2
21110906 642 6 2 3 1 1 3 3 1 0 1 1 0 0 0 0 2 1 3 2 0 0 0 2 4 0 0 2 4 1 2 1 6 12 0
21110907 614 3 2 3 2 1 0 3 1 0 0 0 0 0 2 1 0 1 5 12 2 8 4 8 1 1 4 8 0 0 0 3
21110908 582 7 3 1 2 2 1 2 3 1 0 1 1 0 0 0 0 2 3 2 1 3 2 1 0 3 4 6 0 0 7 12 0 0 2 3
21110909 590 9 2 1 3 3 2 2 2 1 3 1 0 1 1 0 0 0 0 2 4 3 3 0 0 0 2 4 2 0 1 4 5 1 12 7 6 1
21110910 563 3 3 1 3 1 0 2 1 0 0 0 0 1 0 2 12 3 1 2 4 7 0 0 1 2 3 0 0 2 0 1
21110911 500 11 3 3 2 1 3 1 1 2 3 2 1 3 1 4 0.33333333333333331 5 0.33333333333333331 6 0.33333333333333331 4 3 4 2 0 2 1 0 0 4 5 0 2 2 12 0 1 1 3
21110912 594 1 2 1 0 3 1 0 0 0 0 0 1 0 0 6 6 12 2 3 2 8 1 3 1 4 0 0 1 0
21110913 538 2 3 3 1 0 3 1 0 0 0 0 0 0 2 2 0 12 6 0 2 5 3 1 1 3 4 0 0 1 2
21110914 629 3 3 3 1 1 0 2 1 0 0 0 0 1 0 2 3 0 1 0 0 6 4 0 1 3 5 3 2 12 2 5
21110915 540 0 1 0 2 1 0 0 0 0 0 0 0 3 4 12 6 0 5 4 4 0 1 3 5 2 0 0 1
21110916 556 2 1 2 1 0 1 1 0 0 0 0 1 1 0 0 0 4 12 3 3 3 5 0 1 0 4 0 2 0 2
21110917 579 7 1 2 3 2 1 3 3 1 0 2 1 0 0 0 0 2 2 3 0 1 4 4 0 3 4 3 2 0 3 12 0 0 1 0
21110918 582 1 1 1 0 2 1 0 0 0 0 1 0 0 0 4 6 12 4 2 3 5 3 1 3 2 0 1 0 0
21110919 559 10 3 1 2 3 2 1 1 3 2 3 1 0 1 1 0 0 0 0 3 3 4 0 2 3 3 0 4 4 3 2 1 12 4 0 0 0 7
21110920 514 11 1 3 1 2 2 3 2 3 2 1 3 1 0 1 1 0 0 0 0 3 4 4 1 5 0 0 0 2 0 0 0 3 4 6 0 4 12 4
21110921 539 4 3 3 2 3 1 0 1 1 0 0 0 0 0 1 3 0 0 2 1 0 0 0 3 2 5 4 3 1 0 4 12
21110922 594 5 2 1 3 1 1 1 0 3 1 0 0 0 0 3 1 1 0 12 6 4 3 7 4 1 3 2 4 2 0 0 0 2
21110923 527 0 1 0 1 1 0 0 0 0 0 0 0 3 8 6 1 4 2 3 12 1 2 0 2 0 2 0 1
21110924 583 2 3 2 1 0 3 1 0 0 0 0 0 1 1 3 4 3 0 3 6 4 1 5 12 3 2 1 0 0 0
21110925 605 8 2 3 1 1 1 2 3 1 1 0 2 1 0 0 0 0 4 2 2 0 1 4 2 0 12 5 6 0 0 5 7 3 0 2 0
21110926 548 6 1 1 1 3 3 2 1 0 2 1 0 0 0 0 3 1 2 0 2 2 3 3 1 12 3 0 3 5 3 0 0 4 3
21110927 568 3 2 3 2 1 0 3 1 0 0 0 0 0 2 1 1 1 0 0 4 3 0 0 3 4 4 3 12 3 4 0
21110928 512 6 3 2 2 1 1 1 1 0 3 1 0 0 0 0 3 2 1 2 6 8 6 6 4 12 0 3 1 3 0 2 0 0 0
21110930 588 1 1 1 0 1 1 0 0 0 0 1 0 0 3 0 2 1 0 0 5 6 0 2 3 12 3 4 2 4
21110931 459 0 1 0 2 1 0 0 0 0 0 0 0 0 0 0 6 0 0 8 0 2 1 12 3 1 4 3 4
21110932 547 6 1 3 3 2 1 3 1 0 2 1 0 0 0 0 2 1 3 0 2 0 0 0 1 3 12 3 4 5 3 0 2 1 4
21110933 569 5 3 3 1 2 1 1 0 3 1 0 0 0 0 2 1 2 3 6 12 0 4 4 2 0 2 5 0 1 3 0 0 0
21110934 472 3 3 2 1 1 0 2 1 0 0 0 0 1 1 1 3 3 3 0 2 6 4 3 1 4 12 0 0 1 0 0
21110935 619 7 3 3 2 2 2 1 1 1 0 1 1 0 0 0 0 2 3 2 3 0 3 3 0 3 6 3 0 3 7 3 0 12 4 5
21110936 541 4 2 3 3 1 1 0 2 1 0 0 0 0 1 1 2 0 4 5 2 0 1 5 1 3 12 2 3 0 1 0 0
21110937 568 9 2 2 1 2 2 1 3 3 3 1 0 1 1 0 0 0 0 2 4 3 0 2 1 0 3 4 2 3 0 3 3 1 3 1 5 12
21110938 534 10 1 2 1 2 3 1 2 3 2 3 1 0 1 1 0 0 0 0 3 4 3 0 3 1 0 0 3 5 3 4 3 6 12 2 4 7 5
21110939 549 3 1 3 3 1 0 2 1 0 0 0 0 1 0 2 2 5 12 0 4 3 4 3 1 3 0 1 0 2 0 0
21110940 569 7 2 3 2 1 3 1 1 1 0 3 1 0 0 0 0 3 2 2 3 2 4 0 1 3 7 0 12 3 3 1 4 2 2 0
21110941 612 9 2 1 2 1 3 3 3 2 3 1 0 1 1 0 0 0 0 2 3 4 0 4 6 12 0 3 4 4 2 1 2 0 1 0 0 0
21110942 624 0 1 0 2 1 0 0 0 0 0 0 0 12 2 2 3 6 4 5 3 7 1 1 0 3 1 0 0
21110943 541 11 1 2 3 2 2 2 3 1 3 3 1 1 0 1 1 0 0 0 0 3 4 4 4 0 6 0 4 5 1 0 7 4 2 3 12 4 4 0
21110944 642 4 2 1 1 1 1 0 3 1 0 0 0 0 3 1 0 2 6 4 3 12 5 2 3 3 1 4 0 0 0 2 0
21110945 545 0 1 0 2 1 0 0 0 0 0 0 0 1 5 2 3 6 5 1 3 12 3 0 3 3 1 2 0
21110946 542 10 3 1 1 3 1 2 2 2 1 3 1 0 3 1 0 0 0 0 4 3 3 0 1 0 0 2 1 2 3 2 3 4 3 0 4 3 12
21110947 523 2 1 2 1 0 3 1 0 0 0 0 1 1 0 1 2 0 2 6 0 0 0 12 3 0 0 5 6 1 3
21110948 576 3 3 3 2 1 0 3 1 0 0 0 0 0 1 2 0 2 3 1 3 5 5 5 1 7 1 12 0 0 0 2
21110949 532 2 3 1 1 0 3 1 0 0 0 0 1 0 1 0 7 0 0 6 4 2 1 8 4 0 0 12 4 2 0
21110950 539 1 1 1 0 1 1 0 0 0 0 1 0 0 0 3 4 3 2 0 5 7 2 3 4 8 0 1 2 12
21110951 426 2 1 3 1 0 2 1 0 0 0 0 1 0 1 12 8 4 3 6 4 3 0 3 3 1 0 3 2 0 0
21110952 553 10 1 2 3 1 2 3 1 1 2 3 1 0 2 1 0 0 0 0 4 3 3 0 3 0 0 3 1 4 12 0 2 5 3 0 0 3 4
21110953 481 0 1 0 1 1 0 0 0 0 0 0 0 12 6 6 4 3 4 1 2 2 5 3 4 0 3 3 0
21110954 501 11 1 2 1 3 2 3 1 2 2 3 1 1 0 3 1 0 0 0 0 4 4 3 12 3 1 3 8 3 1 0 2 7 3 2 0 5 0 0
21110955 532 11 3 1 1 3 3 2 2 1 3 1 2 1 0 2 1 0 0 0 0 4 3 4 0 0 1 3 0 3 3 0 4 6 4 0 2 12 5 0
21110956 540 5 2 2 1 1 3 1 0 3 1 0 0 0 0 2 2 1 2 3 0 0 0 12 3 1 0 3 5 3 0 2 1 4
21110957 585 3 2 3 2 1 0 3 1 0 0 0 0 0 2 1 0 3 5 12 2 1 8 4 0 0 1 3 0 0 3 1
21110958 517 0 1 0 1 1 0 0 0 0 0 0 0 0 0 3 0 3 2 0 0 3 5 1 0 12 4 2 3
21110959 520 3 1 3 3 1 0 2 1 0 0 0 0 1 0 2 0 1 0 0 0 3 3 3 2 3 5 5 3 1 2 12
21110960 506 5 2 1 3 3 1 3 1 5 0.33333333333333331 6 0.33333333333333331 7 0.33333333333333331 2 1 2 6 12 7 2 0 4 6 5 0 2 1 2 0 0 1 0
21110961 557 1 1 1 0 3 1 0 0 0 0 1 0 0 0 1 2 0 12 6 2 0 6 6 3 4 4 2 1 3
21110962 549 11 1 2 1 3 2 3 1 1 2 3 2 1 0 3 1 0 0 0 0 4 4 3 12 4 3 0 6 5 6 0 4 4 3 3 0 1 2 0
21110963 536 5 1 2 3 1 2 1 0 1 1 0 0 0 0 2 2 1 3 12 4 1 4 4 4 0 4 2 0 0 0 2 0 0
21110964 525 7 2 3 2 1 1 1 3 1 0 2 1 0 0 0 0 3 2 2 0 2 0 0 3 4 1 3 3 7 3 0 12 3 4 3
21110965 533 9 1 2 2 3 3 3 1 1 3 1 0 1 1 0 0 0 0 3 2 4 0 2 0 0 0 1 2 12 2 0 4 5 3 4 3 3
21110966 525 4 3 3 1 2 1 0 3 1 0 0 0 0 1 1 2 0 0 3 3 0 0 4 5 1 2 1 4 0 2 5 12
21110967 584 4 1 3 3 1 3 1 4 0.33333333333333331 5 0.33333333333333331 6 0.33333333333333331 2 0 2 4 3 0 0 3 5 4 2 12 3 0 2 8 3 4 0
21110968 546 3 3 1 2 1 0 1 1 0 0 0 0 1 1 1 3 12 2 4 0 4 3 3 0 3 1 0 0 0 0 2
21110969 551 8 1 1 2 2 3 3 2 1 1 0 2 1 0 0 0 0 3 3 2 0 3 5 0 0 4 3 3 0 5 4 12 3 3 3 1
21110970 570 10 1 1 3 2 3 2 1 3 2 3 1 0 2 1 0 0 0 0 3 3 4 0 3 1 0 3 5 0 3 12 6 1 2 3 7 3 4
21110971 551 4 3 3 2 3 1 0 2 1 0 0 0 0 0 1 3 1 2 1 0 3 4 4 1 12 7 5 0 4 4 3 0
21110972 512 1 2 1 0 3 1 0 0 0 0 0 1 0 0 0 3 3 0 4 6 5 1 6 5 3 3 3 3 12
21110973 494 9 3 3 1 1 3 1 3 2 2 1 0 1 1 0 0 0 0 3 2 4 0 2 1 0 0 0 4 2 2 0 5 4 3 12 7 4
21110974 543 9 1 3 3 2 3 1 2 1 3 1 0 2 1 0 0 0 0 3 2 4 2 0 0 0 3 2 4 5 1 2 3 1 1 12 5 0
21110975 564 11 3 1 2 2 1 1 1 3 2 3 3 1 0 2 1 0 0 0 0 4 3 4 4 3 12 1 3 5 5 0 0 4 2 0 0 3 0 0
21110976 500 7 3 2 1 3 3 3 1 1 0 2 1 0 0 0 0 2 1 4 3 1 0 0 4 2 4 2 1 12 1 0 3 0 3 2
21110977 589 7 1 2 3 3 2 1 3 1 0 1 1 0 0 0 0 2 2 3 0 1 0 0 2 4 3 0 6 5 7 3 12 8 3 2
21110978 571 7 1 2 1 2 3 1 3 1 0 1 1 0 0 0 0 3 2 2 12 5 4 0 3 3 4 2 4 0 3 2 0 0 0 3
21110979 543 4 1 2 1 2 1 0 1 1 0 0 0 0 2 2 0 0 3 2 0 0 1 3 2 3 3 2 3 1 5 5 12
21110980 506 2 3 3 1 0 2 1 0 0 0 0 0 0 2 2 0 0 0 4 1 3 1 3 6 3 1 12 7 4 2
21110981 586 2 1 2 1 0 3 1 0 0 0 0 1 1 0 0 0 3 0 1 4 5 2 1 2 1 4 0 2 6 12
21110982 551 1 3 1 0 2 1 0 0 0 0 0 0 1 0 5 4 4 0 5 5 12 1 1 2 0 0 0 0 3
21110983 576 4 1 2 3 3 1 0 1 1 0 0 0 0 1 1 2 2 2 3 0 0 3 4 3 0 3 6 8 0 1 3 12
21110984 556 10 3 1 2 3 1 2 2 3 1 3 1 0 1 1 0 0 0 0 3 3 4 0 2 0 0 3 0 3 0 3 3 5 1 12 7 3 2
21110985 559 8 3 2 3 1 1 2 3 1 1 0 2 1 0 0 0 0 3 2 3 0 3 3 1 2 1 4 6 3 2 7 6 0 0 3 12
21110986 568 1 2 1 0 1 1 0 0 0 0 0 1 0 1 0 0 0 3 7 4 2 2 3 4 1 12 5 3 0
21110987 531 2 2 1 1 0 3 1 0 0 0 0 1 1 0 12 5 1 3 5 3 0 0 6 3 2 0 0 6 0 0
21110988 463 5 1 2 3 3 2 1 0 1 1 0 0 0 0 1 2 2 12 5 3 0 7 3 4 2 2 1 3 1 3 0 0 0
21110990 603 5 1 3 2 3 1 1 0 3 1 0 0 0 0 2 1 2 0 0 0 2 0 0 0 3 2 1 6 3 0 4 7 12
21110991 571 3 1 2 3 1 0 3 1 0 0 0 0 1 1 1 1 0 2 3 3 6 3 2 3 5 4 1 12 6 3 0
21110992 552 0 1 0 2 1 0 0 0 0 0 0 0 2 3 1 0 12 1 3 1 3 5 5 2 0 3 3 0
21110993 478 0 1 0 2 1 0 0 0 0 0 0 0 1 3 4 1 3 5 4 6 12 2 3 0 0 0 0 3
21110994 553 3 3 2 2 1 0 1 1 0 0 0 0 0 2 1 0 7 6 12 3 4 6 3 0 1 7 1 0 0 0 2
21110995 542 7 3 1 2 1 1 2 3 1 0 2 1 0 0 0 0 3 2 2 0 0 2 3 0 6 0 5 2 1 4 8 0 1 4 12
21110996 577 8 1 1 2 3 2 1 2 3 1 0 3 1 0 0 0 0 3 3 2 1 2 3 6 0 5 3 7 0 4 7 12 0 3 0 0
21110997 575 10 2 2 3 3 2 3 1 1 3 1 1 0 1 1 0 0 0 0 3 3 4 0 1 2 12 0 3 5 8 0 0 4 6 2 1 2 3
21110998 585 6 1 1 1 2 3 3 1 0 3 1 0 0 0 0 3 1 2 0 1 2 0 5 4 4 12 4 3 7 3 2 1 2 2
21110999 580 9 2 2 3 1 1 2 1 1 3 1 0 3 1 0 0 0 0 4 3 2 4 3 3 0 7 4 4 0 12 3 1 2 0 2 3 0
21111000 486 5 1 3 3 2 1 1 0 2 1 0 0 0 0 2 1 2 2 1 0 0 0 4 3 0 3 3 12 3 4 7 3 0
21111001 521 4 1 1 2 2 1 0 2 1 0 0 0 0 2 2 0 12 1 3 0 8 5 2 0 5 4 3 1 0 3 0 3
21111002 532 4 1 1 1 3 1 0 3 1 0 0 0 0 3 0 1 3 5 0 0 3 5 0 2 4 7 2 2 12 8 3 0
21111003 591 6 1 1 1 2 1 2 1 0 3 1 0 0 0 0 4 2 0 4 3 3 0 3 12 4 4 5 2 3 3 2 0 0 0
21111004 497 0 1 0 3 1 0 0 0 0 0 0 0 0 0 3 1 0 0 4 3 2 0 4 5 0 8 4 12
21111005 574 2 3 1 1 0 2 1 0 0 0 0 1 0 1 3 3 0 0 3 6 4 1 12 5 4 1 2 3 5 2
21111006 553 4 1 3 3 2 1 0 2 1 0 0 0 0 1 1 2 3 7 4 12 0 4 6 4 0 1 3 3 0 3 0 0
21111007 536 6 3 3 2 1 3 3 1 0 2 1 0 0 0 0 1 1 4 0 0 0 1 0 2 1 6 12 7 4 0 4 3 3 3
21111008 629 4 2 2 3 1 1 0 3 1 0 0 0 0 1 2 1 2 4 0 0 6 3 1 2 6 3 4 1 12 4 1 0
21111009 519 8 3 2 2 1 1 2 3 3 3 1 5 0.33333333333333331 6 0.33333333333333331 7 0.33333333333333331 2 3 3 0 3 1 0 7 7 2 0 6 3 2 0 1 6 12 1
21111010 519 0 1 0 2 1 0 0 0 0 0 0 0 2 4 3 4 4 5 2 1 0 3 12 1 1 0 0 3
21111011 648 2 2 3 1 0 1 1 0 0 0 0 0 1 1 3 3 4 3 6 7 5 1 1 12 2 3 2 0 0 0
21111012 597 6 1 3 3 1 3 1 1 0 2 1 0 0 0 0 3 0 3 0 12 3 2 0 3 3 5 0 5 4 0 5 0 3 2
21111013 596 2 3 1 1 0 2 1 0 0 0 0 1 0 1 2 2 3 1 12 1 5 0 0 5 2 0 0 3 1 3
21111014 560 2 2 1 1 0 1 1 0 0 0 0 1 1 0 3 0 1 0 3 3 2 0 5 3 0 0 12 3 4 2
21111015 570 0 1 0 2 1 0 0 0 0 0 0 0 2 1 3 0 3 3 4 1 3 12 4 0 0 3 3 0
21111016 562 6 3 1 2 3 1 3 1 0 1 1 0 0 0 0 2 1 3 12 3 2 0 4 7 3 1 3 4 2 0 2 0 0 0
21111017 549 3 2 1 2 1 0 1 1 0 0 0 0 1 2 0 0 0 3 1 0 2 3 6 1 3 4 7 0 2 3 12
21111018 615 11 3 2 1 1 3 1 3 2 1 2 3 1 0 2 1 0 0 0 0 4 3 4 0 3 3 1 3 4 7 5 0 0 5 12 0 2 3 3
21111019 509 8 3 1 2 1 2 3 1 2 1 0 1 1 0 0 0 0 3 3 2 0 0 1 3 4 2 7 0 12 5 5 6 2 5 3 3
21111020 482 5 1 3 2 2 3 1 0 3 1 0 0 0 0 1 2 2 0 0 0 1 0 4 2 1 2 3 6 4 1 4 8 12
21111021 619 6 3 2 3 2 1 1 1 0 3 1 0 0 0 0 2 2 2 2 5 7 12 1 3 7 1 0 1 4 2 0 0 2 3
21111022 549 2 3 2 1 0 1 1 0 0 0 0 0 1 1 0 2 1 0 4 2 0 0 12 6 0 0 4 3 3 1
21111023 554 1 3 1 0 1 1 0 0 0 0 0 0 1 4 6 12 0 3 7 3 0 4 3 0 1 2 2 0 0
21111024 544 5 1 2 2 3 3 1 0 2 1 0 0 0 0 1 2 2 0 3 4 12 0 1 4 3 2 4 5 3 1 1 3 0
21111025 495 3 2 3 3 1 0 2 1 0 0 0 0 0 1 2 1 3 0 0 1 1 4 3 4 2 2 1 12 8 4 0
21111026 558 11 3 2 3 1 3 3 2 2 1 2 1 1 0 1 1 0 0 0 0 3 4 4 0 2 5 12 3 4 5 7 0 0 4 3 1 0 3 0
21111027 559 7 2 2 3 1 2 2 3 1 0 1 1 0 0 0 0 1 4 2 3 0 0 1 1 5 0 0 4 7 5 1 12 4 2 0
21111028 574 5 2 2 3 1 3 1 0 3 1 0 0 0 0 1 2 2 0 2 3 1 0 1 2 3 1 5 3 2 1 5 3 12
21111029 564 3 3 3 1 1 0 2 1 0 0 0 0 1 0 2 3 1 6 3 3 6 4 2 4 5 2 6 12 8 1 0
21111030 537 7 3 1 2 3 1 3 2 1 0 2 1 0 0 0 0 2 2 3 3 2 3 12 1 7 5 5 0 4 3 0 1 0 0 0
21111031 463 2 3 2 1 0 2 1 0 0 0 0 0 1 1 2 1 0 0 1 1 0 3 4 5 4 3 12 5 4 0
21111032 505 4 1 1 2 2 1 0 2 1 0 0 0 0 2 2 0 12 1 3 3 2 4 3 0 7 6 0 0 1 3 0 0
21111033 534 8 1 1 1 3 2 3 2 3 1 0 2 1 0 0 0 0 3 2 3 1 3 3 12 1 2 4 3 0 5 4 2 0 3 0 0
21111034 522 10 1 2 3 1 2 3 3 3 1 1 1 0 2 1 0 0 0 0 4 2 4 2 6 7 12 0 3 6 3 1 1 2 0 0 0 0 2
21111035 608 5 2 1 1 3 1 1 0 2 1 0 0 0 0 3 1 1 2 0 0 0 0 1 3 4 2 4 5 4 0 12 4 4
21111036 517 4 3 2 1 2 1 0 1 1 0 0 0 0 1 2 1 0 0 2 0 0 0 1 0 4 5 12 3 6 5 1 2
21111037 545 10 3 2 1 3 1 3 1 2 1 2 1 0 3 1 0 0 0 0 4 3 3 12 1 2 2 5 4 3 0 3 4 7 0 3 0 0 0
21111038 472 9 3 3 3 2 2 2 1 1 1 1 0 2 1 0 0 0 0 3 3 3 0 0 3 4 1 4 1 4 5 3 2 3 3 0 12 4
21111039 492 5 3 1 2 2 1 1 0 3 1 0 0 0 0 2 2 1 12 5 1 2 2 5 7 3 3 3 1 0 3 0 0 0
21111040 551 1 2 1 0 1 1 0 0 0 0 0 1 0 4 2 3 3 12 4 0 0 1 4 2 3 0 0 1 0
21111041 614 5 1 3 2 1 3 1 0 2 1 0 0 0 0 2 1 2 3 5 12 4 0 6 3 4 0 0 1 3 0 0 0 2
21111042 550 2 3 1 1 0 1 1 0 0 0 0 1 0 1 12 3 0 0 7 3 2 0 4 2 0 0 1 3 3 2
21111043 544 5 3 1 3 2 1 1 0 3 1 0 0 0 0 2 1 2 0 2 2 1 0 3 3 1 1 4 12 2 0 2 5 0
21111044 555 11 1 3 1 3 2 1 2 2 1 3 3 1 0 2 1 0 0 0 0 4 3 4 3 0 1 0 5 3 3 0 5 7 4 0 12 2 3 3
21111045 481 8 3 2 3 1 1 1 3 1 3 1 5 0.33333333333333331 6 0.33333333333333331 7 0.33333333333333331 4 1 3 3 0 0 2 0 2 1 4 0 4 5 12 4 3 2 2
21111046 546 9 1 1 1 2 2 2 3 3 3 1 0 1 1 0 0 0 0 3 3 3 0 2 0 0 0 2 4 12 0 0 1 5 3 2 1 4
21111047 562 6 3 2 1 3 2 3 1 0 1 1 0 0 0 0 1 2 3 0 4 4 0 3 4 5 0 3 6 7 1 12 7 2 0
21111048 547 8 3 1 2 1 3 2 1 3 1 0 2 1 0 0 0 0 3 2 3 5 6 5 2 1 12 1 0 4 2 6 0 3 3 0 0
21111050 535 0 1 0 2 1 0 0 0 0 0 0 0 3 0 4 0 0 3 5 3 1 1 2 0 4 12 3 4
21111051 517 1 2 1 0 3 1 0 0 0 0 0 1 0 12 7 5 3 4 3 3 0 1 6 1 0 2 0 0 0
21111052 633 7 3 3 1 3 1 3 1 1 0 2 1 0 0 0 0 3 0 4 0 5 8 12 0 4 4 5 2 1 2 0 2 0 0 0
21111053 486 1 1 1 0 2 1 0 0 0 0 1 0 0 0 2 0 3 0 12 6 3 1 3 1 3 5 4 3 2
21111054 602 7 3 1 1 1 3 2 2 1 0 3 1 0 0 0 0 3 2 2 0 0 2 3 0 1 2 0 4 3 4 0 3 7 12 0
21111055 523 9 1 3 3 1 3 2 1 3 2 1 0 2 1 0 0 0 0 3 2 4 4 3 3 3 12 5 6 4 2 2 1 0 1 0 8 0
21111056 557 6 3 3 2 2 1 2 1 0 2 1 0 0 0 0 1 3 2 0 0 3 0 0 4 1 3 0 12 3 3 1 1 4 5
21111057 556 3 1 3 1 3 1 4 0.33333333333333331 5 0.33333333333333331 6 0.33333333333333331 2 0 1 2 12 7 5 3 0 2 0 0 0 3 1 0 0 0 2
21111058 457 8 1 2 2 1 3 2 1 3 1 0 3 1 0 0 0 0 3 3 2 0 2 4 2 1 0 12 5 0 0 0 3 0 0 3 1
21111059 536 7 1 2 3 3 2 3 1 1 0 3 1 0 0 0 0 2 2 3 0 0 12 4 0 1 8 5 0 6 5 1 2 0 2 0
21111060 627 6 2 2 2 1 2 3 1 0 3 1 0 0 0 0 1 4 1 0 1 4 0 4 4 1 0 2 5 3 3 12 1 1 3
21111061 469 5 3 3 1 1 2 1 0 1 1 0 0 0 0 2 1 2 2 0 3 0 3 3 5 0 4 3 4 1 12 4 2 2
21111062 562 9 3 1 3 2 2 1 2 3 1 1 0 1 1 0 0 0 0 3 3 3 0 0 3 0 0 1 5 12 2 6 5 7 2 3 5 5
21111063 554 10 2 3 1 2 3 3 2 1 3 1 1 0 1 1 0 0 0 0 3 3 4 0 2 0 0 3 0 4 0 3 6 1 2 12 8 6 3
21111064 609 5 3 1 2 1 2 1 0 2 1 0 0 0 0 2 2 1 0 0 5 0 2 1 6 12 1 3 4 6 0 3 3 8
21111065 573 3 1 2 2 1 0 3 1 0 0 0 0 1 2 0 2 0 0 0 3 3 1 0 3 4 4 0 3 6 12 1
21111066 537 9 3 2 3 3 1 3 1 1 2 1 0 2 1 0 0 0 0 3 2 4 1 2 7 3 3 5 4 12 0 1 3 5 0 2 0 0
21111067 584 6 1 1 1 3 2 3 1 0 1 1 0 0 0 0 3 1 2 0 3 3 2 0 5 2 3 6 12 5 6 3 0 2 0
21111068 568 10 3 3 2 2 3 2 3 1 1 1 1 0 1 1 0 0 0 0 3 3 4 5 3 2 1 12 5 6 1 0 3 4 2 2 0 0 0
21111069 568 9 3 3 2 3 2 1 1 3 2 1 0 1 1 0 0 0 0 2 3 4 0 4 8 12 1 6 5 4 2 2 4 1 1 2 4 0
21111070 564 3 2 3 1 1 0 2 1 0 0 0 0 1 1 1 0 0 0 1 0 5 4 12 0 1 4 5 2 2 1 3
21111071 523 9 1 2 3 2 1 2 3 1 1 1 0 3 1 0 0 0 0 4 3 2 0 0 0 3 2 3 4 6 0 1 3 12 2 4 5 3
21111073 533 9 3 2 3 1 3 1 2 2 1 1 0 3 1 0 0 0 0 3 3 3 0 3 1 0 0 2 3 12 2 4 6 6 0 3 0 1
21111075 534 7 3 1 2 2 3 3 3 1 0 1 1 0 0 0 0 1 2 4 0 0 0 5 0 12 4 3 0 2 4 3 1 4 2 1
21111076 519 1 3 3 1 4 0.33333333333333331 5 0.33333333333333331 6 0.33333333333333331 0 0 1 3 0 1 0 2 2 3 0 3 3 1 0 12 6 6 3
21111077 572 7 1 2 1 2 2 1 1 1 0 3 1 0 0 0 0 4 3 0 3 0 0 0 4 0 2 0 3 1 4 3 3 6 12 2
21111078 476 8 3 3 3 2 2 3 2 1 1 0 2 1 0 0 0 0 1 3 4 0 4 1 1 2 2 5 1 2 5 1 0 12 1 3 1
21111079 495 9 1 1 2 1 1 3 2 2 3 3 1 4 0.33333333333333331 5 0.33333333333333331 6 0.33333333333333331 4 3 2 3 0 0 0 3 2 3 3 0 4 5 4 0 5 7 12
21111080 555 11 1 2 1 2 3 3 1 1 2 3 2 1 0 3 1 0 0 0 0 4 4 3 2 5 7 12 3 5 5 1 0 1 1 2 0 0 0 2
21111081 531 11 1 1 3 1 2 2 2 3 2 3 1 1 0 3 1 0 0 0 0 4 4 3 2 0 1 0 2 0 4 3 1 0 6 6 3 12 7 4
21111082 553 8 3 1 2 1 2 2 3 1 1 0 3 1 0 0 0 0 3 3 2 12 5 4 1 2 5 4 2 1 6 7 3 0 1 2 0
21111083 583 2 1 1 1 0 3 1 0 0 0 0 2 0 0 12 4 2 0 7 5 4 2 2 5 3 1 0 0 3 0
21111084 554 10 1 3 3 3 2 1 2 3 2 2 1 0 1 1 0 0 0 0 2 4 4 2 3 6 3 1 4 3 12 0 1 2 3 0 0 0 1
21111085 608 7 3 3 2 1 1 2 2 1 0 3 1 0 0 0 0 2 3 2 3 0 3 6 6 4 3 1 8 5 3 0 12 5 6 0
21111086 512 6 2 3 2 1 1 1 1 0 3 1 0 0 0 0 3 2 1 3 2 0 0 2 3 0 0 4 5 1 1 4 12 2 3
21111087 627 11 2 1 2 1 3 3 3 1 3 2 2 1 0 1 1 0 0 0 0 3 4 4 2 0 0 0 1 2 0 0 3 5 3 1 12 5 5 4
21111088 547 4 1 3 1 1 1 0 3 1 0 0 0 0 3 0 1 0 0 3 2 1 2 4 12 2 6 5 5 0 4 2 3
21111089 595 4 3 2 2 1 1 0 1 1 0 0 0 0 1 2 1 3 1 5 12 0 3 3 5 0 4 2 5 0 0 0 3
21111090 551 9 2 1 1 2 2 3 1 3 3 1 0 2 1 0 0 0 0 3 3 3 0 0 0 1 0 3 4 1 2 5 4 7 3 4 8 12
21111091 620 0 1 0 1 1 0 0 0 0 0 0 0 3 12 7 4 0 2 4 4 0 3 6 4 0 0 2 1
21111092 514 6 2 1 1 3 2 2 3 1 6 0.33333333333333331 7 0.33333333333333331 8 0.33333333333333331 2 3 1 7 6 12 4 3 5 5 4 1 0 0 1 0 0 2 0
21111093 549 6 1 1 3 2 2 3 1 0 2 1 0 0 0 0 2 2 2 0 2 0 0 12 5 4 1 1 4 3 0 6 4 4 3
21111095 517 2 2 1 1 0 3 1 0 0 0 0 1 1 0 0 1 0 2 4 4 0 5 5 5 0 0 12 8 5 3
21111096 531 2 3 3 1 0 2 1 0 0 0 0 0 0 2 2 4 3 12 0 1 6 3 0 3 6 4 0 1 0 3
21111097 541 6 3 1 1 2 2 3 1 0 1 1 0 0 0 0 2 2 2 12 1 5 2 3 3 6 5 0 2 4 2 1 3 0 0
21111098 595 4 1 2 1 3 1 0 1 1 0 0 0 0 2 1 1 3 5 12 2 4 5 7 2 0 7 0 0 0 3 0 0
21111099 507 9 3 3 2 3 1 2 1 1 2 1 0 2 1 0 0 0 0 3 3 3 0 3 0 1 1 2 0 0 6 5 0 0 12 4 3 0
21111100 628 0 1 0 2 1 0 0 0 0 0 0 0 0 2 3 1 5 4 1 0 6 5 4 0 7 12 3 0
21111101 566 6 3 3 1 2 2 3 1 0 2 1 0 0 0 0 1 2 3 0 0 3 2 1 1 2 4 0 5 1 3 0 12 7 1
21111102 570 10 3 2 2 3 2 2 3 3 1 1 1 0 1 1 0 0 0 0 2 4 4 2 0 0 0 3 0 1 1 3 6 4 3 12 7 4 0
21111103 495 3 3 1 2 1 0 2 1 0 0 0 0 1 1 1 12 1 3 0 6 4 6 3 4 6 2 7 0 0 0 1
21111104 520 3 2 2 1 1 0 1 1 0 0 0 0 1 2 0 0 4 4 3 6 3 6 4 0 12 2 3 1 0 0 0
21111105 545 11 3 1 3 3 3 1 1 2 2 2 1 1 0 2 1 0 0 0 0 4 3 4 4 12 2 0 3 4 3 1 3 5 0 2 1 3 0 0
21111106 590 0 1 0 3 1 0 0 0 0 0 0 0 2 5 12 0 1 3 5 1 3 4 0 2 2 1 0 0
21111107 641 4 1 1 1 3 1 0 3 1 0 0 0 0 3 0 1 12 2 4 2 7 5 3 2 5 4 3 0 1 2 0 0
21111108 632 4 1 3 3 1 1 0 1 1 0 0 0 0 2 0 2 0 4 3 2 2 3 5 3 3 0 4 12 0 3 0 2
21111110 594 5 2 2 2 3 1 1 0 3 1 0 0 0 0 1 3 1 0 3 1 0 0 3 5 1 0 4 4 0 3 5 12 0
21111111 549 8 3 1 1 2 3 2 3 3 1 0 2 1 0 0 0 0 2 2 4 1 7 0 0 0 5 2 3 0 3 3 6 3 1 4 12
21111112 449 9 3 2 2 3 1 1 1 2 3 1 0 1 1 0 0 0 0 3 3 3 12 6 4 0 4 4 3 0 3 3 2 3 0 1 0 2
21111113 535 3 2 2 1 1 0 3 1 0 0 0 0 1 2 0 0 5 0 2 1 3 1 0 4 4 5 3 12 3 2 1
21111114 595 2 2 2 1 0 3 1 0 0 0 0 0 2 0 0 0 0 2 1 1 1 4 1 4 5 6 0 2 3 12
21111115 507 3 1 2 1 1 0 2 1 0 0 0 0 2 1 0 0 0 1 0 3 6 5 0 12 6 0 2 4 4 0 0
21111116 580 11 3 1 1 1 2 3 1 3 2 2 3 1 0 2 1 0 0 0 0 4 3 4 4 3 2 0 12 5 1 2 6 2 0 0 1 1 0 0
21111117 505 8 3 3 1 2 2 2 3 2 1 0 1 1 0 0 0 0 1 4 3 0 0 4 3 0 4 5 3 1 2 1 4 0 12 1 4
21111118 538 5 2 3 2 1 3 1 0 1 1 0 0 0 0 1 2 2 0 0 2 0 1 3 12 3 1 3 4 5 2 4 3 0
21111119 540 4 2 1 1 3 1 0 3 1 0 0 0 0 2 1 1 1 2 2 0 4 3 4 0 8 8 12 1 3 0 0 2
21111120 583 5 3 1 2 1 1 1 0 3 1 0 0 0 0 3 1 1 0 0 0 2 0 1 3 12 3 6 3 2 3 2 3 3
21111121 580 4 3 2 1 3 1 0 2 1 0 0 0 0 1 1 2 1 0 7 0 0 0 1 6 2 3 6 8 0 0 5 12
21111122 568 1 3 1 0 1 1 0 0 0 0 0 0 1 0 0 1 0 4 2 0 0 2 6 4 0 12 5 2 1
21111123 497 8 1 2 3 1 3 2 1 2 1 0 2 1 0 0 0 0 3 3 2 3 0 0 0 1 4 3 0 5 4 2 3 12 3 1 3
21111124 550 3 1 2 1 1 0 2 1 0 0 0 0 2 1 0 0 3 3 1 3 0 12 3 0 5 3 4 0 0 4 2
21111125 504 4 2 2 3 1 1 0 2 1 0 0 0 0 1 2 1 4 4 3 0 1 3 12 3 3 1 3 1 2 4 0 0
21111126 526 5 2 3 1 3 3 1 0 1 1 0 0 0 0 1 1 3 0 2 0 1 12 5 6 1 3 4 3 2 1 2 2 0
21111127 532 1 3 1 0 2 1 0 0 0 0 0 0 1 0 8 3 0 4 4 12 0 1 2 3 1 4 2 1 0
21111129 576 4 3 3 1 2 1 0 1 1 0 0 0 0 1 1 2 2 5 1 0 3 3 4 0 12 6 2 2 0 0 0 1
21111130 494 3 1 2 1 1 0 1 1 0 0 0 0 2 1 0 1 2 3 12 4 2 5 4 0 3 3 1 0 2 4 2
21111131 528 9 1 2 3 1 3 2 2 1 2 1 0 3 1 0 0 0 0 3 4 2 0 2 1 5 1 3 4 6 0 3 3 12 0 0 3 0
21111132 575 6 3 2 2 3 3 2 1 0 1 1 0 0 0 0 0 3 3 1 3 0 2 1 3 4 6 0 1 1 8 0 2 8 12
21111133 559 4 1 1 3 2 1 0 2 1 0 0 0 0 2 1 1 0 2 3 0 0 0 4 1 4 4 6 3 1 2 3 12
21111134 531 8 2 2 1 2 3 1 1 3 1 0 3 1 0 0 0 0 3 3 2 0 1 0 0 3 1 3 2 0 4 4 2 0 5 7 12
21111135 564 6 1 1 1 3 3 2 1 0 2 1 0 0 0 0 3 1 2 0 2 0 6 0 0 1 3 0 2 4 4 3 5 4 12
21111136 471 3 2 3 3 1 0 2 1 0 0 0 0 0 1 2 4 5 1 3 8 7 3 1 12 1 4 2 3 2 3 1
21111137 599 11 1 3 3 2 1 2 1 1 3 2 2 1 0 3 1 0 0 0 0 4 4 3 0 4 3 0 0 6 3 0 1 5 5 0 2 12 4 3
21111138 522 6 2 2 3 1 1 3 1 0 3 1 0 0 0 0 2 2 2 12 1 2 0 4 7 3 1 2 1 2 0 3 0 0 0
21111139 604 8 3 3 1 2 3 1 1 2 1 0 2 1 0 0 0 0 3 2 3 0 3 0 0 7 3 0 2 0 4 4 3 0 12 4 1
21111140 558 10 1 1 3 1 2 2 3 2 1 3 1 0 2 1 0 0 0 0 4 3 3 3 3 2 0 0 3 5 6 0 3 4 7 0 4 1 12
21111141 563 4 3 2 1 3 1 0 3 1 0 0 0 0 1 1 2 2 12 3 5 4 1 6 3 0 1 4 3 0 0 3 2
21111142 490 9 2 2 1 2 1 1 3 3 2 1 0 1 1 0 0 0 0 3 4 2 12 1 3 2 5 3 5 0 4 4 0 3 3 3 0 0
21111143 619 6 3 2 2 3 1 3 1 0 1 1 0 0 0 0 1 2 3 2 1 6 12 3 5 4 4 4 1 2 2 1 3 0 0
21111144 570 7 3 2 2 3 3 3 2 1 0 1 1 0 0 0 0 0 3 4 0 2 0 1 0 3 7 3 0 4 6 3 1 1 3 12
21111145 548 7 1 2 2 1 2 1 1 1 0 3 1 0 0 0 0 4 3 0 3 4 3 0 4 3 4 3 4 3 12 0 2 0 0 0
21111146 508 0 1 0 1 1 0 0 0 0 0 0 0 0 3 4 12 3 3 3 4 0 0 2 5 0 1 0 2
21111147 487 8 1 2 3 3 1 2 2 2 1 0 1 1 0 0 0 0 2 4 2 2 0 1 0 3 4 2 0 4 12 3 1 3 1 4 3
21111148 546 9 3 3 3 1 3 1 2 1 2 1 0 2 1 0 0 0 0 3 2 4 12 7 4 1 3 3 4 0 3 8 2 0 0 1 2 0
21111149 629 4 1 1 2 2 1 0 3 1 0 0 0 0 2 2 0 4 12 1 1 2 5 4 2 1 3 0 2 0 0 0 3
21111150 582 9 2 1 3 1 3 2 1 1 3 1 0 2 1 0 0 0 0 4 2 3 0 4 1 12 3 4 6 4 2 5 4 1 0 2 2 0
21111151 465 4 1 3 2 1 1 0 1 1 0 0 0 0 2 1 1 0 1 2 0 2 2 4 3 3 4 3 2 3 12 4 1
21111152 481 10 3 2 3 1 1 2 2 1 2 3 1 0 1 1 0 0 0 0 3 4 3 0 2 6 12 1 2 5 4 0 0 3 3 0 3 1 0
21111153 540 8 1 1 3 3 3 3 1 2 1 0 2 1 0 0 0 0 3 1 4 2 0 0 0 4 1 3 2 6 4 2 0 12 3 3 1
21111154 499 9 1 3 2 2 1 3 3 2 3 1 0 1 1 0 0 0 0 2 3 4 0 2 2 0 1 3 3 4 2 7 4 5 1 5 1 12
21111155 651 6 1 1 2 1 3 3 1 0 1 1 0 0 0 0 3 1 2 2 0 0 0 4 4 0 2 12 3 0 0 3 5 7 2
21111156 538 10 1 3 1 2 2 2 1 2 1 3 1 0 3 1 0 0 0 0 4 4 2 2 1 2 0 7 6 6 1 12 3 1 2 0 3 0 0
21111157 549 6 1 1 3 2 3 2 1 0 1 1 0 0 0 0 2 2 2 0 7 1 12 0 3 6 3 2 2 5 2 1 3 4 0
21111158 553 2 3 2 1 0 1 1 0 0 0 0 0 1 1 0 12 6 3 0 2 5 3 1 3 7 4 3 1 0 2
21111159 518 8 1 1 1 3 2 3 2 2 1 0 2 1 0 0 0 0 3 3 2 0 5 12 3 3 1 5 2 0 3 8 0 0 0 0 1
21111160 531 9 3 2 1 1 1 3 3 2 3 1 0 1 1 0 0 0 0 3 2 4 0 0 0 2 2 0 2 4 1 4 6 3 0 4 6 12
21111161 552 7 3 1 3 2 3 3 2 1 0 2 1 0 0 0 0 1 2 4 0 0 0 8 0 0 3 12 1 0 4 4 1 4 3 3
21111162 561 6 1 2 3 3 2 1 1 0 2 1 0 0 0 0 2 2 2 0 3 1 12 1 3 6 3 0 3 2 3 3 0 3 3
21111163 583 6 2 2 3 2 2 1 1 0 3 1 0 0 0 0 1 4 1 5 1 12 4 0 4 4 2 0 1 3 1 0 0 1 0
21111164 573 8 1 3 2 1 3 1 3 2 1 0 2 1 0 0 0 0 3 2 3 2 1 1 3 3 6 3 2 0 12 7 3 0 5 4 4
21111165 587 3 2 2 2 1 0 3 1 0 0 0 0 0 3 0 0 1 1 0 2 1 4 5 0 1 5 3 0 3 3 12
21111166 492 3 3 1 1 1 0 3 1 0 0 0 0 2 0 1 4 2 2 1 4 5 6 0 12 4 0 0 3 2 0 0
21111167 526 4 1 2 3 1 3 1 5 0.33333333333333331 6 0.33333333333333331 7 0.33333333333333331 2 1 1 3 3 1 0 4 4 3 3 7 3 2 2 5 12 3 0
21111169 505 1 1 1 0 3 1 0 0 0 0 1 0 0 12 4 4 0 2 3 3 0 4 3 3 0 1 0 2 3
21111170 601 5 3 2 3 2 2 1 0 3 1 0 0 0 0 0 3 2 1 1 1 0 4 3 6 2 12 7 1 0 3 3 0 0
21111171 536 7 1 1 3 3 3 1 2 1 0 1 1 0 0 0 0 3 1 3 0 2 0 2 0 0 3 12 3 6 4 5 0 2 3 7
21111172 571 9 1 1 2 3 3 3 1 1 2 1 0 3 1 0 0 0 0 4 2 3 3 1 2 2 4 1 3 4 12 2 6 0 2 0 0 0
21111173 599 3 1 3 2 1 0 1 1 0 0 0 0 1 1 1 2 6 2 12 0 5 3 4 1 0 3 3 0 0 3 0
21111174 533 1 3 1 0 3 1 0 0 0 0 0 0 1 8 1 0 2 0 4 1 0 4 3 2 3 8 4 12 0
21111175 543 6 3 3 1 1 2 1 1 0 2 1 0 0 0 0 3 1 2 1 0 0 0 0 3 0 0 3 4 5 3 2 2 12 3
21111176 546 7 1 3 2 3 1 1 3 1 0 2 1 0 0 0 0 3 1 3 1 2 2 0 1 5 5 0 12 2 2 3 1 0 0 0
21111177 555 7 1 3 2 2 2 3 1 3 1 5 0.33333333333333331 6 0.33333333333333331 7 0.33333333333333331 2 3 2 3 4 4 3 6 5 12 0 3 6 3 0 1 3 0 0
21111178 554 2 3 3 1 0 2 1 0 0 0 0 0 0 2 1 6 12 4 0 4 6 3 0 3 4 1 0 0 0 2
21111179 542 3 2 2 3 1 0 1 1 0 0 0 0 0 2 1 3 12 4 3 4 6 4 1 2 3 3 0 0 1 0 0
21111180 543 11 1 3 3 1 2 3 2 2 1 3 1 1 0 2 1 0 0 0 0 4 3 4 2 3 1 12 0 3 4 3 0 4 5 3 0 0 2 1
21111181 504 3 3 1 2 1 0 2 1 0 0 0 0 1 1 1 0 0 0 3 3 3 3 12 0 1 4 5 0 1 4 2
21111182 500 8 1 3 3 3 1 2 2 1 1 0 1 1 0 0 0 0 3 2 3 2 0 2 2 0 3 3 4 0 1 5 3 0 3 8 12
21111183 618 0 1 0 3 1 0 0 0 0 0 0 0 0 0 0 1 2 4 2 3 0 6 3 2 0 1 1 12
21111184 518 7 2 1 1 3 2 3 3 1 0 3 1 0 0 0 0 2 2 3 0 0 2 1 3 4 4 6 2 1 5 12 1 0 2 0
21111185 599 5 2 2 3 1 1 1 0 1 1 0 0 0 0 2 2 1 12 3 0 0 6 5 5 0 2 3 3 2 0 4 0 1
21111186 560 7 3 2 3 2 1 1 3 1 0 3 1 0 0 0 0 2 2 3 0 5 7 12 1 3 4 5 0 3 1 5 2 0 2 0
21111187 550 3 2 3 2 1 0 3 1 0 0 0 0 0 2 1 3 12 8 3 0 3 4 4 0 4 3 5 0 1 0 1
21111188 521 9 2 1 1 2 2 2 3 3 1 1 0 3 1 0 0 0 0 3 4 2 1 3 3 0 6 5 2 1 12 3 6 3 1 2 3 0
21111189 562 7 2 3 1 3 3 1 1 1 0 2 1 0 0 0 0 3 1 3 0 2 8 0 0 5 4 4 1 2 5 5 0 0 3 12
21111191 435 1 1 1 0 2 1 0 0 0 0 1 0 0 2 1 0 0 2 4 3 0 1 7 5 2 3 5 12 1
21111192 563 7 2 2 2 3 1 3 1 1 0 3 1 0 0 0 0 2 3 2 0 0 6 1 1 3 4 1 4 4 2 0 12 7 3 2
21111193 549 2 1 2 1 0 3 1 0 0 0 0 1 1 0 1 7 3 3 6 3 2 4 2 3 9 12 0 0 4 1
21111194 623 10 2 2 1 2 1 3 3 1 1 3 1 0 3 1 0 0 0 0 4 3 3 0 0 0 8 0 3 1 3 2 4 4 3 0 2 5 12
21111195 476 10 1 1 3 3 2 1 2 2 3 1 1 0 2 1 0 0 0 0 4 3 3 0 3 7 12 3 0 4 7 0 1 3 2 0 3 0 0
21111196 508 2 3 1 1 0 3 1 0 0 0 0 1 0 1 1 0 4 1 4 2 4 2 12 2 5 0 3 1 3 2
21111197 523 11 1 1 1 2 2 3 2 3 3 2 3 1 0 1 1 0 0 0 0 3 4 4 5 0 1 0 3 2 3 2 12 6 0 0 1 4 0 0
21111198 540 4 3 1 1 1 1 0 2 1 0 0 0 0 3 0 1 2 3 0 0 3 5 3 3 3 2 4 3 4 12 0 0
21111199 562 1 3 1 0 1 1 0 0 0 0 0 0 1 3 1 2 0 2 4 5 3 12 3 4 0 0 0 3 3
