21312143 1525 8 3 2 2 3 1 3 2 2 3 1 4 0.33333333333333331 5 0.33333333333333331 6 0.33333333333333331 1 4 3 2 4 1 3 3 4 1 0 14 3 0 1 3 1 0 0
21312149 1425 2 3 2 1 0 3 1 0 0 0 0 0 1 1 1 6 3 5 0 1 5 14 3 0 2 4 0 0 3 3
21312151 1362 1 3 1 0 2 1 0 0 0 0 0 0 1 0 1 5 2 4 1 6 3 1 2 14 7 0 3 4 4
21312161 1451 10 2 1 3 1 2 3 2 1 1 3 1 0 3 1 0 0 0 0 4 3 3 2 3 5 3 0 3 14 2 2 3 5 1 0 3 1 3
21312164 1521 0 1 0 1 1 0 0 0 0 0 0 0 0 4 14 5 3 1 4 6 0 1 2 0 0 0 2 2
21312168 1523 1 1 1 0 3 1 0 0 0 0 1 0 0 3 0 0 4 2 0 1 2 0 4 4 6 3 2 14 1
21312176 1118 2 2 1 1 0 3 1 0 0 0 0 1 1 0 7 3 14 1 3 2 2 1 0 0 3 5 0 0 3 6
21312185 1558 9 3 1 2 3 1 3 2 2 2 1 0 1 1 0 0 0 0 2 4 3 0 0 3 0 0 2 1 4 1 4 5 10 4 2 14 1
21312188 1384 3 3 1 1 1 0 3 1 0 0 0 0 2 0 1 3 0 0 0 2 14 3 2 5 6 9 7 3 7 3 0
21312199 1370 3 1 1 2 1 0 3 1 0 0 0 0 2 1 0 0 3 14 1 2 6 8 5 4 3 6 4 2 0 0 4
21312200 1397 7 3 3 1 3 2 2 3 1 0 2 1 0 0 0 0 1 2 4 0 0 0 2 3 3 1 1 6 5 1 0 3 14 4 3
21312204 1484 9 3 2 1 2 3 1 3 2 1 1 0 1 1 0 0 0 0 3 3 3 3 8 4 5 3 14 4 0 3 5 3 0 0 2 0 3
21312207 1391 10 1 3 2 2 3 1 2 1 2 1 1 0 3 1 0 0 0 0 4 4 2 0 1 5 2 0 1 4 14 2 0 3 3 0 3 0 0
21312211 1373 6 1 3 3 1 3 2 1 0 1 1 0 0 0 0 2 1 3 2 2 1 0 2 3 2 0 14 3 0 3 3 6 4 1
21312217 1396 7 3 1 2 2 2 1 3 1 0 2 1 0 0 0 0 2 3 2 0 1 1 0 0 3 5 2 3 3 4 4 0 4 1 14
21312219 1464 11 3 3 2 2 1 3 1 2 2 1 3 1 0 1 1 0 0 0 0 3 4 4 4 14 6 3 1 3 1 3 3 2 4 0 6 2 0 0
21312223 1512 10 2 3 2 2 1 1 1 3 1 2 1 0 3 1 0 0 0 0 4 4 2 3 5 3 2 3 14 6 3 4 4 1 0 2 3 1 0
21312227 1422 10 3 2 3 1 2 3 2 2 1 1 3 1 7 0.33333333333333331 8 0.33333333333333331 9 0.33333333333333331 3 4 3 0 2 5 1 0 3 3 14 1 3 5 3 0 0 3 3
21312231 1326 6 1 2 3 3 3 1 1 0 2 1 0 0 0 0 2 1 3 1 6 0 0 3 8 14 2 3 4 3 10 3 2 1 3
21312237 1355 1 3 1 0 1 1 0 0 0 0 0 0 1 2 3 1 1 3 4 6 4 4 14 3 0 2 0 2 3
21312242 1389 10 2 2 1 3 3 1 3 2 1 1 3 1 8 0.33333333333333331 9 0.33333333333333331 10 0.33333333333333331 4 3 3 1 3 2 3 0 3 5 14 0 2 4 3 2 3 0 1
21312250 1629 0 1 0 3 1 0 0 0 0 0 0 0 9 3 3 3 14 3 5 0 3 10 4 3 1 2 0 0
21312262 1258 10 1 1 1 2 3 1 2 3 2 3 1 0 2 1 0 0 0 0 4 3 3 0 3 0 0 3 8 3 4 3 14 4 0 3 3 7 3
21312267 1517 10 1 2 3 2 3 2 1 1 1 3 1 0 3 1 0 0 0 0 4 3 3 0 1 14 3 2 3 1 5 7 3 3 2 2 0 0 0
21312269 1322 3 2 3 1 1 0 1 1 0 0 0 0 1 1 1 14 4 2 2 7 7 3 0 3 3 0 1 0 0 0 3
21312277 1457 7 2 3 2 1 3 1 1 1 0 3 1 0 0 0 0 3 2 2 0 3 2 0 1 7 0 0 3 4 4 4 2 3 14 4
21312281 1417 8 2 2 1 3 1 3 1 2 1 0 1 1 0 0 0 0 3 3 2 3 2 3 5 8 14 7 0 4 4 6 3 0 2 1 0
21312282 1601 7 2 3 3 1 3 1 2 1 0 1 1 0 0 0 0 2 2 3 2 2 4 14 3 4 4 3 3 1 3 0 0 1 0 2
21312283 1487 1 1 1 0 1 1 0 0 0 0 1 0 0 4 8 4 0 2 3 2 0 14 7 2 1 4 8 0 0
21312300 1553 5 1 3 3 3 1 1 0 1 1 0 0 0 0 2 0 3 0 0 2 4 2 0 0 6 2 1 6 3 3 14 3 2
21312301 1551 6 2 3 3 1 1 2 1 0 3 1 0 0 0 0 2 2 2 4 14 2 3 1 3 5 1 0 0 2 6 2 0 0 1
21312304 1544 4 1 2 1 1 1 0 2 1 0 0 0 0 3 1 0 4 14 1 4 3 4 6 7 0 3 6 2 0 2 0 0
21312308 1655 11 2 1 1 1 3 3 2 1 3 3 2 1 0 2 1 0 0 0 0 4 3 4 0 2 8 3 0 4 9 0 2 1 1 6 4 3 5 14
21312309 1616 9 1 2 3 2 3 1 3 3 1 1 0 2 1 0 0 0 0 3 2 4 0 1 4 0 4 2 2 3 0 0 3 4 2 1 1 14
