21311802 958 11 3 2 2 1 3 1 1 3 1 2 3 1 0 2 1 0 0 0 0 4 3 4 1 0 0 0 2 4 3 2 13 7 4 0 3 9 6 1
21311806 847 10 1 1 3 2 2 2 2 3 3 3 1 0 1 1 0 0 0 0 2 4 4 1 4 1 0 2 2 6 9 3 3 4 0 8 9 13 1
21311807 905 5 1 1 1 3 3 1 0 2 1 0 0 0 0 3 0 2 13 3 3 3 4 5 3 0 3 3 2 3 0 5 2 0
21311808 921 6 2 3 1 1 2 3 1 0 3 1 0 0 0 0 2 2 2 0 1 4 2 0 3 2 6 2 0 5 13 3 4 1 1
21311809 873 0 1 0 3 1 0 0 0 0 0 0 0 1 8 3 0 3 5 1 2 13 2 4 0 0 0 3 0
21311811 951 1 2 1 0 3 1 0 0 0 0 0 1 0 13 5 5 0 3 4 1 1 4 2 3 0 0 1 0 2
21311813 938 0 1 0 1 1 0 0 0 0 0 0 0 2 8 13 2 5 6 4 3 4 1 3 0 0 3 3 0
21311814 816 7 3 1 1 1 2 3 3 1 0 3 1 0 0 0 0 3 1 3 1 1 3 4 0 13 3 2 2 4 2 0 0 3 0 2
21311815 957 10 1 2 3 3 1 1 2 2 2 3 1 0 3 1 0 0 0 0 3 4 3 0 0 0 1 4 0 3 2 9 4 0 0 13 7 5 1
21311818 922 10 2 2 3 1 1 2 1 3 2 3 1 0 3 1 0 0 0 0 3 4 3 0 1 7 0 13 3 3 0 3 5 1 1 2 2 2 1
21311820 993 10 1 1 2 3 3 2 3 2 2 1 1 0 3 1 0 0 0 0 3 4 3 2 0 1 0 3 6 3 2 5 3 5 0 13 3 1 1
21311822 939 0 1 0 1 1 0 0 0 0 0 0 0 7 7 2 2 13 6 4 3 3 7 3 1 0 0 1 2
21311823 886 6 3 2 2 1 2 1 1 0 1 1 0 0 0 0 2 3 1 3 2 2 4 0 3 13 2 5 1 6 1 0 0 1 3
21311824 940 6 2 3 2 2 3 3 1 0 2 1 0 0 0 0 0 3 3 13 3 0 1 4 3 5 0 3 8 5 1 1 1 0 0
21311826 830 2 3 3 1 0 1 1 0 0 0 0 0 0 2 2 3 0 0 4 3 6 5 13 1 0 2 2 5 3 1
21311827 806 1 3 1 0 1 1 0 0 0 0 0 0 1 2 7 4 3 13 7 0 0 4 3 2 4 3 0 0 1
21311828 931 4 2 2 1 3 1 0 1 1 0 0 0 0 1 2 1 1 3 3 0 2 3 4 1 3 13 4 9 3 5 6 2
21311829 892 4 1 2 1 3 1 0 1 1 0 0 0 0 2 1 1 0 4 2 3 2 7 3 2 0 3 6 4 0 1 7 13
21311830 990 3 2 1 3 1 0 2 1 0 0 0 0 1 1 1 0 1 2 13 4 6 9 1 2 7 8 1 0 0 4 3
21311831 821 7 1 2 1 3 1 2 2 1 0 3 1 0 0 0 0 3 3 1 3 6 0 0 4 4 13 0 4 1 2 0 2 3 3 1
21311832 876 6 2 1 2 1 3 2 1 0 1 1 0 0 0 0 2 3 1 0 4 2 2 0 13 3 5 4 6 8 4 3 1 1 4
21311833 913 6 2 2 1 2 2 3 1 0 1 1 0 0 0 0 1 4 1 3 0 1 1 3 5 3 4 0 3 2 13 1 0 0 0
21311835 887 0 1 0 1 1 0 0 0 0 0 0 0 13 4 4 3 2 5 2 2 3 1 1 0 0 3 0 0
21311836 764 0 1 0 2 1 0 0 0 0 0 0 0 2 0 1 3 2 8 3 0 3 6 4 1 13 1 7 0
21311841 1007 1 2 1 0 3 1 0 0 0 0 0 1 0 1 4 4 1 7 5 2 6 3 13 3 0 1 8 2 0
21311842 912 2 3 3 1 0 1 1 0 0 0 0 0 0 2 1 3 0 0 2 5 2 0 3 3 6 5 13 8 2 1
21311844 810 10 1 2 3 2 3 1 3 2 1 1 1 0 3 1 0 0 0 0 4 3 3 3 2 3 13 1 3 5 7 0 4 4 5 0 0 2 0
21311845 920 11 2 3 3 1 2 3 1 1 2 1 3 1 0 2 1 0 0 0 0 4 3 4 0 5 3 0 3 3 4 1 0 5 3 2 0 13 4 3
21311846 943 0 1 0 2 1 0 0 0 0 0 0 0 5 4 7 0 6 4 1 0 13 3 3 2 0 0 0 1
21311847 878 5 2 2 1 1 1 3 1 7 0.33333333333333331 8 0.33333333333333331 9 0.33333333333333331 3 2 0 3 9 1 4 0 1 5 13 0 2 2 2 0 0 3 3
21311848 825 5 2 1 1 1 3 1 0 1 1 0 0 0 0 3 1 1 3 7 2 0 2 8 6 1 13 4 3 2 3 2 3 5
21311849 885 2 2 1 1 0 1 1 0 0 0 0 1 1 0 0 0 0 2 1 5 2 6 0 3 3 2 3 13 3 1
21311851 933 2 1 3 1 0 1 1 0 0 0 0 1 0 1 6 2 0 0 3 5 3 0 13 1 2 2 3 8 3 5
21311852 910 5 3 2 2 1 2 3 1 7 0.33333333333333331 8 0.33333333333333331 9 0.33333333333333331 1 3 1 13 6 1 0 3 3 4 3 3 5 0 0 1 0 0 0
21311854 1046 0 1 0 2 1 0 0 0 0 0 0 0 1 0 5 13 3 5 7 2 0 3 3 5 0 0 1 3
21311855 794 0 1 0 2 1 0 0 0 0 0 0 0 0 2 0 0 0 1 9 5 1 1 4 4 0 3 2 13
21311857 1018 10 3 2 3 2 3 2 1 2 1 1 1 0 1 1 0 0 0 0 3 4 3 2 5 3 2 1 1 7 2 3 3 8 13 0 0 1 3
21311858 951 1 3 1 0 3 1 0 0 0 0 0 0 1 0 1 3 0 3 4 2 1 0 2 7 1 0 13 2 3
21311860 980 4 3 1 1 2 1 0 3 1 0 0 0 0 2 1 1 0 2 0 0 3 1 3 13 0 2 5 5 0 3 3 3
21311862 900 0 1 0 1 1 0 0 0 0 0 0 0 7 4 13 3 0 6 3 2 2 1 1 2 3 0 0 0
21311863 1005 9 2 1 1 2 2 3 1 2 3 1 0 1 1 0 0 0 0 3 4 2 0 8 4 13 0 3 3 4 0 0 4 4 3 0 0 3
21311864 974 7 2 1 2 3 2 3 1 1 0 1 1 0 0 0 0 2 3 2 0 5 3 2 0 1 3 4 2 4 13 1 0 0 3 0
21311865 926 4 1 1 1 3 1 0 2 1 0 0 0 0 3 0 1 0 0 2 3 4 8 6 3 2 3 4 3 13 6 8 0
21311870 898 1 1 1 0 3 1 0 0 0 0 1 0 0 13 7 4 2 3 5 2 4 3 1 8 0 0 6 2 1
21311871 901 3 1 2 2 1 0 3 1 0 0 0 0 1 2 0 5 4 0 0 2 5 1 4 13 3 2 1 1 0 0 0
21311872 1005 10 1 1 1 2 2 3 3 3 3 1 1 0 2 1 0 0 0 0 4 2 4 13 2 4 3 1 6 5 3 3 4 3 0 0 3 0 2
21311873 822 2 3 1 1 0 2 1 0 0 0 0 1 0 1 1 2 0 0 0 7 3 3 3 2 3 13 1 4 3 3
21311874 854 6 2 3 3 3 1 3 1 0 1 1 0 0 0 0 1 1 4 13 4 3 0 8 6 1 0 2 3 0 0 2 1 0 2
21311875 929 10 3 1 1 2 2 3 1 2 3 1 1 0 3 1 0 0 0 0 4 3 3 2 4 3 13 1 3 5 3 3 2 1 0 2 0 0 0
21311877 812 3 3 1 3 1 0 1 1 0 0 0 0 1 0 2 0 0 2 2 0 2 4 1 2 0 6 7 0 1 13 6
21311878 830 11 3 1 3 1 1 2 3 2 2 1 3 1 0 2 1 0 0 0 0 4 3 4 0 2 1 0 0 3 4 1 1 2 9 13 3 6 3 2
21311879 916 11 3 2 2 1 3 1 1 2 1 2 3 1 0 3 1 0 0 0 0 4 4 3 0 1 2 1 13 8 3 1 7 6 2 0 5 4 2 0
21311880 934 0 1 0 2 1 0 0 0 0 0 0 0 1 3 1 0 4 4 3 0 2 5 6 5 13 3 1 2
21311881 886 9 2 3 1 2 2 1 3 3 3 1 0 1 1 0 0 0 0 2 3 4 1 2 0 0 0 2 0 4 0 1 5 4 0 0 3 13
21311882 977 9 2 1 3 3 1 2 2 3 3 1 0 1 1 0 0 0 0 2 3 4 0 2 0 0 1 3 3 4 4 5 6 1 2 4 3 13
21311885 875 10 2 1 2 3 3 2 1 1 3 3 1 0 2 1 0 0 0 0 3 3 4 2 4 4 0 1 13 2 1 5 0 0 0 1 0 0 0
21311886 869 0 1 0 2 1 0 0 0 0 0 0 0 3 1 3 1 13 2 4 1 5 4 2 0 0 5 3 0
21311888 965 4 2 2 1 2 1 0 3 1 0 0 0 0 1 3 0 0 0 2 0 0 0 0 5 3 1 5 1 0 1 6 13
21311889 757 4 2 2 1 2 1 0 3 1 0 0 0 0 1 3 0 1 0 5 0 0 4 3 2 1 4 6 13 4 1 9 4
21311890 900 7 2 1 3 2 1 3 2 1 0 3 1 0 0 0 0 2 3 2 3 2 6 1 13 3 5 5 1 1 3 0 2 3 0 0
21311891 1018 0 1 0 3 1 0 0 0 0 0 0 0 3 13 5 4 0 4 2 0 2 1 4 0 0 0 0 1
21311893 934 10 2 2 1 1 2 3 3 1 3 1 1 0 3 1 0 0 0 0 4 3 3 2 0 0 0 1 4 5 13 3 5 2 1 0 2 0 3
21311894 1002 3 2 2 1 1 0 1 1 0 0 0 0 1 2 0 0 0 0 2 1 6 5 3 0 4 8 13 3 3 3 3
21311896 899 9 3 1 3 3 3 2 2 2 1 1 0 1 1 0 0 0 0 2 3 4 1 8 3 1 0 6 4 13 0 2 5 7 0 0 2 4
21311897 881 4 2 2 3 3 1 0 3 1 0 0 0 0 0 2 2 13 0 3 2 4 3 5 1 3 3 1 0 1 5 0 0
21311898 1012 11 3 2 1 1 1 2 3 3 3 2 2 1 0 1 1 0 0 0 0 3 4 4 0 3 4 13 3 5 5 8 0 2 0 3 0 1 0 0
21311899 932 11 2 1 3 3 2 1 1 3 1 3 2 3 1 4 0.33333333333333331 5 0.33333333333333331 6 0.33333333333333331 4 3 4 2 0 0 0 1 4 3 3 1 6 0 0 13 2 4 2
21311902 786 7 1 3 1 3 2 2 2 1 0 1 1 0 0 0 0 2 3 2 0 3 2 1 0 2 6 3 0 13 1 4 3 2 3 1
21311903 858 11 3 2 1 1 2 1 1 3 2 3 3 3 1 7 0.33333333333333331 8 0.33333333333333331 9 0.33333333333333331 4 3 4 1 4 2 1 13 7 2 3 0 1 4 0 0 2 2 0
21311904 1029 11 1 3 2 2 3 3 3 1 2 2 1 1 0 1 1 0 0 0 0 3 4 4 0 3 4 2 2 4 3 1 1 0 13 5 0 0 0 9
21311906 835 3 3 1 1 1 0 2 1 0 0 0 0 2 0 1 0 3 3 0 0 3 6 4 3 3 7 6 0 13 4 2
21311908 957 0 1 0 2 1 0 0 0 0 0 0 0 13 5 3 1 6 7 6 0 3 2 0 3 0 3 0 1
21311910 877 1 1 1 0 2 1 0 0 0 0 1 0 0 3 1 2 1 1 5 2 4 4 13 2 0 3 0 0 0
21311912 718 8 2 1 2 3 1 3 2 1 3 1 4 0.33333333333333331 5 0.33333333333333331 6 0.33333333333333331 3 3 2 0 13 3 4 1 3 5 3 0 4 2 0 0 3 0 0
21311913 835 9 3 2 1 2 1 2 3 3 3 1 0 1 1 0 0 0 0 2 3 4 13 4 1 5 2 3 1 2 2 4 6 0 0 3 1 0
21311914 882 8 2 2 1 1 3 3 1 2 3 1 7 0.33333333333333331 8 0.33333333333333331 9 0.33333333333333331 3 3 2 0 2 3 3 0 3 4 0 1 13 4 4 0 0 3 0
21311915 886 4 3 2 1 2 1 0 1 1 0 0 0 0 1 2 1 4 5 5 6 1 13 3 3 3 2 0 0 0 0 3 0
21311916 889 4 3 2 3 1 1 0 1 1 0 0 0 0 1 1 2 3 0 0 0 6 3 4 2 4 6 4 0 13 3 1 2
21311917 1069 3 1 2 3 1 0 3 1 0 0 0 0 1 1 1 3 0 3 0 2 7 2 1 6 5 3 3 1 3 9 13
21311920 874 2 3 1 1 0 1 1 0 0 0 0 1 0 1 0 2 4 13 1 2 2 5 0 4 3 2 0 0 0 1
21311921 767 9 1 3 2 3 1 3 1 2 1 1 0 2 1 0 0 0 0 4 2 3 2 13 1 4 2 3 4 3 0 0 5 1 0 3 2 0
21311924 973 4 3 1 2 1 1 0 2 1 0 0 0 0 2 1 1 2 5 13 1 5 1 4 0 3 2 2 0 1 0 3 0
21311925 785 5 3 1 1 2 3 1 0 1 1 0 0 0 0 2 1 2 4 3 2 2 3 5 13 6 5 8 3 3 1 0 0 2
21311927 831 7 1 2 3 3 1 1 2 1 0 3 1 0 0 0 0 3 2 2 2 1 2 4 4 5 6 8 0 5 5 13 0 0 3 0
21311930 962 0 1 0 2 1 0 0 0 0 0 0 0 3 6 1 0 0 5 4 5 1 4 7 8 4 2 3 13
21311931 1009 4 2 2 3 3 1 0 3 1 0 0 0 0 0 2 2 13 3 4 2 6 7 1 1 4 4 1 0 1 2 0 0
21311932 900 1 2 1 0 3 1 0 0 0 0 0 1 0 0 0 2 3 0 1 3 13 2 1 5 4 0 7 1 4
21311934 919 8 2 1 3 2 3 3 1 2 1 0 3 1 0 0 0 0 2 3 3 3 3 4 0 5 3 5 1 13 3 7 2 0 1 0 0
21311937 766 0 1 0 2 1 0 0 0 0 0 0 0 3 0 0 0 3 2 6 3 6 6 4 1 13 4 3 1
21311938 1016 10 3 2 1 3 2 3 1 1 2 2 1 0 1 1 0 0 0 0 3 4 3 0 1 0 3 2 3 4 3 2 3 5 1 3 13 0 0
21311939 956 11 2 1 2 3 3 1 1 2 1 3 3 1 0 2 1 0 0 0 0 4 3 4 0 0 1 1 0 0 2 4 3 5 3 3 3 4 13 2
21311941 889 6 2 3 1 3 2 3 1 0 1 1 0 0 0 0 1 2 3 3 0 2 1 3 1 5 0 13 7 3 0 3 4 3 2
21311942 938 10 1 3 2 3 3 2 2 1 2 1 1 0 3 1 0 0 0 0 3 4 3 0 3 1 0 3 2 6 4 2 4 3 1 1 13 3 0
21311943 869 11 3 3 3 1 2 2 1 1 3 2 1 1 0 2 1 0 0 0 0 4 3 4 0 1 0 0 6 1 2 0 2 7 3 2 13 3 3 1
21311944 988 3 2 2 1 1 0 1 1 0 0 0 0 1 2 0 13 0 5 3 4 5 3 1 3 5 3 0 3 2 0 0
21311945 811 7 1 2 2 1 3 1 1 1 0 2 1 0 0 0 0 4 2 1 0 3 0 3 2 0 2 13 0 5 4 3 1 1 4 2
21311946 1061 1 1 3 1 6 0.33333333333333331 7 0.33333333333333331 8 0.33333333333333331 1 0 0 0 0 1 1 2 3 2 4 3 7 4 3 4 13 2 0
21311947 1030 2 1 2 1 0 3 1 0 0 0 0 1 1 0 3 0 0 0 0 13 5 3 1 2 4 4 0 5 1 2
21311948 898 2 3 2 1 0 2 1 0 0 0 0 0 1 1 0 1 2 1 1 2 5 3 6 3 7 2 1 13 1 8
21311950 937 11 3 2 2 1 3 2 1 3 1 1 2 1 0 3 1 0 0 0 0 4 4 3 3 2 4 13 0 6 7 4 1 4 3 1 2 5 0 0
21311951 1007 5 2 1 3 3 3 3 1 5 0.33333333333333331 6 0.33333333333333331 7 0.33333333333333331 1 1 3 13 6 2 2 2 3 1 3 4 5 1 1 3 6 0 0
21311953 836 2 1 1 1 0 3 1 0 0 0 0 2 0 0 3 2 6 1 0 4 5 2 0 3 5 3 0 13 3 2
21311954 777 9 1 2 3 2 2 1 3 3 1 1 0 1 1 0 0 0 0 3 3 3 1 5 5 3 0 8 6 13 3 4 5 2 0 2 0 0
21311955 818 10 2 2 1 3 3 3 1 3 1 2 1 0 2 1 0 0 0 0 3 3 4 0 2 2 3 0 2 7 1 1 7 13 5 1 4 9 1
21311956 843 4 3 2 3 1 1 0 1 1 0 0 0 0 1 1 2 13 2 3 3 7 6 7 0 1 3 4 4 0 0 0 2
21311957 893 11 2 1 3 3 2 2 3 1 1 1 3 1 0 2 1 0 0 0 0 4 3 4 0 0 1 0 0 2 2 13 2 5 7 1 5 3 4 1
21311958 949 1 2 1 0 2 1 0 0 0 0 0 1 0 3 1 4 0 13 4 4 2 6 5 1 1 3 3 0 0
21311961 1050 0 1 0 1 1 0 0 0 0 0 0 0 2 0 6 0 3 13 4 4 0 1 2 5 0 1 2 9
21311962 899 6 2 1 3 2 2 3 1 0 3 1 0 0 0 0 1 3 2 0 3 4 13 1 1 5 3 1 6 4 2 3 0 3 3
21311963 801 10 3 1 3 2 3 1 1 2 2 3 1 0 2 1 0 0 0 0 3 3 4 3 4 2 0 13 1 5 0 5 5 2 3 1 1 5 0
21311964 908 5 3 1 2 2 1 1 0 3 1 0 0 0 0 2 2 1 13 4 3 0 3 1 5 4 4 2 3 3 1 2 0 0
21311965 921 8 3 2 3 3 2 1 1 1 1 0 1 1 0 0 0 0 3 2 3 4 3 3 2 2 5 7 1 13 5 0 0 0 0 2 0
21311967 844 4 2 1 3 3 1 0 2 1 0 0 0 0 1 1 2 3 13 3 1 2 8 2 2 0 4 1 3 0 1 4 1
21311969 969 1 2 1 0 1 1 0 0 0 0 0 1 0 0 3 0 4 0 2 6 3 0 13 1 2 2 1 1 4
21311971 990 3 2 1 3 1 0 2 1 0 0 0 0 1 1 1 3 1 2 0 3 3 3 0 4 4 5 1 13 3 2 1
21311973 918 9 3 3 2 2 2 3 3 1 1 1 0 1 1 0 0 0 0 2 3 4 1 0 0 0 5 13 5 4 0 5 1 2 0 3 0 2
21311974 983 10 2 2 1 3 3 1 1 1 2 3 1 0 3 1 0 0 0 0 4 3 3 3 9 8 13 5 3 1 2 0 7 4 3 0 2 0 5
21311975 882 0 1 0 3 1 0 0 0 0 0 0 0 0 0 2 3 3 1 2 3 0 4 5 4 3 1 3 13
21311976 833 0 1 0 2 1 0 0 0 0 0 0 0 3 0 2 0 0 1 4 1 2 1 3 3 0 4 7 13
21311977 925 6 2 3 1 3 2 2 1 0 1 1 0 0 0 0 1 3 2 3 13 7 1 4 6 3 5 0 0 4 3 0 3 3 0
21311978 956 8 2 1 1 1 2 3 2 3 1 0 3 1 0 0 0 0 3 3 2 0 0 3 2 3 3 1 5 1 2 6 8 3 7 4 13
21311979 780 0 1 0 3 1 0 0 0 0 0 0 0 0 2 4 13 1 3 5 5 0 1 3 2 0 0 2 1
21311980 887 5 3 2 2 1 1 1 0 2 1 0 0 0 0 2 2 1 0 4 1 3 13 3 1 2 6 5 6 3 1 2 3 4
21311984 976 1 2 1 0 3 1 0 0 0 0 0 1 0 0 3 1 13 0 1 3 4 0 0 5 3 3 0 3 2
21311985 977 3 2 3 2 1 0 1 1 0 0 0 0 0 2 1 0 0 3 0 3 4 1 2 1 4 5 3 0 3 8 13
21311986 976 0 1 0 1 1 0 0 0 0 0 0 0 0 3 2 1 6 1 4 0 3 2 4 3 4 2 13 0
21311990 868 10 2 2 3 1 2 3 2 3 3 1 1 0 1 1 0 0 0 0 2 4 4 13 4 1 0 3 2 0 1 4 5 0 0 3 4 3 0
21311991 1030 10 3 2 2 2 1 1 1 3 1 2 1 0 3 1 0 0 0 0 4 4 2 2 2 0 0 1 3 1 0 5 5 3 3 13 4 4 0
21311992 921 7 2 3 2 1 3 2 2 1 0 3 1 0 0 0 0 1 4 2 0 3 0 3 0 0 1 4 1 3 13 6 4 4 5 1
21311994 1053 3 3 2 1 3 1 6 0.33333333333333331 7 0.33333333333333331 8 0.33333333333333331 1 1 1 2 3 1 0 0 5 3 13 1 3 2 1 1 2 2 3
21311995 870 6 1 1 3 1 2 2 1 0 3 1 0 0 0 0 3 2 1 2 0 0 0 0 0 1 3 2 4 5 13 3 4 4 5
21311996 811 11 3 1 3 2 2 2 3 2 1 1 1 1 0 3 1 0 0 0 0 4 4 3 0 3 0 6 8 6 3 3 6 5 4 0 13 9 2 1
21311997 862 1 2 1 0 2 1 0 0 0 0 0 1 0 13 2 1 0 9 6 4 3 3 0 3 1 0 1 0 0
21311999 899 2 2 1 1 0 1 1 0 0 0 0 1 1 0 3 5 3 5 0 0 2 2 0 3 4 13 0 0 0 1
21312000 1036 4 1 1 2 3 1 0 2 1 0 0 0 0 2 1 1 5 13 3 0 2 4 3 0 0 0 3 3 0 1 0 0
21312003 976 0 1 0 3 1 0 0 0 0 0 0 0 3 13 4 1 3 8 5 2 2 4 6 0 2 1 1 0
21312004 867 9 3 3 2 2 2 2 1 1 3 1 0 1 1 0 0 0 0 2 4 3 0 3 1 0 1 3 3 13 0 2 6 3 0 2 1 3
21312007 873 1 3 1 0 1 1 0 0 0 0 0 0 1 0 0 4 4 0 3 4 2 0 13 2 2 1 3 1 4
21312009 999 6 2 2 3 1 2 1 1 0 1 1 0 0 0 0 2 3 1 0 0 3 0 0 2 3 0 3 9 3 3 1 13 5 4
21312010 986 3 1 1 3 1 0 2 1 0 0 0 0 2 0 1 3 5 1 0 7 2 3 2 13 4 1 0 4 3 2 0
21312012 849 2 3 1 1 0 1 1 0 0 0 0 1 0 1 2 3 13 1 2 6 3 4 3 3 0 3 0 2 3 5
21312013 968 4 3 1 2 1 1 0 2 1 0 0 0 0 2 1 1 1 3 0 1 2 1 2 0 3 5 6 3 2 3 13 0
21312015 874 7 3 1 1 3 2 3 2 1 0 1 1 0 0 0 0 2 2 3 0 0 1 2 2 3 5 5 0 1 4 6 0 13 2 3
21312016 848 9 2 2 3 2 3 2 3 1 1 1 0 1 1 0 0 0 0 2 4 3 0 0 3 0 4 1 3 0 5 6 0 0 2 13 5 1
21312018 902 1 2 1 0 1 1 0 0 0 0 0 1 0 1 0 0 3 0 6 3 2 3 4 4 3 1 3 13 2
21312019 897 5 1 3 2 2 3 1 0 2 1 0 0 0 0 1 2 2 0 3 6 1 6 3 3 6 0 13 3 1 0 2 0 1
21312021 956 2 2 1 1 0 3 1 0 0 0 0 1 1 0 0 2 0 1 2 1 3 3 4 5 13 6 5 4 3 3
21312022 924 8 1 3 3 1 3 1 2 2 1 0 1 1 0 0 0 0 3 2 3 0 3 6 13 0 4 4 7 2 3 3 3 0 2 3 0
21312023 878 6 1 2 3 1 3 2 1 0 2 1 0 0 0 0 2 2 2 2 3 3 13 0 5 4 3 1 1 3 3 3 0 0 0
21312024 944 8 3 1 1 1 2 2 3 2 1 0 3 1 0 0 0 0 3 3 2 1 3 13 0 2 2 7 6 3 4 1 0 1 0 3 2
21312025 800 2 1 3 1 0 1 1 0 0 0 0 1 0 1 0 0 8 3 1 3 5 5 2 2 2 9 0 4 7 13
21312026 936 5 3 3 1 2 2 1 0 3 1 0 0 0 0 1 2 2 0 0 0 1 0 0 2 3 1 3 4 3 2 1 4 13
21312027 997 7 1 2 1 3 1 3 2 3 1 5 0.33333333333333331 6 0.33333333333333331 7 0.33333333333333331 3 2 2 0 0 5 3 0 3 7 3 0 8 4 4 5 13 4 2
21312029 847 10 1 3 2 3 2 3 1 1 2 1 1 0 3 1 0 0 0 0 4 3 3 2 1 3 0 3 4 4 1 13 7 3 2 0 3 2 0
21312031 919 9 3 2 2 3 2 3 3 2 1 1 0 1 1 0 0 0 0 1 4 4 0 0 2 1 0 4 2 1 0 3 5 3 1 5 1 13
21312032 939 2 3 2 1 0 3 1 0 0 0 0 0 1 1 2 13 4 0 1 4 5 1 2 5 3 0 1 0 0 0
21312034 998 2 3 2 1 0 3 1 0 0 0 0 0 1 1 3 1 8 3 3 13 7 9 0 0 4 4 0 0 3 3
21312035 1014 6 3 2 3 2 2 1 1 0 3 1 0 0 0 0 1 3 2 0 1 5 4 0 3 3 1 0 13 4 3 2 0 0 1
21312036 1045 6 3 1 2 3 1 3 1 0 3 1 0 0 0 0 2 1 3 0 1 0 0 4 3 3 0 5 8 2 2 13 1 4 2
21312040 878 4 1 3 2 2 1 0 1 1 0 0 0 0 1 2 1 0 0 2 3 0 1 3 0 1 3 5 2 0 5 8 13
21312044 1061 5 1 2 1 3 1 1 0 2 1 0 0 0 0 3 1 1 3 1 13 0 4 2 1 3 3 3 4 0 0 2 2 0
21312046 969 6 1 3 2 2 1 1 1 0 2 1 0 0 0 0 3 2 1 3 3 1 3 1 4 8 4 0 0 3 4 0 2 2 13
21312047 817 11 1 2 3 2 1 3 1 3 2 2 1 1 0 3 1 0 0 0 0 4 4 3 0 3 0 0 3 0 3 2 3 0 4 0 5 13 1 3
21312048 895 6 1 3 3 3 3 2 1 0 2 1 0 0 0 0 1 1 4 0 2 1 0 4 4 6 1 8 4 3 4 13 8 4 0
21312049 908 2 2 3 3 1 7 0.33333333333333331 8 0.33333333333333331 9 0.33333333333333331 0 1 1 3 1 2 0 1 3 3 4 13 5 3 2 0 4 1 0
21312050 947 4 2 2 1 3 1 0 1 1 0 0 0 0 1 2 1 3 13 2 3 2 3 5 1 3 3 3 0 1 3 0 0
21312052 978 10 2 1 3 1 3 3 2 2 1 1 1 0 3 1 0 0 0 0 4 3 3 0 1 0 0 0 2 0 4 0 0 3 4 2 6 7 13
21312053 967 9 3 2 2 2 1 3 2 1 3 1 0 1 1 0 0 0 0 2 4 3 2 0 1 0 9 5 3 3 3 5 1 0 13 3 0 0
21312054 741 4 1 1 2 2 1 0 3 1 0 0 0 0 2 2 0 4 13 0 2 8 3 0 0 2 3 5 1 0 1 3 0
21312055 926 4 2 3 2 3 1 0 3 1 0 0 0 0 0 2 2 13 4 1 3 5 0 5 3 4 1 1 0 0 0 0 2
21312056 791 11 2 1 2 1 2 1 3 3 1 2 3 1 0 3 1 0 0 0 0 4 4 3 2 4 1 0 3 5 3 6 4 3 3 0 13 4 3 0
21312057 893 11 2 3 1 1 2 2 3 2 1 3 1 3 1 7 0.33333333333333331 8 0.33333333333333331 9 0.33333333333333331 4 4 3 3 8 3 5 0 2 4 13 3 0 0 1 0 3 0 0
21312058 874 7 1 1 3 2 1 3 3 1 0 2 1 0 0 0 0 3 1 3 3 0 0 0 2 3 5 0 8 1 2 0 13 5 3 6
21312059 843 2 3 1 1 0 3 1 0 0 0 0 1 0 1 3 3 13 3 5 4 5 3 2 3 2 3 1 7 0 0
21312060 884 6 1 1 1 2 3 3 1 0 3 1 0 0 0 0 3 1 2 13 6 2 2 4 6 0 0 0 2 3 0 0 1 0 0
21312061 805 11 2 3 1 2 3 3 2 2 1 1 1 1 0 3 1 0 0 0 0 4 4 3 0 0 5 3 0 2 4 3 0 4 7 4 3 4 1 13
21312062 1061 8 2 1 2 3 1 1 2 3 1 0 2 1 0 0 0 0 3 3 2 5 0 0 3 7 4 1 3 3 5 4 0 9 3 13 4
21312063 941 5 1 3 2 2 3 1 0 1 1 0 0 0 0 1 2 2 0 2 1 2 2 2 1 4 3 5 3 1 4 1 13 4
21312064 943 9 2 3 3 1 2 3 1 2 1 1 0 2 1 0 0 0 0 3 3 3 1 1 3 1 3 6 3 1 4 5 2 2 13 3 2 0
21312065 857 7 2 2 3 2 3 2 3 1 0 3 1 0 0 0 0 0 4 3 0 1 0 4 1 4 2 13 1 3 4 1 3 7 3 1
21312066 959 5 2 3 1 2 3 1 0 1 1 0 0 0 0 1 2 2 0 0 3 3 0 2 13 2 3 5 4 4 1 3 1 7
21312068 876 5 2 2 3 1 2 1 0 3 1 0 0 0 0 1 3 1 0 0 1 0 13 3 2 3 4 6 5 1 2 1 1 3
21312069 873 10 1 3 1 2 1 1 3 2 3 2 1 0 3 1 0 0 0 0 4 3 3 2 4 2 3 0 3 3 4 0 2 6 13 7 1 3 1
21312070 822 3 1 3 3 1 0 1 1 0 0 0 0 1 0 2 9 4 4 3 3 5 13 3 2 4 2 2 4 0 0 1
21312073 953 2 2 1 1 0 1 1 0 0 0 0 1 1 0 3 3 4 3 2 5 1 3 3 2 13 5 0 0 8 0
21312074 1081 6 1 3 3 3 1 2 1 0 1 1 0 0 0 0 2 1 3 0 0 2 2 2 5 3 0 9 1 3 1 13 2 0 0
21312075 769 9 3 3 3 1 2 2 1 1 2 1 0 1 1 0 0 0 0 3 3 3 0 0 0 2 3 0 1 3 0 6 4 5 3 3 2 13
21312076 872 1 3 1 0 3 1 0 0 0 0 0 0 1 4 1 2 1 6 3 3 2 13 1 4 0 8 3 2 0
21312078 872 0 1 0 1 1 0 0 0 0 0 0 0 0 13 8 6 1 3 5 1 2 2 4 1 0 2 3 2
21312079 831 1 1 1 0 1 1 0 0 0 0 1 0 0 1 1 6 13 0 5 5 2 2 2 3 2 0 1 0 2
21312082 853 8 1 1 2 3 2 3 2 3 1 0 1 1 0 0 0 0 2 3 3 2 3 2 0 13 5 3 0 3 1 1 1 2 4 0 0
21312084 917 3 1 3 1 1 0 2 1 0 0 0 0 2 0 1 0 3 0 3 2 4 3 4 0 1 13 5 0 3 4 2
21312086 967 4 2 1 1 3 1 0 3 1 0 0 0 0 2 1 1 1 2 0 0 5 0 0 0 5 4 2 1 13 4 2 0
21312088 815 1 2 1 0 1 1 0 0 0 0 0 1 0 1 0 0 0 3 2 7 3 3 4 6 3 3 3 13 8
21312090 955 6 3 2 3 2 3 1 1 0 1 1 0 0 0 0 1 2 3 2 4 3 1 0 0 5 13 1 5 8 3 7 0 2 3
21312092 895 7 3 2 3 1 2 2 1 1 0 1 1 0 0 0 0 2 3 2 1 2 3 0 0 6 2 0 13 5 3 3 4 7 1 0
21312093 909 7 3 1 3 2 2 3 3 1 0 2 1 0 0 0 0 1 2 4 13 1 0 0 6 4 3 0 6 4 2 1 1 3 0 0
21312095 832 6 1 1 1 2 2 3 3 1 6 0.33333333333333331 7 0.33333333333333331 8 0.33333333333333331 3 2 1 3 3 5 0 6 5 3 0 3 13 3 0 3 0 0 2
21312097 766 3 1 1 3 1 0 2 1 0 0 0 0 2 0 1 4 3 2 0 9 6 3 4 13 7 5 3 2 1 3 0
21312101 879 1 2 1 0 2 1 0 0 0 0 0 1 0 3 3 3 0 13 7 5 1 1 5 1 5 0 0 2 0
21312102 829 3 2 2 1 1 0 2 1 0 0 0 0 1 2 0 0 1 0 0 4 1 4 3 6 13 4 2 1 8 4 3
21312105 835 11 2 3 2 2 3 3 2 1 1 3 1 1 0 1 1 0 0 0 0 3 4 4 2 0 0 0 0 13 7 5 1 2 1 3 0 3 3 3
21312106 794 5 2 1 3 1 2 1 0 3 1 0 0 0 0 2 2 1 3 1 2 4 3 3 13 4 2 4 7 3 0 8 1 0
21312110 907 11 2 2 3 1 3 3 1 2 1 3 2 1 0 1 1 0 0 0 0 3 4 4 0 0 1 3 0 0 3 2 4 0 2 3 1 7 3 13
21312111 998 8 3 2 1 3 1 1 1 3 3 1 7 0.33333333333333331 8 0.33333333333333331 9 0.33333333333333331 4 1 3 3 0 2 2 0 2 3 2 0 3 6 1 0 3 4 13
21312113 862 8 1 3 1 2 1 3 2 2 1 0 2 1 0 0 0 0 3 3 2 5 5 5 1 4 3 4 0 3 2 13 3 0 0 0 1
21312115 875 10 3 2 1 3 1 1 3 3 2 2 1 0 2 1 0 0 0 0 3 3 4 2 1 0 0 3 4 0 1 6 4 5 0 1 13 3 2
21312116 932 4 1 2 3 2 1 0 3 1 0 0 0 0 1 2 1 0 13 1 3 4 1 3 1 3 3 6 0 0 0 2 2
21312119 1039 10 1 2 2 1 1 2 3 2 3 3 1 0 3 1 0 0 0 0 3 4 3 0 13 2 4 3 5 1 3 0 4 1 0 1 2 0 0
21312123 929 3 1 2 3 1 0 2 1 0 0 0 0 1 1 1 0 0 1 3 3 13 5 9 0 4 5 3 3 1 2 7
21312127 971 11 1 1 3 2 3 1 2 2 3 3 1 1 0 2 1 0 0 0 0 4 3 4 1 13 0 0 5 3 5 2 3 4 1 0 0 2 0 0
21312128 777 3 1 2 2 1 0 1 1 0 0 0 0 1 2 0 2 2 3 3 0 13 1 4 0 1 5 3 0 3 0 0
21312131 888 11 2 1 2 3 3 2 3 1 1 1 2 1 0 3 1 0 0 0 0 4 4 3 2 0 0 0 3 0 0 0 3 13 3 1 6 9 5 7
21312132 923 2 3 1 1 0 2 1 0 0 0 0 1 0 1 3 13 2 3 0 3 6 3 9 4 1 1 0 2 0 0
21312133 944 8 1 3 2 2 2 3 1 1 1 0 3 1 0 0 0 0 3 3 2 3 0 0 2 0 0 1 4 0 1 6 2 2 13 1 4
21312134 986 8 1 2 2 3 2 1 3 1 1 0 2 1 0 0 0 0 3 3 2 3 3 13 2 0 6 5 5 1 3 7 3 0 7 3 1
21312135 921 6 1 1 3 2 3 2 1 0 1 1 0 0 0 0 2 2 2 2 0 2 3 3 1 4 3 0 0 0 6 0 0 3 13
21312137 958 10 3 2 1 2 2 2 3 1 3 1 1 0 3 1 0 0 0 0 3 4 3 0 0 1 3 0 0 9 7 0 3 4 3 1 2 5 13
21312138 955 9 3 3 1 1 2 2 3 3 1 1 0 1 1 0 0 0 0 3 2 4 4 2 2 0 3 13 1 0 2 5 6 1 3 3 3 2
21312139 868 1 2 3 1 7 0.33333333333333331 8 0.33333333333333331 9 0.33333333333333331 0 1 0 0 1 0 4 2 0 0 1 3 0 13 3 9 5 4 7
21312141 823 3 1 2 1 1 0 1 1 0 0 0 0 2 1 0 2 4 1 2 1 5 3 0 3 5 13 0 2 4 2 3
21312142 916 8 1 3 2 3 1 1 1 3 1 0 2 1 0 0 0 0 4 1 3 0 0 0 3 3 3 6 0 5 8 6 2 13 3 3 2
21312143 928 6 3 2 2 1 1 1 1 0 2 1 0 0 0 0 3 2 1 1 0 0 0 4 0 0 0 13 3 4 2 3 1 6 2
21312144 918 4 1 2 2 2 1 0 3 1 0 0 0 0 1 3 0 0 0 3 4 2 3 1 3 1 3 1 13 0 3 5 0
21312145 1016 10 3 3 2 1 3 1 2 1 1 3 1 0 2 1 0 0 0 0 4 2 4 0 0 7 0 13 3 3 0 1 3 5 2 4 4 0 2
21312147 1028 7 1 1 3 1 3 1 2 1 0 2 1 0 0 0 0 4 1 2 3 13 3 0 2 4 5 6 0 0 3 3 2 0 0 0
21312149 969 7 3 1 3 2 3 2 1 1 0 1 1 0 0 0 0 2 2 3 7 3 13 0 3 3 5 4 3 3 6 3 2 0 0 0
21312151 976 3 1 1 2 1 0 2 1 0 0 0 0 2 1 0 2 1 0 0 4 3 0 3 3 5 4 0 13 3 3 0
21312155 975 0 1 0 3 1 0 0 0 0 0 0 0 5 0 2 0 3 0 0 2 9 1 3 0 13 1 3 0
21312160 860 1 3 1 0 2 1 0 0 0 0 0 0 1 0 3 13 3 0 1 1 4 0 3 4 3 1 2 2 5
21312161 866 6 3 3 2 1 1 1 1 0 3 1 0 0 0 0 3 1 2 7 1 4 2 13 4 0 2 3 7 3 2 3 4 5 0
21312162 822 8 2 1 1 3 2 1 3 1 1 0 2 1 0 0 0 0 4 2 2 0 3 2 13 0 3 4 6 2 4 1 1 3 0 2 3
21312164 918 1 2 1 0 1 1 0 0 0 0 0 1 0 0 0 1 0 2 3 1 0 5 4 2 0 13 4 3 3
21312166 896 5 3 2 3 2 1 1 0 2 1 0 0 0 0 1 2 2 0 5 5 3 1 3 1 4 2 13 2 0 1 1 3 0
21312167 907 6 3 2 2 3 2 1 1 0 3 1 0 0 0 0 1 3 2 13 5 4 3 1 6 3 0 3 1 0 2 1 0 0 0
21312168 963 4 3 1 2 3 1 0 2 1 0 0 0 0 1 1 2 13 3 2 0 8 5 3 1 1 3 7 1 0 6 3 2
21312172 970 11 2 2 3 1 3 1 1 3 1 2 2 3 1 5 0.33333333333333331 6 0.33333333333333331 7 0.33333333333333331 4 4 3 0 0 5 3 0 6 3 2 1 5 13 4 3 3 3 3
21312175 889 9 2 2 1 2 3 1 1 1 3 1 0 2 1 0 0 0 0 4 3 2 0 0 0 3 5 0 0 3 7 1 0 0 3 13 4 2
21312176 822 3 2 3 2 3 1 4 0.33333333333333331 5 0.33333333333333331 6 0.33333333333333331 0 2 1 0 13 1 4 3 4 7 3 0 3 5 3 0 1 0 3
21312177 728 9 2 1 3 3 1 2 3 3 1 1 0 2 1 0 0 0 0 3 2 4 0 0 0 1 2 3 5 13 0 5 4 4 0 3 3 3
21312178 1003 6 1 2 2 1 2 3 1 0 1 1 0 0 0 0 2 3 1 0 2 0 0 4 6 3 1 5 5 0 0 13 4 0 0
21312179 975 9 1 2 3 2 1 3 1 3 2 1 0 1 1 0 0 0 0 3 3 3 3 4 3 2 13 1 2 3 0 5 3 0 0 3 3 0
21312182 909 11 1 2 3 3 3 3 1 2 2 1 1 1 0 2 1 0 0 0 0 4 3 4 0 1 0 2 0 1 4 5 3 1 3 2 2 1 2 13
21312185 918 0 1 0 1 1 0 0 0 0 0 0 0 2 0 0 0 5 1 0 0 5 4 3 0 13 1 2 2
21312186 842 0 1 0 3 1 0 0 0 0 0 0 0 0 1 0 0 0 3 2 0 3 4 4 3 0 13 6 3
21312188 913 7 3 3 2 3 1 1 2 1 0 2 1 0 0 0 0 2 2 3 0 1 0 0 1 3 2 4 3 7 6 1 0 4 13 2
21312189 907 5 1 3 1 2 3 1 0 3 1 0 0 0 0 2 1 2 2 0 0 0 1 6 2 0 5 7 3 0 13 4 2 1
21312191 901 4 3 2 1 2 1 0 2 1 0 0 0 0 1 2 1 13 3 3 1 4 5 1 1 2 2 4 0 0 0 0 1
21312196 804 9 2 3 3 1 2 1 1 2 2 1 0 1 1 0 0 0 0 3 4 2 0 0 3 3 0 1 5 2 0 4 4 6 3 3 3 13
21312197 844 4 2 1 3 1 1 0 2 1 0 0 0 0 2 1 1 0 3 3 0 3 4 0 2 1 7 5 3 3 13 3 0
21312198 825 7 2 3 1 3 1 2 1 1 0 3 1 0 0 0 0 3 2 2 4 4 1 2 4 13 3 0 4 3 2 0 3 0 0 0
21312199 893 10 3 3 1 1 2 3 2 3 2 2 1 0 1 1 0 0 0 0 2 4 4 0 3 0 3 1 3 3 1 0 4 5 3 0 7 2 13
21312200 1023 6 1 2 3 1 3 2 1 0 2 1 0 0 0 0 2 2 2 1 0 0 0 0 2 4 13 3 4 3 9 1 8 4 4
21312202 1013 3 1 1 2 1 0 1 1 0 0 0 0 2 1 0 4 4 0 0 4 13 6 2 3 6 3 2 0 3 0 0
21312204 992 9 1 2 3 3 1 1 1 2 2 3 1 7 0.33333333333333331 8 0.33333333333333331 9 0.33333333333333331 4 3 2 0 0 0 3 0 2 0 4 2 4 3 1 3 4 5 13
21312205 890 4 2 1 3 2 3 1 7 0.33333333333333331 8 0.33333333333333331 9 0.33333333333333331 1 2 1 3 3 4 13 1 6 4 3 0 3 2 4 0 0 0 1
21312207 799 8 3 1 2 3 2 1 1 3 1 0 2 1 0 0 0 0 3 2 3 1 0 0 0 2 5 3 3 3 4 3 0 3 7 13 0
21312208 955 10 2 3 2 2 3 1 1 3 3 2 1 0 1 1 0 0 0 0 2 4 4 0 1 5 4 4 6 6 13 3 7 4 4 0 1 2 0
21312209 946 9 2 2 1 1 3 3 3 3 1 1 0 1 1 0 0 0 0 3 2 4 0 2 0 0 2 3 9 0 5 5 6 2 13 3 3 1
21312210 1051 6 3 1 1 2 3 2 3 1 8 0.33333333333333331 9 0.33333333333333331 10 0.33333333333333331 2 2 2 3 2 13 1 1 4 2 3 4 1 4 3 3 2 3 0
21312211 981 1 3 1 0 1 1 0 0 0 0 0 0 1 0 1 2 4 3 6 4 4 0 13 6 1 4 2 3 2
21312214 877 7 2 2 1 2 1 2 3 1 0 1 1 0 0 0 0 2 4 1 0 0 0 3 0 0 0 1 3 3 5 5 0 3 3 13
21312215 880 3 1 1 3 1 0 1 1 0 0 0 0 2 0 1 8 2 0 0 6 13 2 0 8 4 5 4 4 2 3 3
21312217 942 11 3 2 1 3 1 1 3 2 2 2 3 1 0 1 1 0 0 0 0 3 4 4 0 2 0 1 0 5 3 1 2 4 2 3 1 3 13 9
21312218 971 0 1 0 2 1 0 0 0 0 0 0 0 13 1 1 2 4 5 2 3 4 1 2 0 1 3 0 0
21312219 901 9 3 2 3 1 3 3 2 1 2 3 1 5 0.33333333333333331 6 0.33333333333333331 7 0.33333333333333331 2 3 4 2 1 6 0 3 4 3 3 1 3 5 13 1 2 2 1
21312220 988 10 2 3 3 2 2 1 2 3 1 1 1 0 3 1 0 0 0 0 3 4 3 0 3 1 0 13 6 4 2 4 4 3 8 1 1 0 2
21312223 835 0 1 0 1 1 0 0 0 0 0 0 0 13 1 3 2 1 4 2 4 3 7 6 6 0 2 7 3
21312224 824 8 2 3 1 3 1 3 2 3 1 0 2 1 0 0 0 0 2 2 4 2 5 2 0 4 1 4 1 4 6 4 1 13 2 1 0
21312225 986 1 1 1 0 1 1 0 0 0 0 1 0 0 3 4 3 13 3 2 4 3 2 3 5 3 0 0 3 3
21312226 818 10 2 2 1 1 2 1 2 1 3 3 1 0 3 1 0 0 0 0 4 4 2 13 3 1 4 8 3 6 3 3 4 2 0 4 0 0 0
21312227 902 11 3 3 1 2 3 1 2 1 2 1 2 1 0 3 1 0 0 0 0 4 4 3 3 3 0 13 0 4 8 1 1 4 2 3 0 3 2 5
21312228 948 2 3 2 1 0 1 1 0 0 0 0 0 1 1 13 3 3 0 4 3 1 2 3 4 0 0 3 0 0 0
21312229 794 9 2 3 3 1 1 1 2 3 2 1 0 3 1 0 0 0 0 3 3 3 2 0 1 0 0 0 3 3 0 13 8 5 3 1 5 2
21312231 926 3 2 3 3 3 1 7 0.33333333333333331 8 0.33333333333333331 9 0.33333333333333331 0 1 2 0 5 3 13 1 2 5 9 3 6 3 1 0 0 0 3
21312232 877 7 1 2 2 3 1 1 2 1 0 3 1 0 0 0 0 3 3 1 13 3 2 3 4 5 2 1 3 3 1 0 0 0 0 3
21312233 899 8 3 2 3 1 1 3 2 3 3 1 4 0.33333333333333331 5 0.33333333333333331 6 0.33333333333333331 2 2 4 13 4 3 1 1 3 2 2 3 4 2 0 1 0 0 0
21312234 1005 1 1 1 0 2 1 0 0 0 0 1 0 0 4 4 3 3 4 6 3 1 13 3 0 0 2 0 0 0
21312235 787 3 3 3 2 1 0 1 1 0 0 0 0 0 1 2 0 0 3 0 0 1 0 3 7 5 13 4 2 3 3 5
21312236 896 1 1 1 0 3 1 0 0 0 0 1 0 0 0 4 6 3 2 3 2 3 2 3 1 4 0 1 4 13
21312237 842 6 1 2 3 1 2 1 1 0 2 1 0 0 0 0 3 2 1 0 3 0 0 2 3 0 3 4 5 3 1 13 3 4 0
21312239 794 3 2 3 3 1 0 1 1 0 0 0 0 0 1 2 1 13 6 2 3 4 3 0 8 3 5 2 3 3 1 0
21312240 949 11 1 2 3 1 2 3 2 3 1 1 2 3 1 7 0.33333333333333331 8 0.33333333333333331 9 0.33333333333333331 4 4 3 0 0 0 3 2 3 1 0 2 5 3 3 13 1 5 3
21312242 865 0 1 0 1 1 0 0 0 0 0 0 0 0 2 1 2 0 3 4 2 2 1 5 4 0 1 3 13
21312243 891 6 3 3 1 1 2 1 1 0 3 1 0 0 0 0 3 1 2 0 5 3 2 2 3 1 0 3 6 4 0 2 4 13 0
21312245 971 1 2 1 0 2 1 0 0 0 0 0 1 0 2 0 0 0 3 4 7 13 1 1 5 8 3 1 6 3
21312246 760 6 1 2 2 3 2 1 1 0 1 1 0 0 0 0 2 3 1 0 4 5 13 2 4 6 4 0 1 5 3 3 0 4 3
21312249 885 7 1 2 3 3 3 1 1 1 0 2 1 0 0 0 0 3 1 3 2 0 0 0 0 2 4 13 4 6 1 4 2 1 3 3
21312250 1045 3 2 1 3 1 0 2 1 0 0 0 0 1 1 1 0 1 0 3 0 4 13 2 5 3 1 3 3 2 1 3
21312252 895 0 1 0 3 1 0 0 0 0 0 0 0 2 1 7 1 3 5 5 3 2 6 13 0 3 0 8 0
21312256 991 2 1 3 1 0 2 1 0 0 0 0 1 0 1 0 0 2 1 0 4 4 3 3 5 13 3 3 5 4 3
21312258 965 4 3 1 1 3 1 0 2 1 0 0 0 0 2 0 2 13 8 5 3 5 4 7 3 3 1 2 0 0 0 0 2
21312259 1066 11 2 1 1 3 2 3 3 1 2 1 2 1 0 3 1 0 0 0 0 4 4 3 0 0 2 3 1 6 4 0 3 4 4 0 3 4 13 0
21312262 807 7 2 2 1 1 2 1 1 1 0 3 1 0 0 0 0 4 3 0 0 0 0 3 0 13 3 2 3 8 4 2 3 4 1 4
21312267 898 0 1 0 2 1 0 0 0 0 0 0 0 0 1 2 0 0 1 5 2 5 6 4 3 1 4 5 13
21312269 926 5 2 3 3 1 1 1 0 3 1 0 0 0 0 2 1 2 2 4 6 13 2 3 4 3 0 2 5 3 0 0 1 1
21312270 822 10 1 3 3 3 1 3 2 2 2 1 1 0 1 1 0 0 0 0 3 3 4 13 3 0 2 5 6 3 0 3 4 2 0 1 4 0 0
21312272 811 0 1 0 3 1 0 0 0 0 0 0 0 0 1 2 0 9 4 6 2 1 8 4 3 13 3 2 1
21312273 872 10 3 1 2 3 2 3 1 2 1 2 1 0 1 1 0 0 0 0 3 4 3 6 7 13 3 2 3 5 6 0 4 0 3 0 0 3 1
21312277 980 10 1 1 2 3 2 3 1 1 3 2 1 0 3 1 0 0 0 0 4 3 3 0 1 0 0 5 1 0 2 5 3 3 0 2 13 2 0
21312281 894 11 1 1 1 2 2 1 3 3 2 2 3 1 0 3 1 0 0 0 0 4 4 3 4 6 4 3 0 4 2 13 0 5 1 3 3 3 3 9
21312282 956 10 1 2 3 2 1 2 3 3 2 1 1 0 3 1 0 0 0 0 3 4 3 3 13 6 8 3 3 4 3 3 2 5 1 0 0 1 0
21312283 909 4 1 2 3 2 3 1 8 0.33333333333333331 9 0.33333333333333331 10 0.33333333333333331 1 2 1 0 0 1 0 5 3 3 0 3 5 13 0 2 1 1 2
21312284 1036 1 3 1 0 3 1 0 0 0 0 0 0 1 13 8 3 1 2 7 5 2 3 6 4 0 3 4 3 1
21312285 990 7 1 3 2 3 1 2 3 1 0 2 1 0 0 0 0 2 2 3 0 1 3 3 1 4 3 4 0 13 2 2 3 1 0 0
21312288 872 9 1 3 1 2 2 3 3 1 2 3 1 6 0.33333333333333331 7 0.33333333333333331 8 0.33333333333333331 3 3 3 3 4 13 1 3 5 2 0 1 4 4 0 0 2 0 0
21312290 863 8 1 3 2 3 2 2 3 3 1 0 1 1 0 0 0 0 1 3 4 0 3 0 1 0 5 2 3 2 3 13 3 1 4 3 1
21312291 935 9 2 2 3 1 1 3 1 3 2 1 0 2 1 0 0 0 0 3 3 3 3 0 0 0 2 4 4 1 0 13 4 0 3 8 1 4
21312292 1032 7 3 3 1 3 1 3 2 1 0 2 1 0 0 0 0 2 1 4 0 3 5 13 1 2 3 4 0 3 1 3 0 0 0 2
21312293 1006 8 1 1 1 2 3 2 3 2 1 0 3 1 0 0 0 0 3 3 2 1 1 3 0 4 5 4 0 4 8 4 2 3 13 8 2
21312295 927 10 1 2 1 1 1 2 2 3 3 3 1 0 2 1 0 0 0 0 4 3 3 3 2 4 4 2 3 5 1 0 0 3 13 0 0 0 1
21312296 1020 11 3 1 1 2 3 1 1 3 3 2 2 1 0 2 1 0 0 0 0 4 3 4 1 0 2 1 5 2 7 3 2 5 3 4 0 3 13 1
21312300 938 10 2 2 3 3 3 2 3 1 1 2 1 0 1 1 0 0 0 0 2 4 4 3 0 0 0 3 2 0 0 3 6 4 1 13 8 7 1
21312301 1008 0 1 0 2 1 0 0 0 0 0 0 0 1 3 1 2 1 7 4 13 0 5 2 3 0 0 3 0
21312304 936 0 1 0 2 1 0 0 0 0 0 0 0 0 0 3 4 2 2 3 1 1 3 4 9 0 1 4 13
21312305 980 10 2 2 3 2 3 2 1 1 3 1 1 0 3 1 0 0 0 0 3 4 3 0 0 3 5 7 5 4 2 3 3 6 13 0 0 1 1
21312308 953 0 3 1 5 0.33333333333333331 6 0.33333333333333331 7 0.33333333333333331 0 0 0 0 3 0 0 3 1 2 2 0 3 6 3 1 4 5 13
21312309 1002 2 1 3 1 0 1 1 0 0 0 0 1 0 1 2 3 5 3 0 3 13 4 0 5 2 4 1 0 3 2
21312312 889 3 2 3 3 1 0 2 1 0 0 0 0 0 1 2 1 4 3 4 3 7 5 1 8 4 3 0 13 7 1 2
21312313 966 3 2 3 2 1 0 3 1 0 0 0 0 0 2 1 6 4 4 13 1 1 6 5 0 4 2 3 1 0 0 0
21312314 964 2 1 3 1 0 3 1 0 0 0 0 1 0 1 3 3 3 7 2 13 2 5 3 0 4 0 0 0 1 0
21312317 901 4 2 3 1 1 1 0 1 1 0 0 0 0 2 1 1 1 1 5 2 9 13 2 2 0 4 2 2 0 0 1 3
21312318 811 6 2 2 3 3 1 3 1 0 1 1 0 0 0 0 1 2 3 13 3 1 4 5 5 6 2 0 7 2 0 0 1 0 8
21312320 868 9 2 3 2 1 1 2 3 1 1 1 0 2 1 0 0 0 0 4 3 2 0 3 4 13 0 3 3 2 0 4 6 4 3 0 1 3
21312321 842 8 2 3 1 2 1 1 3 3 1 0 3 1 0 0 0 0 3 2 3 2 0 0 0 1 13 2 1 2 6 4 0 4 3 6 5
21312322 999 10 1 3 3 2 2 2 2 1 3 1 1 0 3 1 0 0 0 0 3 4 3 0 2 3 1 4 1 9 3 1 5 13 1 2 3 4 2
21312323 999 7 3 1 3 3 1 1 2 1 0 1 1 0 0 0 0 3 1 3 6 0 0 3 1 5 2 2 13 2 0 0 2 3 0 0
21312324 965 8 2 3 3 3 2 2 1 2 1 0 1 1 0 0 0 0 1 4 3 1 0 3 1 0 2 4 1 1 6 4 5 0 4 13 2
21312325 1040 2 1 1 1 0 2 1 0 0 0 0 2 0 0 0 0 2 0 5 8 1 3 6 4 3 0 13 2 6 3
21312326 912 3 2 2 2 1 0 1 1 0 0 0 0 0 3 0 13 3 3 0 9 6 1 1 2 3 0 0 0 1 3 0
21312327 977 9 1 1 3 2 1 3 2 2 2 1 0 1 1 0 0 0 0 3 4 2 3 3 3 13 0 0 5 7 3 0 0 3 0 0 0 3
21312328 1007 7 2 1 1 3 1 2 2 1 0 1 1 0 0 0 0 3 3 1 4 3 3 0 3 13 1 2 3 5 4 5 4 2 4 0
21312329 936 0 1 0 2 1 0 0 0 0 0 0 0 3 4 13 3 1 3 3 2 0 1 1 2 0 0 3 4
21312331 873 8 2 3 1 1 3 2 3 3 1 0 1 1 0 0 0 0 2 2 4 0 0 2 0 13 5 1 1 3 3 1 0 2 2 4 2
21312333 1038 1 1 1 0 3 1 0 0 0 0 1 0 0 0 0 1 4 0 0 2 3 3 4 4 13 2 8 5 3
21312337 947 5 2 3 3 2 1 1 0 1 1 0 0 0 0 1 2 2 3 0 0 0 7 4 4 0 13 4 5 3 3 4 3 0
21312339 780 6 2 3 1 1 1 2 1 0 1 1 0 0 0 0 3 2 1 3 2 2 0 6 13 0 0 8 1 4 3 3 0 3 2
21312341 990 1 3 1 0 2 1 0 0 0 0 0 0 1 0 1 4 1 0 5 5 4 0 6 13 3 2 0 0 4
21312342 853 6 2 2 2 1 1 2 1 0 3 1 0 0 0 0 2 4 0 0 3 0 1 13 9 2 3 1 5 2 0 3 1 4 1
21312344 931 7 1 3 2 1 2 2 1 1 0 3 1 0 0 0 0 3 3 1 3 13 0 3 6 3 1 3 5 3 3 0 2 7 0 0
21312347 877 11 3 1 3 2 3 3 1 2 2 2 1 1 0 1 1 0 0 0 0 3 4 4 0 3 0 0 2 13 0 0 4 4 0 0 4 3 3 1
21312349 834 10 2 2 3 2 1 3 2 3 1 1 1 0 3 1 0 0 0 0 3 4 3 5 3 3 0 13 4 1 0 6 5 2 2 1 5 0 1
21312350 1032 11 2 1 2 1 1 2 3 2 3 1 3 1 0 3 1 0 0 0 0 4 4 3 1 1 7 13 1 5 7 3 0 2 3 2 0 0 3 2
21312351 907 6 1 3 2 3 3 1 1 0 1 1 0 0 0 0 2 1 3 2 5 3 2 1 4 13 4 0 3 4 3 0 2 0 0
21312354 927 0 1 0 3 1 0 0 0 0 0 0 0 0 3 6 0 1 3 3 4 2 13 4 2 3 4 3 1
21312355 1065 3 1 1 3 1 0 2 1 0 0 0 0 2 0 1 1 0 0 0 2 3 5 2 4 1 4 3 13 2 3 0
21312358 819 0 1 0 3 1 0 0 0 0 0 0 0 0 0 1 2 5 3 3 3 13 5 8 0 4 4 4 3
21312359 897 7 1 2 3 1 1 3 3 1 0 2 1 0 0 0 0 3 1 3 0 13 2 3 2 6 5 1 0 5 4 4 1 3 8 2
21312360 1059 9 3 2 3 3 1 1 2 2 3 1 0 1 1 0 0 0 0 2 3 4 0 0 8 1 3 6 3 5 0 0 13 4 2 0 3 3
21312361 922 10 2 3 1 1 1 1 3 2 3 2 1 0 3 1 0 0 0 0 4 3 3 13 8 5 0 6 3 1 2 3 3 0 0 0 2 0 0
21312362 764 6 3 3 2 2 2 2 1 0 3 1 0 0 0 0 0 4 2 0 1 0 1 4 5 1 1 8 4 3 0 13 3 3 0
21312364 792 1 3 1 0 1 1 0 0 0 0 0 0 1 13 7 3 0 5 3 4 0 3 0 0 2 2 1 0 0
21312365 830 3 3 1 3 1 0 2 1 0 0 0 0 1 0 2 13 3 1 0 4 3 3 0 3 4 2 3 3 0 0 4
21312367 950 3 1 2 3 3 1 6 0.33333333333333331 7 0.33333333333333331 8 0.33333333333333331 1 1 1 0 0 3 0 3 3 4 3 3 5 3 3 4 1 13 2
21312370 890 2 3 1 1 0 1 1 0 0 0 0 1 0 1 0 3 0 0 3 1 6 2 2 3 7 2 13 9 1 2
21312371 944 5 1 1 3 2 3 1 0 1 1 0 0 0 0 2 1 2 3 1 3 0 2 3 6 1 2 2 13 3 2 3 0 0
21312372 893 9 3 1 1 3 2 2 3 1 2 1 0 2 1 0 0 0 0 3 3 3 0 2 2 1 1 4 3 4 0 13 4 1 0 3 3 0
21312376 895 10 2 1 3 1 2 3 1 3 2 1 3 1 6 0.33333333333333331 7 0.33333333333333331 8 0.33333333333333331 4 3 3 2 2 0 0 3 7 6 2 6 5 1 4 3 1 13 3
21312378 810 10 2 3 2 1 3 3 2 3 1 2 1 0 1 1 0 0 0 0 2 4 4 0 7 0 1 5 4 4 2 13 5 1 0 1 3 3 2
21312380 972 6 1 2 3 1 1 2 1 0 3 1 0 0 0 0 3 2 1 0 3 3 2 3 6 2 0 4 4 3 0 4 1 13 0
21312381 716 11 1 3 1 2 2 1 3 2 1 2 3 1 0 3 1 0 0 0 0 4 4 3 3 0 2 1 1 4 8 3 0 3 6 13 0 3 2 0
21312382 833 0 1 0 2 1 0 0 0 0 0 0 0 0 0 3 0 13 4 1 2 5 4 8 1 3 3 4 3
21312385 761 8 1 2 3 2 1 1 1 2 1 0 3 1 0 0 0 0 4 3 1 0 2 0 4 5 1 3 2 7 5 4 3 3 4 4 13
21312387 911 10 3 2 1 2 3 3 1 2 1 2 1 0 3 1 0 0 0 0 3 4 3 1 0 0 0 4 13 2 1 2 5 3 0 1 3 0 0
21312389 922 6 3 3 1 2 2 1 1 0 3 1 0 0 0 0 2 2 2 3 0 0 0 1 3 3 0 2 4 1 2 4 6 13 0
21312390 955 10 1 3 3 3 2 1 1 2 2 1 1 0 3 1 0 0 0 0 4 3 3 0 1 4 3 0 0 13 4 0 2 5 3 2 0 1 2
21312391 823 3 1 3 1 1 0 1 1 0 0 0 0 2 0 1 3 3 9 13 3 5 4 6 0 3 2 2 0 0 0 2
21312394 990 9 2 3 2 2 1 1 1 2 3 1 0 3 1 0 0 0 0 3 4 2 0 1 0 0 0 6 8 3 3 3 4 1 0 13 2 3
21312395 910 6 3 1 2 3 1 3 1 0 1 1 0 0 0 0 2 1 3 0 2 0 1 0 7 6 5 2 4 6 9 0 2 3 13
21312397 906 0 1 0 3 1 0 0 0 0 0 0 0 0 13 4 1 0 3 4 7 2 3 4 3 1 0 0 2
21312398 849 9 3 3 3 3 1 1 2 1 2 1 0 2 1 0 0 0 0 3 2 4 3 4 3 2 1 13 7 6 3 3 1 7 5 0 3 2
21312399 942 10 1 2 3 1 2 3 3 1 3 1 1 0 2 1 0 0 0 0 4 2 4 3 13 4 2 1 7 5 0 4 0 2 3 1 2 0 0
21312400 824 7 2 1 3 2 3 3 3 1 0 2 1 0 0 0 0 1 2 4 13 1 3 2 4 8 1 0 4 5 3 1 1 3 2 0
