21310601 560 6 3 2 1 1 2 3 1 0 3 1 0 0 0 0 2 2 2 5 4 3 3 8 6 3 0 12 4 3 2 0 0 1 0
21310602 457 3 2 1 3 1 0 2 1 0 0 0 0 1 1 1 3 0 0 0 2 3 1 1 0 4 6 4 3 1 2 12
21310603 570 7 2 2 2 1 2 3 1 1 0 3 1 0 0 0 0 2 4 1 0 0 8 0 12 5 0 1 8 5 3 0 1 4 3 0
21310604 527 2 1 1 1 0 2 1 0 0 0 0 2 0 0 0 2 0 2 1 0 0 0 4 12 0 0 4 5 4 3
21310605 603 5 1 3 3 2 2 1 0 1 1 0 0 0 0 1 2 2 0 2 1 0 2 4 3 0 3 4 6 3 4 1 12 3
21310606 569 8 2 3 2 1 2 3 2 1 1 0 3 1 0 0 0 0 2 4 2 1 4 4 12 1 3 3 3 0 2 5 3 0 0 1 0
21310608 542 4 1 1 3 1 1 0 3 1 0 0 0 0 3 0 1 3 2 0 0 3 5 3 1 6 4 5 3 12 2 2 2
21310609 532 0 1 0 1 1 0 0 0 0 0 0 0 12 7 2 1 5 3 4 0 2 3 0 0 3 3 0 0
21310610 513 5 2 2 2 2 3 1 0 3 1 0 0 0 0 0 4 1 0 4 0 1 4 1 4 1 12 1 3 0 5 3 0 0
21310611 617 9 3 3 2 2 2 1 1 1 3 1 0 3 1 0 0 0 0 3 3 3 1 3 3 4 2 5 7 5 0 4 3 12 0 2 1 0
21310612 637 4 2 3 1 3 1 0 1 1 0 0 0 0 1 1 2 2 2 0 0 5 3 1 0 9 4 1 2 12 3 0 0
21310613 515 7 3 1 1 3 2 1 3 1 0 2 1 0 0 0 0 3 1 3 0 0 1 0 1 3 12 2 3 2 5 6 2 7 6 5
21310614 503 4 2 3 2 1 1 0 1 1 0 0 0 0 1 2 1 0 5 3 3 3 0 12 3 0 4 8 4 0 0 8 3
21310616 572 0 1 0 2 1 0 0 0 0 0 0 0 0 2 3 0 3 0 1 8 1 1 3 4 0 2 4 12
21310617 580 5 2 2 1 3 1 3 1 6 0.33333333333333331 7 0.33333333333333331 8 0.33333333333333331 2 2 1 12 6 4 1 4 4 2 0 3 1 4 0 2 0 0 0
21310618 608 3 1 2 1 1 0 1 1 0 0 0 0 2 1 0 2 2 0 1 3 4 2 0 4 5 5 0 4 12 3 0
21310619 593 8 1 2 3 3 3 3 2 2 1 0 2 1 0 0 0 0 1 3 4 12 4 0 1 1 5 4 3 4 4 1 0 2 1 0 0
21310620 486 7 2 2 1 1 1 3 3 1 0 1 1 0 0 0 0 3 2 2 0 12 7 3 2 3 5 3 0 5 0 3 0 0 2 0
21310621 610 4 2 1 3 1 1 0 3 1 0 0 0 0 2 1 1 0 0 0 2 1 3 4 3 2 4 12 3 0 3 5 3
21310622 491 9 1 3 2 3 3 1 2 3 1 1 0 2 1 0 0 0 0 3 2 4 0 2 0 0 4 3 1 1 5 4 0 0 12 4 2 0
21310623 546 9 2 1 3 3 3 2 1 1 2 1 0 3 1 0 0 0 0 3 3 3 12 4 2 3 1 1 6 2 3 0 4 1 0 0 0 2
21310624 575 0 1 0 2 1 0 0 0 0 0 0 0 0 1 3 0 0 3 2 2 0 5 5 3 1 1 7 12
21310625 575 4 3 1 2 3 1 0 2 1 0 0 0 0 1 1 2 1 2 0 0 12 3 0 0 1 7 5 3 4 4 3 4
21310626 549 9 3 1 2 2 3 1 3 1 2 1 0 1 1 0 0 0 0 3 3 3 0 3 2 12 0 4 6 4 2 3 5 1 3 0 2 1
21310627 573 4 2 1 3 3 1 0 2 1 0 0 0 0 1 1 2 0 6 5 12 1 4 2 4 2 0 1 0 0 0 0 1
21310628 516 10 1 2 3 1 1 2 2 3 3 3 1 0 1 1 0 0 0 0 3 3 4 2 0 3 12 0 0 6 6 0 5 4 5 0 0 1 2
21310629 518 3 3 1 3 1 0 2 1 0 0 0 0 1 0 2 3 12 3 0 1 6 4 1 0 2 4 0 0 3 0 2
21310630 566 11 1 3 3 2 1 1 3 3 1 2 2 1 0 2 1 0 0 0 0 4 3 4 2 0 0 3 0 1 3 1 2 4 6 4 0 4 4 12
21310631 516 3 2 3 1 1 0 1 1 0 0 0 0 1 1 1 3 12 6 4 0 3 5 2 0 1 6 0 0 0 0 2
21310632 635 11 3 2 1 2 1 3 2 3 2 1 3 1 0 1 1 0 0 0 0 3 4 4 3 3 0 3 4 3 4 1 1 12 0 0 2 3 2 3
21310633 513 8 3 3 3 1 1 1 1 2 1 0 2 1 0 0 0 0 4 1 3 0 2 2 0 0 0 6 1 0 3 5 3 2 12 7 4
21310634 557 9 3 2 1 3 2 3 1 2 1 1 0 1 1 0 0 0 0 3 3 3 0 3 0 2 2 4 0 0 7 5 4 2 12 1 1 0
21310635 525 8 1 2 1 1 2 2 1 3 1 0 2 1 0 0 0 0 4 3 1 0 0 6 12 2 4 1 4 3 6 1 8 3 0 2 3
21310637 563 4 1 2 1 3 1 0 2 1 0 0 0 0 2 1 1 1 0 0 0 12 2 3 6 4 4 5 3 1 3 2 0
21310638 564 0 1 0 3 1 0 0 0 0 0 0 0 3 2 3 2 2 3 6 3 1 12 3 0 4 1 3 1
21310639 531 2 1 3 3 1 5 0.33333333333333331 6 0.33333333333333331 7 0.33333333333333331 1 0 1 2 6 5 1 3 12 4 3 4 2 4 0 2 0 1 0
21310640 533 10 3 3 3 1 1 3 2 1 2 2 1 0 1 1 0 0 0 0 3 3 4 0 2 5 12 0 5 3 4 1 3 3 0 0 0 0 2
21310641 548 4 1 3 2 2 1 0 3 1 0 0 0 0 1 2 1 3 6 1 12 2 8 5 1 0 4 5 3 0 0 3 0
21310642 580 8 1 3 2 2 3 1 3 1 1 0 2 1 0 0 0 0 3 2 3 0 0 12 6 0 4 3 4 2 0 2 1 0 1 0 3
21310643 520 2 2 3 1 0 2 1 0 0 0 0 0 1 1 1 0 0 0 6 3 0 0 5 5 5 0 12 3 3 1
21310644 513 7 3 3 2 3 1 2 1 1 0 2 1 0 0 0 0 2 2 3 12 5 4 2 4 6 4 0 3 5 0 0 1 1 0 0
21310645 476 3 2 3 3 1 0 3 1 0 0 0 0 0 1 2 12 3 3 3 3 5 4 0 1 2 3 0 1 0 0 0
21310646 552 3 2 3 2 1 0 1 1 0 0 0 0 0 2 1 1 2 12 1 6 4 4 4 0 5 0 1 0 3 2 0
21310647 547 11 2 3 1 2 2 3 1 3 1 2 1 1 0 3 1 0 0 0 0 4 4 3 0 0 3 2 0 1 4 6 3 6 7 1 2 3 3 12
21310648 468 4 2 3 3 2 1 0 2 1 0 0 0 0 0 2 2 0 12 1 1 3 3 5 2 0 4 4 1 0 0 0 1
21310649 579 4 1 3 2 2 1 0 2 1 0 0 0 0 1 2 1 0 0 1 0 3 2 1 0 5 3 3 0 12 5 4 1
21310650 584 9 1 2 1 3 2 3 1 2 3 1 0 3 1 0 0 0 0 3 3 3 0 0 0 2 0 4 1 0 1 2 5 3 0 12 7 6
21310651 606 6 2 1 2 3 3 3 3 1 4 0.33333333333333331 5 0.33333333333333331 6 0.33333333333333331 1 2 3 0 0 0 2 1 3 4 1 3 3 4 4 0 12 5 3
21310652 610 0 1 0 1 1 0 0 0 0 0 0 0 3 4 12 0 3 4 4 1 2 6 2 0 0 3 3 0
21310653 434 0 1 0 2 1 0 0 0 0 0 0 0 0 0 2 3 3 1 5 1 2 4 3 4 3 1 3 12
21310654 562 2 2 2 1 0 3 1 0 0 0 0 0 2 0 0 0 1 0 2 4 4 7 0 5 4 4 12 4 1 1
21310655 592 3 2 1 2 1 0 3 1 0 0 0 0 1 2 0 2 2 3 1 1 1 4 3 0 3 7 6 0 4 6 12
21310656 569 0 1 0 2 1 0 0 0 0 0 0 0 0 3 3 0 1 0 4 4 0 3 5 4 0 12 6 5
21310657 593 9 1 3 1 1 3 2 2 2 1 3 1 5 0.33333333333333331 6 0.33333333333333331 7 0.33333333333333331 4 3 2 12 4 4 2 5 1 3 3 3 3 0 0 0 2 0 3
21310658 581 10 3 3 1 3 2 1 3 2 2 1 1 0 1 1 0 0 0 0 3 3 4 12 3 3 0 3 6 0 0 6 0 0 0 3 0 0 2
21310659 552 2 3 1 1 0 3 1 0 0 0 0 1 0 1 0 0 2 0 3 3 4 0 4 4 2 1 5 7 12 0
21310660 585 4 3 2 2 3 3 1 6 0.33333333333333331 7 0.33333333333333331 8 0.33333333333333331 0 2 2 12 4 0 0 3 5 3 1 5 1 3 1 0 0 2 0
21310661 494 10 2 2 2 2 3 3 1 1 1 3 1 0 1 1 0 0 0 0 3 4 3 4 1 3 6 0 3 4 12 3 2 6 7 0 2 4 1
21310662 504 9 3 1 1 2 2 3 2 3 1 1 0 1 1 0 0 0 0 3 3 3 4 0 0 0 3 1 1 0 4 5 0 2 2 12 2 0
21310663 586 9 3 1 1 2 2 3 2 1 2 1 0 3 1 0 0 0 0 3 4 2 12 1 3 3 5 4 6 3 2 4 3 0 0 0 0 1
21310664 557 5 1 1 1 3 3 1 0 3 1 0 0 0 0 3 0 2 1 2 2 0 0 5 7 12 2 3 5 3 0 5 3 2
21310665 579 7 3 3 2 1 1 1 2 1 0 2 1 0 0 0 0 3 2 2 0 1 3 0 2 3 5 12 0 4 4 6 0 3 3 4
21310667 537 9 2 3 3 1 3 1 2 1 2 1 0 3 1 0 0 0 0 3 3 3 12 7 4 0 3 6 2 0 3 1 4 0 1 2 2 1
21310668 508 11 3 2 1 1 3 2 2 1 3 1 3 1 0 2 1 0 0 0 0 4 3 4 0 0 2 5 1 1 5 6 2 0 3 12 0 3 0 0
21310669 576 9 1 2 1 3 3 1 1 3 2 1 0 3 1 0 0 0 0 4 2 3 2 0 0 2 12 4 2 0 6 4 1 3 4 0 0 0
21310670 561 4 1 2 1 3 1 0 3 1 0 0 0 0 2 1 1 2 0 0 1 5 4 6 1 12 5 0 0 4 2 2 0
21310671 490 11 3 1 3 1 1 2 2 2 2 1 3 1 0 3 1 0 0 0 0 4 4 3 1 2 6 2 0 0 5 3 0 0 5 1 0 3 12 4
21310672 533 4 3 2 1 1 3 1 7 0.33333333333333331 8 0.33333333333333331 9 0.33333333333333331 2 1 1 3 0 1 2 2 3 2 5 1 4 5 7 0 3 7 12
21310673 625 5 1 3 2 2 1 1 0 1 1 0 0 0 0 2 2 1 3 0 4 0 2 4 6 3 0 4 3 12 3 1 2 3
21310674 578 5 1 3 2 3 1 1 0 1 1 0 0 0 0 2 1 2 0 0 2 3 0 2 4 3 1 0 3 5 3 5 2 12
21310675 523 7 3 3 2 3 2 1 1 1 0 2 1 0 0 0 0 2 2 3 0 0 0 2 0 0 1 4 1 4 4 3 0 4 5 12
21310676 518 4 2 1 1 2 1 0 2 1 0 0 0 0 2 2 0 3 1 3 5 12 3 1 0 3 5 4 0 2 5 8 0
21310677 555 7 2 1 1 2 3 2 2 1 0 3 1 0 0 0 0 2 4 1 0 3 3 1 0 4 3 3 3 12 5 3 0 0 1 0
21310678 476 10 2 2 1 2 3 2 1 3 3 3 1 0 1 1 0 0 0 0 2 4 4 1 3 0 3 1 6 3 2 0 4 5 3 0 0 3 12
21310679 555 9 2 2 3 1 3 3 2 1 1 1 0 3 1 0 0 0 0 3 3 3 0 0 6 1 0 4 1 3 0 12 4 3 2 2 3 7
21310680 544 10 1 3 2 3 3 2 1 2 3 1 1 0 1 1 0 0 0 0 3 3 4 3 3 4 2 1 4 3 0 12 3 5 3 0 0 2 0
21310681 535 5 3 3 3 1 1 1 0 2 1 0 0 0 0 2 0 3 1 0 0 0 3 2 2 2 3 6 3 0 12 5 4 1
21310682 596 8 2 1 3 2 1 2 1 2 1 0 3 1 0 0 0 0 3 4 1 1 3 3 3 0 4 6 3 0 2 4 3 0 12 4 1
21310683 566 3 3 2 2 1 0 3 1 0 0 0 0 0 2 1 1 0 1 6 0 1 5 5 0 12 4 3 0 2 3 3
21310684 615 2 3 3 1 0 1 1 0 0 0 0 0 0 2 12 5 3 0 7 4 2 0 4 0 1 0 2 1 0 2
21310685 543 11 2 2 1 1 3 3 2 1 1 2 3 1 0 3 1 0 0 0 0 4 4 3 1 3 0 0 1 2 4 4 0 3 5 2 0 4 5 12
21310686 560 5 1 2 1 2 2 1 0 1 1 0 0 0 0 2 3 0 0 0 2 0 0 4 3 4 1 4 6 3 3 3 7 12
21310687 535 7 3 2 1 1 3 1 2 1 0 1 1 0 0 0 0 3 2 2 0 2 2 0 3 0 6 4 0 4 5 4 0 12 1 2
21310688 513 6 1 3 3 3 1 1 1 0 2 1 0 0 0 0 3 0 3 3 2 3 3 12 4 3 2 3 5 0 0 2 1 0 0
21310689 571 4 2 3 3 1 1 0 1 1 0 0 0 0 1 1 2 0 0 2 0 0 1 3 4 2 6 4 1 2 3 4 12
21310690 570 9 2 1 3 2 3 1 1 3 2 1 0 2 1 0 0 0 0 3 3 3 0 1 2 0 3 0 6 6 0 5 7 8 1 1 2 12
21310691 478 9 3 1 3 3 2 1 2 2 3 1 0 1 1 0 0 0 0 2 3 4 2 3 0 0 2 3 7 1 4 4 3 0 4 7 12 1
21310692 603 11 2 1 2 3 3 1 3 2 1 2 3 1 0 1 1 0 0 0 0 3 4 4 2 1 3 0 3 1 5 0 5 3 6 0 12 2 2 1
21310693 539 0 1 0 1 1 0 0 0 0 0 0 0 1 0 0 0 2 2 12 2 3 2 3 1 5 5 1 0
21310694 514 9 1 3 3 2 1 3 2 1 3 1 0 2 1 0 0 0 0 3 2 4 3 2 0 0 1 0 3 1 3 7 5 0 2 5 7 12
21310695 537 8 2 2 2 1 3 1 2 3 1 0 1 1 0 0 0 0 2 4 2 12 8 4 1 3 6 6 0 2 4 1 0 0 3 4 3
21310697 570 1 2 1 0 1 1 0 0 0 0 0 1 0 2 4 12 0 4 4 1 0 1 5 2 3 2 3 0 1
21310698 546 9 3 2 1 3 2 2 3 3 1 1 0 1 1 0 0 0 0 2 3 4 2 1 6 12 0 3 4 3 0 4 0 2 0 3 0 1
21310700 507 2 1 1 1 0 3 1 0 0 0 0 2 0 0 3 0 0 0 4 1 2 1 2 5 4 2 12 8 2 0
21310701 563 4 2 3 3 1 1 0 1 1 0 0 0 0 1 1 2 0 12 4 3 0 3 7 2 0 0 5 1 3 0 0 2
21310702 473 7 1 2 2 1 3 1 3 1 0 2 1 0 0 0 0 3 2 2 0 0 3 0 0 0 0 3 2 5 5 7 0 1 4 12
21310703 529 4 2 3 2 1 1 0 1 1 0 0 0 0 1 2 1 1 0 2 0 0 3 0 4 2 5 6 1 0 4 4 12
21310704 572 5 1 3 1 3 2 1 0 2 1 0 0 0 0 2 1 2 0 0 0 1 0 3 4 2 0 5 6 0 3 7 12 3
21310705 521 3 1 2 2 1 0 1 1 0 0 0 0 1 2 0 0 12 8 5 0 3 5 3 1 2 5 3 0 0 3 3
21310706 549 8 1 3 3 3 1 2 2 2 1 0 1 1 0 0 0 0 2 3 3 0 0 0 3 0 12 3 1 0 4 4 2 1 2 4 4
21310707 567 11 2 3 1 2 1 3 1 2 3 1 3 1 0 2 1 0 0 0 0 4 3 4 0 12 7 4 2 3 5 4 0 1 3 6 0 0 4 3
21310708 475 7 1 2 2 3 2 3 1 1 0 2 1 0 0 0 0 2 3 2 1 4 5 12 4 5 4 2 0 1 3 1 3 3 0 0
21310709 473 8 3 3 3 1 2 1 1 3 1 0 2 1 0 0 0 0 3 1 4 0 0 2 0 0 12 5 3 0 5 3 1 2 1 3 2
21310710 572 4 2 1 2 2 1 0 1 1 0 0 0 0 1 3 0 3 4 12 1 1 4 4 0 1 4 2 0 0 2 0 0
21310711 550 0 1 0 3 1 0 0 0 0 0 0 0 0 1 1 0 3 5 0 2 12 7 4 0 3 3 2 0
21310712 540 9 2 1 2 1 3 3 2 3 1 1 0 2 1 0 0 0 0 3 3 3 1 4 1 0 0 2 3 3 12 4 6 0 4 2 1 3
21310713 493 9 3 2 3 1 2 2 1 3 2 1 0 3 1 0 0 0 0 2 4 3 12 4 4 1 2 3 5 3 4 0 3 0 0 1 1 0
21310714 553 5 3 3 2 1 2 1 0 3 1 0 0 0 0 1 2 2 1 2 1 3 0 5 3 6 0 3 7 12 0 1 2 0
21310715 506 3 3 2 3 3 1 6 0.33333333333333331 7 0.33333333333333331 8 0.33333333333333331 0 1 2 2 1 1 3 3 3 3 5 1 5 6 12 0 0 3 2
21310716 545 2 1 2 1 0 3 1 0 0 0 0 1 1 0 1 3 0 0 3 5 7 0 12 4 5 6 3 3 3 2
21310717 568 10 3 3 2 1 3 1 2 3 1 2 1 0 2 1 0 0 0 0 3 3 4 4 6 12 1 3 3 4 6 0 2 6 3 0 0 0 1
21310718 493 11 2 3 3 1 2 3 3 1 2 1 2 1 0 1 1 0 0 0 0 3 4 4 5 6 3 3 4 4 4 12 0 3 5 2 1 0 0 0
21310720 579 7 3 2 1 1 3 2 1 1 0 1 1 0 0 0 0 3 2 2 0 0 0 2 0 0 4 0 3 2 1 12 4 5 6 2
21310721 532 8 1 1 1 3 1 3 2 2 1 0 3 1 0 0 0 0 4 2 2 3 4 7 0 3 5 3 0 4 5 2 2 4 12 0 0
21310722 548 1 2 3 1 5 0.33333333333333331 6 0.33333333333333331 7 0.33333333333333331 0 1 0 2 0 0 0 3 1 1 3 4 5 4 1 12 2 3 0
21310723 477 7 1 2 2 2 1 2 1 1 0 3 1 0 0 0 0 3 4 0 1 5 2 12 1 0 4 4 0 0 3 5 0 0 3 0
21310724 645 3 1 2 1 1 0 3 1 0 0 0 0 2 1 0 2 5 4 12 3 6 4 5 0 0 7 3 0 0 0 3
21310725 543 4 1 2 2 2 1 0 1 1 0 0 0 0 1 3 0 0 2 1 0 7 5 1 0 12 4 4 0 3 6 4 3
21310726 579 7 2 1 1 3 3 2 2 1 0 1 1 0 0 0 0 2 3 2 0 0 0 3 0 0 1 3 2 3 6 2 1 5 8 12
21310727 668 4 1 1 1 2 3 1 4 0.33333333333333331 5 0.33333333333333331 6 0.33333333333333331 3 1 0 0 0 0 2 0 12 2 3 1 8 5 3 2 7 6 0
21310728 569 8 3 2 3 2 2 2 3 1 1 0 1 1 0 0 0 0 1 4 3 3 0 0 0 1 6 1 6 2 4 4 0 12 5 3 1
21310729 442 10 1 1 1 2 2 2 2 3 3 1 1 0 3 1 0 0 0 0 4 4 2 5 8 12 3 5 6 1 0 2 1 0 2 0 3 0 3
21310730 576 10 3 1 2 2 3 1 1 3 3 1 3 1 5 0.33333333333333331 6 0.33333333333333331 7 0.33333333333333331 4 2 4 2 0 0 0 4 1 4 0 12 5 2 0 8 6 3 2
21310731 557 9 1 3 3 2 2 1 2 1 2 1 0 3 1 0 0 0 0 3 4 2 3 0 0 0 12 3 5 0 5 7 4 3 3 2 1 1
21310732 483 11 1 3 1 3 2 2 3 1 1 3 2 1 0 2 1 0 0 0 0 4 3 4 3 1 3 0 12 0 0 2 3 7 6 3 4 8 5 3
21310733 543 8 2 3 2 1 1 3 3 3 1 0 2 1 0 0 0 0 2 2 4 2 1 4 12 3 2 7 3 0 0 4 1 0 1 0 3
21310734 575 9 2 2 1 1 3 3 2 3 3 1 0 1 1 0 0 0 0 2 3 4 0 1 7 12 0 4 5 5 2 2 3 4 0 0 0 1
21310735 557 8 1 3 2 2 1 3 1 3 1 0 2 1 0 0 0 0 3 2 3 12 4 2 1 3 6 3 4 2 0 1 0 3 0 3 0
21310736 615 9 3 2 1 2 3 1 1 1 3 1 0 2 1 0 0 0 0 4 2 3 1 6 12 0 3 4 4 2 3 3 0 0 2 0 3 0
21310737 560 0 1 0 1 1 0 0 0 0 0 0 0 3 3 3 0 5 4 2 3 12 4 2 0 1 0 0 0
21310738 580 8 1 2 1 1 2 3 2 1 1 0 3 1 0 0 0 0 4 3 1 0 3 0 12 3 2 3 6 0 3 4 4 0 2 1 3
21310739 578 0 1 0 1 1 0 0 0 0 0 0 0 0 4 2 1 0 2 12 6 3 1 4 6 0 0 2 0
21310740 580 9 1 1 3 3 3 1 2 2 1 1 0 3 1 0 0 0 0 4 2 3 0 0 0 2 2 1 2 0 12 7 5 3 4 3 3 0
21310741 528 3 2 2 3 1 0 3 1 0 0 0 0 0 2 1 2 1 0 0 12 6 1 0 6 5 0 1 8 4 3 0
21310743 537 3 1 2 1 1 0 3 1 0 0 0 0 2 1 0 5 0 2 0 5 4 8 0 12 1 3 0 0 0 2 3
21310744 448 11 2 2 3 1 3 3 2 2 3 1 1 1 0 1 1 0 0 0 0 3 4 4 1 0 0 0 2 3 6 3 0 12 4 3 0 3 2 1
21310745 548 5 3 1 1 2 1 1 0 2 1 0 0 0 0 3 1 1 3 3 0 3 0 3 4 2 0 12 5 1 0 2 3 5
21310746 511 0 3 1 5 0.33333333333333331 6 0.33333333333333331 7 0.33333333333333331 0 0 0 4 7 12 4 0 3 5 3 1 2 1 0 0 0 0 2
21310747 559 2 3 3 3 1 7 0.33333333333333331 8 0.33333333333333331 9 0.33333333333333331 0 0 2 0 0 2 1 0 0 2 3 7 1 3 1 2 3 6 12
21310748 551 8 1 2 2 1 3 2 3 2 1 0 3 1 0 0 0 0 2 4 2 0 1 2 4 0 12 3 4 1 4 5 1 0 3 0 0
21310749 554 1 3 1 0 1 1 0 0 0 0 0 0 1 2 4 8 3 3 4 6 7 1 4 2 12 0 0 3 0
21310750 528 0 1 0 3 1 0 0 0 0 0 0 0 4 1 5 12 0 1 1 2 3 4 2 2 0 0 0 3
21310751 573 4 1 1 1 3 1 0 2 1 0 0 0 0 3 0 1 0 3 0 0 3 2 5 12 2 4 4 5 0 1 3 2
21310752 505 1 3 1 0 3 1 0 0 0 0 0 0 1 12 2 1 2 7 3 4 2 3 7 3 1 1 0 0 0
21310753 436 10 2 2 3 3 3 1 1 2 2 1 1 0 3 1 0 0 0 0 3 4 3 0 1 0 0 2 5 3 0 1 3 4 0 3 12 7 4
21310754 571 2 1 2 1 0 2 1 0 0 0 0 1 1 0 1 4 7 12 0 3 5 2 1 3 5 3 0 4 0 0
21310755 530 4 2 2 2 3 1 0 3 1 0 0 0 0 0 3 1 1 0 0 0 1 4 0 0 5 4 4 0 12 3 6 1
21310756 608 2 3 3 1 0 3 1 0 0 0 0 0 0 2 0 0 0 3 0 0 5 4 2 4 2 4 1 12 7 1
21310757 531 3 3 2 3 1 0 1 1 0 0 0 0 0 1 2 12 4 1 0 5 6 2 0 4 3 2 0 1 3 2 1
21310758 505 10 3 2 2 3 1 1 3 2 1 3 1 0 1 1 0 0 0 0 3 3 4 3 5 2 0 12 4 5 3 2 4 1 1 0 2 0 0
21310759 506 6 3 2 3 2 2 1 1 0 1 1 0 0 0 0 1 3 2 1 3 2 12 0 1 4 4 0 2 1 3 0 0 3 0
21310760 483 11 1 2 2 2 1 3 1 1 2 3 3 1 0 3 1 0 0 0 0 4 4 3 2 1 1 0 1 4 4 2 0 5 12 2 0 1 0 2
21310761 524 2 2 1 1 0 3 1 0 0 0 0 1 1 0 0 0 2 1 0 0 2 1 3 3 5 4 0 12 6 4
21310762 495 3 1 2 1 1 0 1 1 0 0 0 0 2 1 0 3 2 2 5 0 4 3 8 0 3 6 12 0 0 5 7
21310763 595 7 2 3 3 1 3 2 1 1 0 3 1 0 0 0 0 2 2 3 12 8 8 7 3 4 5 0 1 1 4 2 0 2 3 0
21310764 598 7 2 3 3 1 1 2 3 1 0 1 1 0 0 0 0 2 2 3 2 3 12 3 5 4 2 1 7 3 3 4 1 0 0 2
21310765 590 1 1 1 0 1 1 0 0 0 0 1 0 0 3 0 0 0 0 3 0 4 0 0 12 5 3 2 2 3
21310766 576 2 1 3 1 0 1 1 0 0 0 0 1 0 1 0 2 0 0 1 2 2 0 3 5 5 2 12 6 1 0
21310767 617 8 3 2 3 1 3 2 2 1 1 0 1 1 0 0 0 0 2 3 3 3 5 5 0 3 12 4 3 6 2 3 2 0 0 1 1
21310768 552 1 2 1 0 1 1 0 0 0 0 0 1 0 3 0 0 0 0 1 4 4 2 3 5 5 0 4 6 12
21310769 531 8 1 3 2 3 2 2 3 1 1 0 1 1 0 0 0 0 2 3 3 3 3 3 3 3 12 1 0 3 2 6 2 1 0 8 0
21310770 592 7 1 3 1 2 3 2 2 1 0 1 1 0 0 0 0 2 3 2 0 3 1 0 0 1 3 0 3 3 2 0 12 7 3 2
21310771 524 0 1 0 1 1 0 0 0 0 0 0 0 1 2 2 12 0 5 5 3 0 1 4 3 2 0 3 0
21310772 524 3 2 3 1 1 0 3 1 0 0 0 0 1 1 1 2 0 3 1 0 1 0 5 0 2 5 6 0 3 12 3
21310774 475 4 2 3 2 2 1 0 2 1 0 0 0 0 0 3 1 3 3 0 0 4 4 0 0 3 6 5 1 12 1 1 1
21310775 618 7 3 3 1 2 2 1 2 1 0 3 1 0 0 0 0 2 3 2 0 12 7 4 1 4 4 3 0 2 3 0 3 0 1 0
21310777 514 3 1 2 3 1 0 3 1 0 0 0 0 1 1 1 4 12 7 2 3 5 4 5 4 6 4 0 3 1 0 0
21310778 535 3 2 1 2 1 0 3 1 0 0 0 0 1 2 0 1 0 0 1 0 4 3 4 0 3 1 2 2 6 12 3
21310779 576 3 2 3 1 1 0 3 1 0 0 0 0 1 1 1 0 2 1 0 0 2 1 1 0 2 4 3 3 4 6 12
21310780 564 10 3 3 3 2 1 1 2 2 3 1 1 0 1 1 0 0 0 0 3 3 4 2 7 3 0 0 3 4 4 2 4 6 3 1 3 3 12
21310781 558 3 2 2 1 1 0 3 1 0 0 0 0 1 2 0 0 0 0 6 0 5 5 12 1 3 6 4 1 3 2 4
21310782 535 8 1 1 3 2 3 3 2 2 3 1 7 0.33333333333333331 8 0.33333333333333331 9 0.33333333333333331 2 3 3 3 0 1 0 0 0 0 2 1 3 4 3 0 4 5 12
21310783 484 0 1 0 3 1 0 0 0 0 0 0 0 6 3 2 0 5 7 0 0 8 3 4 0 12 3 3 1
21310784 544 0 1 0 1 1 0 0 0 0 0 0 0 0 6 8 12 1 5 7 3 0 0 1 5 2 2 0 2
21310785 563 3 3 1 1 1 0 3 1 0 0 0 0 2 0 1 2 12 9 4 3 2 6 6 0 1 4 0 0 0 0 2
21310786 513 2 3 2 1 0 3 1 0 0 0 0 0 1 1 3 0 4 1 1 4 5 4 0 2 2 12 1 0 0 0
21310787 530 11 1 2 3 2 2 3 3 3 2 1 1 1 0 1 1 0 0 0 0 3 4 4 0 12 6 4 0 5 4 1 2 0 4 2 0 1 0 0
21310788 514 5 1 2 1 3 3 1 0 2 1 0 0 0 0 2 1 2 1 3 0 0 3 6 0 0 5 5 3 0 2 3 12 3
21310789 541 7 1 2 1 1 3 2 2 1 0 2 1 0 0 0 0 3 3 1 2 4 12 3 3 1 5 4 0 6 0 1 0 0 6 0
21310790 543 4 1 1 3 1 1 0 3 1 0 0 0 0 3 0 1 0 3 2 2 7 6 5 0 12 4 3 0 2 5 2 1
21310791 538 8 1 2 1 3 3 3 1 1 1 0 2 1 0 0 0 0 4 1 3 4 12 3 3 1 4 3 2 2 4 4 0 2 0 3 0
21310792 543 2 1 1 1 0 3 1 0 0 0 0 2 0 0 3 2 12 0 2 4 4 2 4 7 1 0 2 1 0 0
21310793 507 7 1 3 2 1 3 2 2 1 0 3 1 0 0 0 0 2 3 2 6 2 1 3 12 3 1 0 0 5 2 0 0 0 0 1
21310794 540 11 1 1 3 2 2 1 2 3 2 1 3 1 0 3 1 0 0 0 0 4 4 3 0 0 2 1 2 5 3 4 0 2 5 1 3 1 3 12
21310795 595 1 2 1 0 1 1 0 0 0 0 0 1 0 3 1 12 7 3 1 2 3 2 4 3 4 0 0 1 2
21310796 555 10 2 2 3 2 3 1 3 3 1 1 1 0 2 1 0 0 0 0 3 3 4 0 1 2 4 2 1 3 3 1 6 2 12 1 0 3 0
21310797 597 3 3 1 2 1 0 2 1 0 0 0 0 1 1 1 1 3 3 3 3 4 7 1 0 3 6 12 0 2 2 1
21310798 520 10 2 2 3 1 3 1 3 1 2 3 1 0 1 1 0 0 0 0 3 3 4 3 12 8 1 2 3 3 6 0 2 4 3 2 0 1 0
21310799 479 10 2 2 2 1 2 1 3 1 3 3 1 0 1 1 0 0 0 0 3 4 3 0 3 0 1 0 6 5 3 8 2 5 3 0 12 3 4
21310800 575 8 2 3 3 1 3 2 3 2 1 0 1 1 0 0 0 0 1 3 4 2 0 1 0 0 1 3 12 1 3 2 4 0 2 5 1
21310801 506 3 1 3 1 1 0 3 1 0 0 0 0 2 0 1 8 2 4 2 3 4 4 0 12 4 2 0 0 1 0 0
21310802 569 10 2 3 1 3 2 2 1 1 2 3 1 0 1 1 0 0 0 0 3 4 3 0 0 3 0 3 5 4 3 1 3 7 3 12 4 3 2
21310803 534 4 3 3 2 3 1 0 1 1 0 0 0 0 0 1 3 1 0 0 0 0 3 2 3 2 3 5 5 0 1 3 12
21310804 471 10 1 3 2 2 1 2 3 1 1 3 1 0 3 1 0 0 0 0 4 3 3 12 5 4 1 6 4 2 0 4 3 3 2 0 1 2 0
21310805 580 10 2 1 2 1 1 3 2 3 3 2 1 0 3 1 0 0 0 0 3 4 3 0 0 1 0 2 0 4 3 0 0 4 6 0 1 5 12
21310806 477 11 1 1 3 1 3 3 1 2 2 2 3 1 0 2 1 0 0 0 0 4 3 4 1 6 7 2 0 3 3 5 0 3 3 12 0 0 0 3
21310807 564 5 2 2 1 3 3 3 1 6 0.33333333333333331 7 0.33333333333333331 8 0.33333333333333331 1 2 2 3 1 1 2 5 2 1 0 12 3 5 0 0 3 3 0
21310808 567 8 2 3 3 3 2 1 2 1 1 0 1 1 0 0 0 0 2 3 3 0 0 1 2 3 0 6 3 0 1 2 12 2 4 3 1
21310809 531 7 3 3 1 2 3 2 2 1 0 1 1 0 0 0 0 1 3 3 0 0 0 1 0 6 2 4 0 1 12 4 2 3 1 3
21310810 442 2 1 1 1 0 3 1 0 0 0 0 2 0 0 0 3 2 12 0 3 5 5 1 1 2 3 0 0 2 2
21310811 588 10 2 3 2 1 1 2 1 1 3 3 1 0 3 1 0 0 0 0 4 3 3 5 3 3 4 3 12 1 2 1 0 2 0 3 0 2 0
21310812 611 9 1 1 2 3 3 1 2 2 1 1 0 3 1 0 0 0 0 4 3 2 12 2 3 3 6 5 2 0 1 7 3 1 2 0 0 0
21310813 557 3 2 2 1 1 0 3 1 0 0 0 0 1 2 0 0 2 0 0 3 2 1 0 1 5 4 1 0 12 6 4
21310814 588 3 3 2 2 1 0 1 1 0 0 0 0 0 2 1 3 0 2 0 3 4 1 1 0 0 3 4 0 0 12 3
21310815 543 9 1 1 3 2 2 2 3 1 3 1 0 3 1 0 0 0 0 3 3 3 6 0 0 0 1 2 0 1 0 3 2 4 3 3 5 12
21310817 533 11 1 3 2 2 3 2 3 1 2 1 1 1 0 3 1 0 0 0 0 4 4 3 0 1 0 0 0 3 2 12 0 3 6 7 3 4 4 5
21310818 591 0 1 0 2 1 0 0 0 0 0 0 0 12 6 4 3 5 7 3 0 4 0 2 0 1 0 1 0
21310819 503 4 3 2 2 3 1 0 3 1 0 0 0 0 0 2 2 0 3 5 12 0 3 3 1 0 0 3 4 1 0 3 0
21310820 550 6 2 1 3 1 2 1 1 0 2 1 0 0 0 0 3 2 1 1 0 0 0 0 3 4 4 3 7 6 5 3 4 12 2
21310821 563 2 3 1 1 0 2 1 0 0 0 0 1 0 1 4 4 2 0 8 5 3 0 12 0 0 1 3 3 0 0
21310823 572 6 3 1 2 2 1 3 3 1 4 0.33333333333333331 5 0.33333333333333331 6 0.33333333333333331 2 2 2 12 3 3 7 3 5 3 0 3 6 2 0 4 1 0 0
21310824 588 9 2 2 2 2 1 1 3 3 3 1 0 1 1 0 0 0 0 2 4 3 0 0 3 0 0 4 2 0 8 4 6 4 3 1 12 1
21310825 494 3 1 2 2 1 0 1 1 0 0 0 0 1 2 0 3 12 0 0 2 3 4 3 4 3 2 1 5 1 0 0
21310827 468 11 1 1 2 2 1 2 3 3 2 3 3 1 0 1 1 0 0 0 0 3 4 4 0 2 0 1 1 3 3 3 0 4 3 5 0 2 4 12
21310828 576 0 1 0 1 1 0 0 0 0 0 0 0 3 3 12 4 0 3 5 3 4 2 6 3 0 0 3 3
21310829 556 8 1 3 2 2 2 1 2 3 1 0 3 1 0 0 0 0 2 4 2 1 3 1 3 0 3 4 6 0 3 2 12 0 1 0 0
21310830 563 5 3 1 1 2 3 1 0 2 1 0 0 0 0 2 1 2 0 5 2 12 2 4 7 1 3 6 5 1 3 0 0 4
21310831 537 5 2 3 1 2 1 1 0 3 1 0 0 0 0 2 2 1 0 0 2 3 0 3 4 5 2 4 5 1 1 12 5 8
21310832 581 8 2 3 1 1 1 3 1 3 1 0 2 1 0 0 0 0 4 1 3 0 2 0 3 4 2 0 0 4 5 1 3 8 12 2 0
21310833 558 2 2 2 1 0 3 1 0 0 0 0 0 2 0 1 5 8 12 3 3 6 7 1 3 1 2 0 0 0 3
21310834 610 2 2 2 1 0 1 1 0 0 0 0 0 2 0 2 0 0 0 1 0 0 0 6 5 7 1 12 8 6 3
21310835 536 8 1 2 1 3 3 2 3 1 1 0 3 1 0 0 0 0 3 2 3 2 2 3 3 0 0 2 4 0 1 3 4 0 4 1 12
21310836 497 2 1 3 1 0 1 1 0 0 0 0 1 0 1 3 2 12 0 4 1 4 0 4 4 2 2 0 2 1 0
21310837 527 5 2 3 3 2 3 1 0 3 1 0 0 0 0 0 2 3 1 1 3 4 0 5 3 6 0 2 6 4 0 1 3 12
21310838 595 1 1 1 0 2 1 0 0 0 0 1 0 0 2 3 3 4 1 3 5 12 0 4 3 5 0 0 0 5
21310839 575 5 2 2 3 1 2 1 0 3 1 0 0 0 0 1 3 1 4 5 12 0 3 4 4 1 3 5 2 0 0 1 1 0
21310840 565 9 3 1 3 3 3 1 2 1 2 1 0 1 1 0 0 0 0 3 2 4 2 3 1 0 1 4 3 0 2 3 12 2 4 3 2 0
21310841 537 0 1 0 1 1 0 0 0 0 0 0 0 2 4 1 12 2 5 4 4 0 3 6 1 0 2 4 0
21310842 566 8 2 2 1 2 1 1 3 1 1 0 3 1 0 0 0 0 4 3 1 2 0 1 0 2 3 5 12 3 3 4 7 3 6 3 4
21310843 501 10 3 1 2 2 3 1 1 3 2 3 1 0 1 1 0 0 0 0 3 3 4 12 4 3 3 3 5 2 0 5 0 5 0 2 0 1 0
21310844 549 7 3 1 2 1 2 1 3 1 0 3 1 0 0 0 0 3 2 2 2 3 7 12 4 0 0 3 0 0 0 3 0 0 3 0
21310845 547 7 3 3 2 1 1 2 2 1 0 3 1 0 0 0 0 2 3 2 7 12 2 1 0 6 5 5 1 0 1 4 2 0 0 0
21310846 573 2 2 1 1 0 2 1 0 0 0 0 1 1 0 0 4 1 1 8 5 5 3 0 12 3 6 0 3 2 0
21310847 566 11 2 3 1 2 3 1 2 2 3 1 3 1 0 1 1 0 0 0 0 3 4 4 0 0 2 0 1 0 1 12 0 5 8 2 6 3 3 4
21310848 521 2 1 1 1 0 3 1 0 0 0 0 2 0 0 0 0 2 1 0 0 3 2 2 0 4 4 0 3 12 4
21310849 580 11 3 1 2 1 2 1 3 1 2 3 2 1 0 3 1 0 0 0 0 4 4 3 12 1 4 3 3 1 4 2 3 6 2 2 0 1 0 0
21310850 477 10 3 1 3 3 1 2 1 2 2 1 1 0 3 1 0 0 0 0 4 3 3 12 2 5 0 3 6 5 1 3 5 1 2 2 0 0 0
21310851 599 3 1 1 1 1 0 2 1 0 0 0 0 3 0 0 0 2 7 12 3 0 4 8 0 0 0 5 0 0 0 2
21310853 535 4 1 3 1 3 1 0 1 1 0 0 0 0 2 0 2 7 0 0 0 4 2 2 0 3 3 5 2 12 7 6 3
21310854 609 2 1 3 1 0 2 1 0 0 0 0 1 0 1 2 0 0 0 1 1 3 2 5 5 4 0 6 8 12 3
21310855 496 1 1 1 0 2 1 0 0 0 0 1 0 0 4 2 12 2 4 5 1 0 3 4 4 0 1 0 0 0
21310856 540 5 3 1 1 2 1 1 0 3 1 0 0 0 0 3 1 1 5 12 0 0 2 3 3 6 4 5 0 0 2 3 0 0
21310857 549 2 3 2 1 0 3 1 0 0 0 0 0 1 1 1 4 5 7 2 4 6 12 0 0 1 4 0 0 0 6
21310858 547 11 2 2 3 1 1 2 3 3 2 1 3 1 0 1 1 0 0 0 0 3 4 4 0 0 2 0 1 3 0 5 0 3 1 5 0 2 4 12
21310859 578 11 2 3 3 1 2 2 2 1 1 1 3 1 0 3 1 0 0 0 0 4 4 3 2 0 0 0 1 3 1 3 0 6 5 4 2 3 3 12
21310860 615 7 1 1 2 2 2 3 3 1 0 3 1 0 0 0 0 2 3 2 1 4 3 4 3 2 6 5 0 0 3 12 0 0 1 0
21310861 552 10 2 2 1 3 2 3 1 3 2 1 1 0 3 1 0 0 0 0 3 4 3 12 7 5 4 1 2 6 0 7 4 5 0 0 0 3 1
21310862 549 2 3 1 1 0 1 1 0 0 0 0 1 0 1 3 3 1 2 2 5 4 4 0 2 4 12 0 7 0 0
21310863 581 9 3 1 2 2 3 3 2 1 1 1 0 1 1 0 0 0 0 3 3 3 0 3 0 0 2 4 12 0 1 5 6 0 3 4 4 2
21310864 545 5 2 1 2 1 2 1 0 3 1 0 0 0 0 2 3 0 5 4 4 0 4 6 2 0 12 0 0 3 1 1 0 0
21310865 549 6 1 1 3 3 3 2 1 0 3 1 0 0 0 0 2 1 3 6 0 4 2 3 6 2 2 4 7 3 6 12 1 4 1
21310866 567 6 2 3 1 1 1 2 1 0 3 1 0 0 0 0 3 2 1 3 3 0 0 3 5 0 0 2 3 1 0 3 12 3 2
21310867 618 2 2 3 1 0 3 1 0 0 0 0 0 1 1 0 1 0 0 3 0 6 3 0 3 6 3 0 3 7 12
21310868 535 10 2 3 3 2 3 2 1 1 1 2 1 0 3 1 0 0 0 0 3 4 3 0 3 5 12 0 6 4 2 1 6 4 1 0 2 3 1
21310869 526 10 3 2 3 1 3 2 2 3 1 2 1 0 1 1 0 0 0 0 2 4 4 0 1 0 0 2 3 4 4 1 4 5 6 0 3 3 12
21310870 527 6 3 2 2 1 2 3 1 0 3 1 0 0 0 0 1 3 2 1 0 0 0 1 3 4 0 3 5 3 3 12 8 6 0
21310871 517 11 3 1 3 2 1 1 2 3 2 1 2 1 0 3 1 0 0 0 0 4 4 3 5 1 0 2 4 2 4 0 2 7 1 0 1 3 12 0
21310872 512 5 1 2 1 1 2 1 0 1 1 0 0 0 0 3 2 0 7 4 4 4 0 6 5 3 0 12 2 3 0 2 0 0
21310873 531 1 2 1 0 3 1 0 0 0 0 0 1 0 2 0 0 3 0 1 3 1 0 3 6 3 0 12 4 3
21310874 586 0 3 1 4 0.33333333333333331 5 0.33333333333333331 6 0.33333333333333331 0 0 0 0 0 0 1 2 1 12 3 0 2 4 2 0 4 1 7
21310875 558 3 1 1 3 1 0 3 1 0 0 0 0 2 0 1 12 8 3 6 3 3 2 4 3 3 5 2 0 0 2 1
21310876 572 5 1 1 3 2 3 1 0 3 1 0 0 0 0 2 1 2 0 0 1 2 2 2 5 12 0 0 4 4 0 0 1 3
21310877 452 6 2 2 1 2 2 3 3 1 5 0.33333333333333331 6 0.33333333333333331 7 0.33333333333333331 1 4 1 12 3 3 0 4 1 0 1 2 7 1 0 4 1 0 0
21310878 619 8 2 2 3 1 1 2 1 1 1 0 3 1 0 0 0 0 4 3 1 0 3 0 0 7 4 3 0 12 7 4 2 6 4 3 3
21310879 598 4 1 1 3 3 1 0 2 1 0 0 0 0 2 0 2 5 7 12 0 3 5 6 1 0 3 2 0 0 2 0 3
21310880 468 5 1 3 2 3 1 1 0 2 1 0 0 0 0 2 1 2 0 0 0 1 3 2 3 12 0 3 4 6 0 4 4 5
21310881 510 0 1 0 3 1 0 0 0 0 0 0 0 0 3 1 12 2 0 7 4 0 3 5 3 0 0 0 3
21310882 450 6 3 3 2 1 3 2 1 0 2 1 0 0 0 0 1 2 3 12 3 4 1 1 3 2 0 2 5 4 1 1 0 0 0
21310883 544 5 1 2 1 3 3 1 0 1 1 0 0 0 0 2 1 2 3 3 0 0 2 4 3 3 3 3 6 3 2 5 5 12
21310884 559 11 2 2 1 3 3 1 2 1 3 2 1 1 0 3 1 0 0 0 0 4 4 3 1 3 0 0 0 2 5 0 5 5 3 3 12 3 2 1
21310885 444 1 2 1 0 3 1 0 0 0 0 0 1 0 3 4 3 1 4 7 5 4 6 12 6 0 3 0 3 0
21310886 575 11 3 1 1 2 1 3 1 2 3 3 2 1 0 2 1 0 0 0 0 4 3 4 0 2 1 0 3 3 5 12 3 3 4 8 0 2 1 5
21310887 548 5 1 3 3 2 2 1 0 2 1 0 0 0 0 1 2 2 6 1 0 0 0 3 0 0 4 6 4 0 4 5 12 1
21310888 530 3 1 3 1 1 0 3 1 0 0 0 0 2 0 1 0 3 2 12 0 6 5 6 2 3 4 4 0 1 2 3
21310889 543 6 3 1 3 1 3 2 1 0 2 1 0 0 0 0 2 1 3 0 0 1 0 12 2 3 0 4 1 6 3 2 2 0 1
21310890 516 7 2 2 1 3 3 3 2 1 0 2 1 0 0 0 0 1 3 3 1 0 0 1 0 4 3 4 0 1 3 6 0 3 4 12
21310891 470 0 1 0 1 1 0 0 0 0 0 0 0 0 0 2 2 3 1 5 3 4 4 6 1 12 3 2 0
21310892 482 7 3 2 1 1 2 3 3 1 0 3 1 0 0 0 0 2 2 3 12 3 5 0 7 5 4 3 5 4 3 0 0 2 0 1
21310893 574 5 2 2 3 2 2 1 0 1 1 0 0 0 0 0 4 1 0 12 6 4 0 4 6 3 0 3 1 3 1 1 0 0
21310894 490 7 1 3 3 3 1 2 3 1 0 2 1 0 0 0 0 2 1 4 0 0 2 0 3 1 1 0 6 4 4 0 12 3 0 2
21310895 538 1 2 1 0 3 1 0 0 0 0 0 1 0 0 1 0 0 0 3 0 0 5 4 2 0 12 6 4 1
21310896 558 7 3 1 2 2 3 2 1 1 0 1 1 0 0 0 0 2 3 2 12 4 4 2 4 4 1 0 7 3 0 0 0 3 0 0
21310897 509 2 1 2 1 0 3 1 0 0 0 0 1 1 0 12 1 3 2 6 3 1 0 2 6 2 0 1 3 0 0
21310898 649 1 2 1 0 2 1 0 0 0 0 0 1 0 4 4 1 12 0 7 5 8 0 1 4 5 0 0 3 3
21310899 518 2 2 3 1 0 3 1 0 0 0 0 0 1 1 1 3 6 1 3 6 7 6 12 6 2 3 0 0 1 2
21310900 525 8 2 2 1 3 2 3 3 2 1 0 1 1 0 0 0 0 1 4 3 1 0 1 0 4 3 3 0 4 5 4 0 12 5 2 1
21310901 596 8 2 3 3 2 2 3 1 2 1 0 1 1 0 0 0 0 1 4 3 1 0 0 0 6 3 3 0 8 5 0 1 12 4 3 0
21310902 591 3 2 1 1 1 0 1 1 0 0 0 0 2 1 0 0 2 0 0 1 4 12 0 4 7 6 4 4 4 2 2
21310903 648 2 1 3 1 0 2 1 0 0 0 0 1 0 1 0 3 4 0 1 3 3 5 0 2 12 3 2 3 1 3
21310904 495 1 3 1 0 3 1 0 0 0 0 0 0 1 0 6 4 12 2 7 4 7 0 5 4 5 1 0 2 1
21310905 597 11 2 3 3 2 1 2 3 3 1 1 2 1 0 1 1 0 0 0 0 3 4 4 1 0 0 0 4 4 2 2 5 4 1 0 12 4 5 0
21310907 507 8 1 2 1 1 3 3 3 1 1 0 2 1 0 0 0 0 4 1 3 0 0 3 0 4 1 2 2 5 5 0 0 12 2 3 0
21310908 587 2 1 2 1 0 3 1 0 0 0 0 1 1 0 3 0 1 0 4 0 3 2 4 5 3 5 12 7 7 0
21310909 518 2 3 3 3 1 5 0.33333333333333331 6 0.33333333333333331 7 0.33333333333333331 0 0 2 0 2 1 0 2 1 4 0 0 4 6 12 0 5 5 4
21310910 509 0 1 0 1 1 0 0 0 0 0 0 0 0 2 3 1 3 0 5 2 0 6 4 3 0 0 12 3
21310911 506 11 2 1 3 1 3 1 2 2 1 3 2 1 0 3 1 0 0 0 0 4 4 3 0 2 4 12 0 6 5 1 0 4 2 3 3 1 0 0
21310912 511 3 1 2 2 1 0 2 1 0 0 0 0 1 2 0 3 3 0 0 3 1 0 0 12 4 0 0 6 3 3 1
21310913 486 2 2 3 1 0 1 1 0 0 0 0 0 1 1 2 0 1 0 4 12 3 2 8 7 4 4 3 5 4 1
21310914 558 0 1 0 2 1 0 0 0 0 0 0 0 12 4 3 2 7 6 3 1 8 5 1 3 2 1 0 0
21310915 608 6 3 3 3 2 1 2 1 0 1 1 0 0 0 0 1 2 3 0 0 1 3 2 2 1 0 3 4 7 2 1 4 12 0
21310916 540 1 1 1 0 2 1 0 0 0 0 1 0 0 0 0 2 0 3 4 1 3 5 7 4 0 12 3 3 0
21310917 487 8 2 1 2 1 1 2 3 2 1 0 3 1 0 0 0 0 3 4 1 1 5 2 0 4 12 5 1 0 0 3 3 0 3 0 0
21310918 642 3 3 2 3 1 0 2 1 0 0 0 0 0 1 2 4 6 12 0 3 5 4 0 3 3 3 1 1 0 0 0
21310919 530 0 1 0 2 1 0 0 0 0 0 0 0 12 3 5 1 5 3 2 0 1 7 1 3 2 4 0 0
21310920 660 8 3 3 1 1 3 2 2 2 1 0 1 1 0 0 0 0 2 3 3 2 0 12 5 1 3 6 3 0 0 2 1 0 2 3 1
21310921 529 4 2 3 1 3 1 0 1 1 0 0 0 0 1 1 2 3 8 2 7 12 3 6 3 3 1 3 0 0 2 4 0
21310922 546 2 3 2 1 0 2 1 0 0 0 0 0 1 1 0 12 1 1 3 4 2 4 0 3 6 3 0 0 3 1
21310923 614 7 3 1 2 1 3 2 3 1 0 2 1 0 0 0 0 2 2 3 12 1 6 0 5 5 2 3 3 3 0 0 1 0 0 0
21310925 552 3 3 2 1 1 0 1 1 0 0 0 0 1 1 1 12 2 3 3 6 4 3 0 3 1 4 2 3 1 2 0
21310926 566 9 2 1 1 3 3 2 3 2 1 1 0 3 1 0 0 0 0 3 3 3 2 4 3 0 12 4 5 1 2 5 1 1 0 0 3 2
21310927 512 4 2 3 1 2 1 0 3 1 0 0 0 0 1 2 1 1 1 0 2 4 3 3 0 12 5 4 0 0 1 2 0
21310928 526 6 1 3 2 1 3 2 1 0 3 1 0 0 0 0 2 2 2 1 12 5 2 5 4 3 0 3 2 3 0 0 0 1 0
21310929 521 4 1 1 3 1 1 0 1 1 0 0 0 0 3 0 1 2 0 2 0 1 2 3 0 3 3 4 2 12 7 3 2
21310930 604 10 2 3 1 3 1 3 1 2 2 1 1 0 2 1 0 0 0 0 4 3 3 3 8 7 2 1 3 12 4 3 3 0 3 0 3 0 0
21310931 554 10 2 2 2 1 2 1 3 1 1 3 1 0 3 1 0 0 0 0 4 4 2 1 0 0 0 5 2 5 1 4 5 12 3 4 2 0 0
21310932 631 1 3 1 0 2 1 0 0 0 0 0 0 1 0 1 1 12 3 4 7 5 0 5 2 2 0 0 3 1
21310933 533 7 2 1 3 3 2 3 1 1 0 2 1 0 0 0 0 2 2 3 12 5 4 0 5 4 0 2 6 3 1 0 1 0 0 0
21310934 558 9 1 1 1 2 3 3 2 3 2 1 0 1 1 0 0 0 0 3 3 3 0 2 1 3 0 3 4 5 3 3 3 6 0 2 3 12
21310935 499 6 2 1 2 3 2 1 1 0 3 1 0 0 0 0 2 3 1 3 1 0 0 1 5 3 2 0 1 4 3 0 2 4 12
21310936 577 1 2 1 0 1 1 0 0 0 0 0 1 0 0 0 1 0 0 0 3 3 0 3 2 12 3 6 4 4
21310937 537 2 3 2 1 0 1 1 0 0 0 0 0 1 1 1 3 12 4 2 4 7 6 0 5 0 3 3 0 0 0
21310938 488 9 2 3 1 3 3 2 1 1 1 3 1 6 0.33333333333333331 7 0.33333333333333331 8 0.33333333333333331 4 2 3 2 4 0 0 2 4 8 0 1 5 12 0 5 3 2 3
21310939 509 7 3 3 2 2 2 1 1 1 0 2 1 0 0 0 0 2 3 2 3 0 0 0 3 2 3 3 1 5 12 1 1 5 2 1
21310940 575 0 1 0 3 1 0 0 0 0 0 0 0 0 4 4 12 0 4 5 6 0 1 3 4 2 1 0 2
21310941 496 7 1 2 2 1 3 2 2 1 0 3 1 0 0 0 0 2 4 1 0 4 12 5 0 1 4 5 0 0 0 3 3 1 0 0
21310942 559 6 3 1 2 3 2 2 1 0 1 1 0 0 0 0 1 3 2 12 7 3 0 4 5 3 3 4 1 0 0 5 0 0 0
21310943 564 4 3 3 2 1 1 0 2 1 0 0 0 0 1 1 2 4 4 6 12 0 3 2 1 3 2 0 1 0 1 0 0
21310944 439 4 1 1 1 2 1 0 3 1 0 0 0 0 3 1 0 1 2 0 0 0 4 1 4 2 6 3 3 2 2 7 12
21310945 573 8 1 2 3 1 2 1 1 3 1 0 3 1 0 0 0 0 4 2 2 0 0 2 0 4 4 3 0 5 9 4 0 12 6 5 2
21310946 561 3 3 3 1 1 0 2 1 0 0 0 0 1 0 2 0 3 3 3 3 4 6 12 0 0 2 0 0 0 0 1
21310947 551 1 2 1 0 1 1 0 0 0 0 0 1 0 3 0 0 0 3 4 6 3 1 3 5 2 3 2 12 1
21310948 477 2 3 1 1 0 1 1 0 0 0 0 1 0 1 12 6 3 0 3 3 4 3 5 0 2 0 2 3 0 0
21310949 553 0 1 0 1 1 0 0 0 0 0 0 0 0 0 2 0 0 0 7 2 0 5 5 12 1 5 5 4
21310951 492 3 3 1 1 1 0 3 1 0 0 0 0 2 0 1 0 2 2 0 1 4 6 4 0 12 4 2 2 3 1 3
21310952 521 6 1 2 1 2 2 3 1 0 1 1 0 0 0 0 2 3 1 2 2 3 0 4 3 6 0 6 6 0 1 12 4 1 0
21310953 631 10 3 2 1 1 3 2 2 3 1 3 1 0 1 1 0 0 0 0 3 3 4 3 12 3 0 5 4 4 2 1 0 3 0 0 0 2 0
21310954 452 11 1 1 2 3 3 1 2 2 2 1 3 1 0 3 1 0 0 0 0 4 4 3 3 3 0 2 3 4 3 5 1 4 1 0 12 6 2 0
21310955 605 1 3 3 1 5 0.33333333333333331 6 0.33333333333333331 7 0.33333333333333331 0 0 1 2 0 4 6 0 1 4 7 0 3 4 12 0 0 3 4
21310956 610 5 1 1 2 2 3 1 0 2 1 0 0 0 0 2 2 1 5 7 4 1 3 3 3 12 3 0 0 3 0 0 0 3
21310957 540 6 3 1 3 2 1 2 1 0 3 1 0 0 0 0 2 2 2 0 1 2 0 0 8 6 0 6 3 4 3 0 12 5 4
21310958 590 11 3 2 1 3 1 3 2 3 1 2 1 1 0 2 1 0 0 0 0 4 3 4 3 5 7 12 1 2 5 4 0 2 3 0 1 0 0 0
21310959 542 4 3 1 2 3 1 0 3 1 0 0 0 0 1 1 2 0 0 4 1 0 2 1 3 1 4 3 12 0 2 2 3
21310960 484 7 3 3 3 1 2 2 1 1 0 1 1 0 0 0 0 2 2 3 0 3 6 3 0 3 5 3 2 12 2 3 0 1 0 0
21310961 562 6 3 1 2 1 2 2 1 0 3 1 0 0 0 0 2 3 1 12 6 3 4 8 2 0 0 4 1 0 1 0 0 0 3
21310963 526 4 3 3 3 2 3 1 4 0.33333333333333331 5 0.33333333333333331 6 0.33333333333333331 0 1 3 1 4 4 12 3 2 5 2 0 2 1 0 0 1 1 0
21310964 485 1 2 1 0 3 1 0 0 0 0 0 1 0 4 4 0 2 5 5 1 1 12 5 2 0 0 1 0 0
21310965 557 9 3 2 1 3 3 1 2 2 2 1 0 1 1 0 0 0 0 2 4 3 0 2 1 6 7 6 6 0 7 1 3 0 12 3 0 0
21310966 601 11 1 2 3 3 2 1 3 1 2 3 2 1 0 1 1 0 0 0 0 3 4 4 2 0 0 0 4 3 4 1 3 4 2 0 12 4 0 1
21310967 526 0 1 0 2 1 0 0 0 0 0 0 0 3 1 5 12 1 5 0 2 0 0 0 2 0 0 0 1
21310968 477 2 3 2 1 0 1 1 0 0 0 0 0 1 1 0 1 0 0 2 3 2 4 6 4 1 2 12 5 1 0
21310969 535 2 3 2 1 0 2 1 0 0 0 0 0 1 1 2 1 3 0 3 3 5 1 12 6 3 0 4 3 1 3
21310970 557 9 3 1 2 1 1 3 3 3 2 1 0 2 1 0 0 0 0 3 2 4 2 3 0 0 1 4 2 0 12 6 4 4 4 3 3 1
21310971 552 3 2 3 1 1 0 1 1 0 0 0 0 1 1 1 0 3 8 3 0 0 2 12 1 4 4 7 0 0 2 6
21310972 517 4 1 2 1 3 1 0 2 1 0 0 0 0 2 1 1 6 12 4 3 0 4 5 3 0 1 3 3 0 2 0 0
21310973 504 11 2 1 3 2 3 3 1 3 1 2 2 1 0 1 1 0 0 0 0 3 4 4 3 1 9 12 2 5 4 1 0 2 4 7 1 2 0 0
21310974 546 11 3 3 1 1 1 2 3 2 2 2 3 1 0 1 1 0 0 0 0 3 4 4 0 3 2 12 3 3 5 3 0 3 1 1 0 5 3 2
21310975 471 11 3 3 3 2 2 1 1 1 2 1 3 1 0 2 1 0 0 0 0 4 3 4 0 2 0 0 4 1 0 0 12 2 3 1 7 6 4 3
21310976 558 5 2 2 2 3 1 1 0 2 1 0 0 0 0 1 3 1 4 0 1 1 3 1 3 1 0 4 5 2 0 12 7 4
21310977 475 6 2 3 1 1 3 2 1 0 3 1 0 0 0 0 2 2 2 0 2 1 0 0 3 7 12 2 4 4 4 1 2 1 3
21310978 518 0 1 0 2 1 0 0 0 0 0 0 0 0 0 3 2 0 3 0 5 0 0 4 6 1 1 4 12
21310979 489 11 2 3 3 1 3 2 2 1 2 1 1 1 0 3 1 0 0 0 0 4 4 3 0 4 2 1 2 3 6 12 0 0 1 7 0 0 3 0
21310980 575 7 3 1 2 3 1 2 1 1 0 1 1 0 0 0 0 3 2 2 0 0 3 1 0 3 5 3 0 2 3 7 2 2 3 12
21310981 518 0 1 0 2 1 0 0 0 0 0 0 0 3 1 0 0 3 4 0 1 1 6 2 0 2 3 12 0
21310982 459 7 2 3 3 2 3 3 1 1 0 1 1 0 0 0 0 1 2 4 3 12 6 1 5 1 4 0 0 1 2 2 0 0 0 2
21310983 541 11 2 2 3 2 1 1 1 2 3 3 3 1 0 1 1 0 0 0 0 3 4 4 0 0 7 3 3 1 3 1 0 1 2 12 5 2 4 2
21310984 574 2 1 1 1 0 2 1 0 0 0 0 2 0 0 3 5 12 3 1 5 4 3 6 0 0 0 2 2 0 0
21310985 548 4 3 3 1 3 1 0 1 1 0 0 0 0 1 0 3 2 0 0 0 1 4 2 1 2 5 4 2 2 4 1 12
21310986 556 4 2 1 2 2 1 0 1 1 0 0 0 0 1 3 0 0 0 0 1 0 0 3 2 3 1 3 7 3 8 5 12
21310987 542 2 2 1 1 0 1 1 0 0 0 0 1 1 0 0 0 2 1 3 1 12 6 0 4 2 3 0 2 0 0
21310988 542 11 1 3 3 2 2 3 1 2 3 2 1 1 0 1 1 0 0 0 0 3 4 4 1 2 5 12 3 2 7 3 0 3 5 1 0 0 1 2
21310989 504 6 2 2 3 2 1 1 1 0 3 1 0 0 0 0 2 3 1 4 3 3 0 1 2 5 1 12 4 3 2 0 0 4 1
21310990 588 3 3 1 2 1 0 2 1 0 0 0 0 1 1 1 1 6 12 0 3 6 1 3 1 7 3 0 2 4 2 0
21310991 508 8 3 3 1 2 2 2 2 3 1 0 1 1 0 0 0 0 1 4 3 12 3 5 3 1 5 0 1 1 2 2 0 0 3 1 0
21310992 502 4 3 3 1 2 1 0 3 1 0 0 0 0 1 1 2 1 2 2 0 6 4 3 2 3 6 3 1 1 4 4 12
21310993 598 5 1 2 3 1 2 1 0 2 1 0 0 0 0 2 2 1 0 4 1 3 2 4 5 1 3 5 7 12 0 0 4 3
21310995 453 10 3 1 3 3 2 1 1 3 2 2 1 0 2 1 0 0 0 0 3 3 4 2 5 6 1 1 2 6 3 0 3 12 3 0 1 0 3
21310996 586 10 3 2 1 1 3 3 3 1 2 2 1 0 1 1 0 0 0 0 3 3 4 0 1 2 0 0 5 3 4 0 3 1 4 2 12 2 5
21310997 507 3 1 3 3 1 0 2 1 0 0 0 0 1 0 2 4 3 3 1 7 5 5 0 12 5 2 0 0 3 3 0
21310998 556 3 2 2 3 1 0 1 1 0 0 0 0 0 2 1 12 3 1 3 4 6 3 0 1 2 4 3 1 3 2 0
21310999 479 5 1 2 3 3 1 1 0 2 1 0 0 0 0 2 1 2 3 0 4 2 1 3 3 12 0 2 4 5 0 0 3 1
21311000 484 1 2 1 0 1 1 0 0 0 0 0 1 0 3 1 0 0 0 3 0 2 3 4 5 3 5 7 12 0
21311001 622 5 3 1 2 2 1 1 0 3 1 0 0 0 0 2 2 1 0 0 0 1 0 4 4 12 3 4 6 2 5 2 1 3
21311002 528 4 1 1 1 1 1 0 3 1 0 0 0 0 4 0 0 2 2 3 2 0 4 12 8 0 3 4 5 2 2 0 1
21311003 567 10 1 1 2 3 2 3 3 1 1 2 1 0 2 1 0 0 0 0 4 3 3 12 4 1 3 5 4 5 0 2 4 1 0 0 0 2 0
21311004 555 8 3 2 3 1 1 1 2 3 1 0 2 1 0 0 0 0 3 2 3 0 4 3 5 3 5 5 3 3 2 3 12 0 0 0 1
21311005 564 7 2 2 3 3 3 2 1 1 0 3 1 0 0 0 0 1 3 3 4 3 0 0 7 5 3 1 12 4 2 1 0 0 1 0
21311006 565 1 1 1 0 2 1 0 0 0 0 1 0 0 0 1 2 3 2 1 4 12 0 3 5 7 3 4 6 0
21311007 635 0 1 0 3 1 0 0 0 0 0 0 0 12 2 3 0 7 7 4 3 2 4 1 3 1 0 0 0
21311008 517 2 1 2 1 0 1 1 0 0 0 0 1 1 0 4 0 0 1 4 5 4 2 4 5 3 0 4 2 12 0
21311009 603 6 1 3 3 2 1 2 1 0 3 1 0 0 0 0 2 2 2 0 0 0 1 0 0 2 4 2 1 4 5 0 3 5 12
21311010 612 0 1 0 3 1 0 0 0 0 0 0 0 0 1 0 1 5 0 2 0 6 5 4 0 12 3 2 0
21311011 497 10 2 2 1 1 3 1 3 2 3 3 3 1 5 0.33333333333333331 6 0.33333333333333331 7 0.33333333333333331 3 3 4 5 8 12 2 4 7 3 0 3 2 1 0 0 3 1 0
21311012 464 11 1 2 1 3 3 2 2 2 3 1 1 1 0 3 1 0 0 0 0 4 4 3 0 1 3 0 3 5 3 1 0 0 12 2 3 0 4 2
21311013 593 1 1 1 0 2 1 0 0 0 0 1 0 0 2 3 2 0 12 6 7 1 4 1 6 7 3 0 3 0
21311014 549 6 2 2 3 3 2 1 1 0 2 1 0 0 0 0 1 3 2 0 0 1 3 0 3 5 5 0 4 6 8 4 1 1 12
21311015 588 11 2 3 2 3 3 1 2 3 1 2 1 1 0 1 1 0 0 0 0 3 4 4 12 1 0 1 4 5 4 0 4 3 2 3 2 0 0 0
21311016 570 2 1 3 1 0 2 1 0 0 0 0 1 0 1 1 0 0 0 4 2 0 0 4 5 2 1 12 4 4 0
21311017 543 1 1 1 0 3 1 0 0 0 0 1 0 0 4 6 12 0 3 5 7 2 3 1 3 0 2 0 0 0
21311018 519 10 2 1 3 1 3 2 2 1 2 3 1 0 1 1 0 0 0 0 3 4 3 3 0 0 0 0 0 3 3 0 5 4 3 2 1 6 12
21311019 529 6 1 1 3 3 2 2 1 0 1 1 0 0 0 0 2 2 2 0 0 0 2 4 4 3 0 9 5 4 1 12 3 4 2
21311020 547 7 2 1 1 3 2 1 3 1 0 3 1 0 0 0 0 3 2 2 12 3 3 2 4 4 3 0 4 2 3 1 2 0 1 0
21311021 467 8 3 3 1 3 1 2 1 2 1 0 3 1 0 0 0 0 3 2 3 0 2 3 2 1 3 1 1 2 0 2 4 0 0 5 12
21311022 579 10 3 2 3 2 1 3 3 2 2 1 1 0 1 1 0 0 0 0 2 4 4 4 5 3 0 0 3 12 0 4 2 3 1 0 0 1 0
21311023 562 0 1 0 1 1 0 0 0 0 0 0 0 2 0 2 0 0 0 2 1 1 4 4 4 0 5 3 12
21311024 549 7 1 3 2 1 3 1 2 1 0 3 1 0 0 0 0 3 2 2 2 4 4 8 0 3 5 12 0 1 5 5 0 0 2 0
21311025 539 6 1 2 3 3 2 2 1 0 1 1 0 0 0 0 1 3 2 4 4 3 0 7 6 4 0 12 2 1 3 0 1 0 0
21311026 584 7 3 3 1 3 2 1 2 1 0 1 1 0 0 0 0 2 2 3 3 0 0 0 2 3 4 5 3 4 3 12 0 2 1 3
21311027 546 2 2 1 1 0 2 1 0 0 0 0 1 1 0 0 0 0 1 2 4 3 1 4 4 6 6 4 5 8 12
21311028 507 11 2 3 1 3 2 1 3 2 3 1 2 1 0 1 1 0 0 0 0 3 4 4 12 1 3 3 2 4 7 3 4 5 4 2 0 3 1 0
21311029 476 10 1 2 3 2 3 3 1 2 1 3 1 0 2 1 0 0 0 0 3 3 4 12 7 2 0 6 3 7 1 3 1 1 4 0 0 2 0
21311030 525 4 3 3 1 3 1 0 2 1 0 0 0 0 1 0 3 3 4 12 3 4 6 4 3 0 1 3 3 2 0 0 0
21311031 612 10 3 1 2 2 1 2 1 3 1 2 1 0 3 1 0 0 0 0 4 4 2 3 3 5 6 1 3 6 3 12 3 2 5 3 0 0 0
21311032 517 10 1 3 1 2 3 2 1 2 3 3 1 0 1 1 0 0 0 0 3 3 4 12 4 4 0 4 5 3 0 3 1 5 3 2 0 0 2
21311033 539 9 1 2 2 3 1 2 1 3 3 1 0 2 1 0 0 0 0 3 3 3 1 0 3 0 0 4 2 0 0 1 5 1 0 12 4 2
21311035 488 6 2 3 1 2 3 1 1 0 2 1 0 0 0 0 2 2 2 3 1 3 0 4 4 5 0 6 8 12 3 6 0 0 0
21311036 574 9 1 2 3 1 2 2 3 1 3 1 0 2 1 0 0 0 0 3 3 3 3 1 0 0 3 3 0 1 5 5 4 0 12 3 2 0
21311037 518 2 3 3 1 0 1 1 0 0 0 0 0 0 2 3 6 3 0 5 2 1 2 12 1 3 0 0 0 2 0
21311038 610 3 3 3 1 1 0 2 1 0 0 0 0 1 0 2 12 4 5 2 4 3 4 0 6 0 0 1 0 3 0 0
21311039 573 5 3 2 2 1 1 1 0 3 1 0 0 0 0 2 2 1 12 3 3 0 3 5 4 0 4 5 1 2 0 0 7 0
21311040 508 1 3 1 0 1 1 0 0 0 0 0 0 1 2 5 2 0 5 4 3 0 4 1 12 3 1 0 2 0
21311041 530 8 3 3 1 1 2 3 2 1 1 0 2 1 0 0 0 0 3 2 3 12 6 3 2 4 5 1 0 0 2 3 0 0 0 1 0
21311042 486 0 1 0 3 1 0 0 0 0 0 0 0 1 4 1 6 1 4 6 4 4 2 5 0 12 2 2 0
21311043 493 6 3 2 2 2 1 1 1 0 2 1 0 0 0 0 2 3 1 2 8 5 12 6 4 1 3 1 3 4 4 0 0 0 1
21311044 486 10 2 3 3 3 1 1 1 3 1 2 1 0 2 1 0 0 0 0 4 2 4 2 4 5 12 0 1 4 5 0 2 4 1 0 0 0 2
21311045 607 5 3 2 3 1 1 1 0 2 1 0 0 0 0 2 1 2 5 5 4 0 12 3 3 1 7 6 2 0 1 0 2 0
21311046 572 5 2 1 1 2 3 1 0 3 1 0 0 0 0 2 2 1 0 0 12 3 2 6 3 1 0 1 5 2 3 0 1 2
21311047 605 7 3 1 2 2 2 3 1 1 0 1 1 0 0 0 0 2 3 2 1 0 0 0 4 2 3 3 12 7 6 3 5 5 6 3
21311048 492 1 1 1 0 2 1 0 0 0 0 1 0 0 1 3 3 4 0 5 4 12 7 5 3 2 0 3 0 0
21311049 490 9 3 2 2 1 2 3 1 1 3 1 0 3 1 0 0 0 0 3 3 3 0 12 3 6 0 2 3 6 2 2 1 1 1 0 0 0
21311050 496 7 1 3 1 2 1 2 2 1 0 2 1 0 0 0 0 3 3 1 4 4 3 3 1 6 5 1 12 7 3 0 0 2 3 0
21311051 559 10 3 1 2 2 1 2 3 1 3 3 1 0 1 1 0 0 0 0 3 3 4 0 6 0 0 2 0 6 3 0 4 4 1 0 12 5 2
21311052 535 6 2 2 3 3 2 1 1 0 2 1 0 0 0 0 1 3 2 0 1 0 0 3 3 5 1 0 12 1 3 0 0 0 3
21311053 502 8 3 3 1 1 1 1 2 2 1 0 3 1 0 0 0 0 4 2 2 4 12 4 7 3 6 3 3 2 4 8 0 0 0 0 2
21311054 549 3 1 3 3 1 0 2 1 0 0 0 0 1 0 2 0 0 6 3 0 12 3 4 1 3 7 4 0 2 1 2
21311055 590 9 2 2 3 2 1 3 1 1 3 1 0 2 1 0 0 0 0 3 3 3 6 5 3 1 7 4 3 1 12 3 2 0 0 0 3 0
21311057 553 11 3 3 1 2 3 1 2 2 2 3 1 1 0 1 1 0 0 0 0 3 4 4 3 0 0 0 12 1 3 1 6 7 4 2 3 6 3 2
21311058 621 2 3 3 1 0 2 1 0 0 0 0 0 0 2 4 8 3 1 1 8 2 1 4 3 12 3 0 0 2 0
21311059 473 11 3 3 2 2 1 3 1 1 2 3 1 1 0 2 1 0 0 0 0 4 3 4 3 3 1 12 3 4 4 1 2 5 2 3 3 3 0 0
21311060 584 5 2 3 3 2 1 1 0 1 1 0 0 0 0 1 2 2 0 0 2 0 12 4 0 1 5 5 6 2 3 3 1 0
21311061 573 7 1 2 3 1 3 1 2 3 1 5 0.33333333333333331 6 0.33333333333333331 7 0.33333333333333331 3 2 2 12 6 4 0 5 3 0 2 1 3 4 0 2 0 0 0
21311062 492 4 3 3 2 1 1 0 3 1 0 0 0 0 1 1 2 0 2 0 0 0 0 3 3 1 1 6 5 2 12 7 5
21311063 589 7 1 3 3 3 2 2 1 1 0 2 1 0 0 0 0 2 2 3 3 1 4 0 12 4 1 2 3 5 8 0 2 0 1 0
21311064 543 10 3 2 2 2 1 3 3 1 1 2 1 0 1 1 0 0 0 0 3 4 3 3 1 12 1 3 4 2 4 3 5 2 0 0 3 0 3
21311065 549 3 3 1 2 1 0 1 1 0 0 0 0 1 1 1 0 0 3 0 1 2 3 2 0 5 4 3 0 12 5 3
21311066 536 10 1 2 2 2 1 3 3 1 1 3 1 0 3 1 0 0 0 0 4 3 3 2 0 1 4 0 0 4 12 3 4 4 6 2 0 0 0
21311068 596 2 1 2 1 0 3 1 0 0 0 0 1 1 0 1 4 12 3 2 3 5 6 0 3 4 3 0 1 2 0
21311069 472 9 1 2 1 1 3 2 2 3 1 1 0 2 1 0 0 0 0 4 3 2 3 12 1 0 1 6 4 3 4 2 3 2 0 3 0 0
21311070 549 2 3 3 1 0 1 1 0 0 0 0 0 0 2 0 0 0 3 1 3 3 3 2 2 12 6 4 3 6 3
21311071 518 10 1 3 3 1 2 2 3 3 2 2 1 0 1 1 0 0 0 0 2 4 4 0 1 1 0 3 0 4 5 6 2 3 2 1 9 4 12
21311072 464 3 2 2 3 1 0 1 1 0 0 0 0 0 2 1 0 0 3 0 1 2 0 0 3 12 4 1 4 4 7 0
21311073 545 10 1 2 3 2 1 3 3 1 1 3 1 0 2 1 0 0 0 0 4 2 4 0 4 3 4 2 3 5 6 0 3 6 12 0 1 2 0
21311074 518 10 2 2 1 1 2 3 3 2 1 1 1 0 3 1 0 0 0 0 4 4 2 0 0 0 3 6 3 12 0 2 6 4 2 1 3 1 0
21311075 603 8 3 3 2 1 1 3 3 2 1 0 2 1 0 0 0 0 2 2 4 1 0 0 0 3 2 3 0 7 4 3 0 12 1 1 2
21311076 529 3 2 1 2 1 0 3 1 0 0 0 0 1 2 0 4 1 3 1 2 12 4 0 3 3 2 3 1 0 2 1
21311077 522 9 1 3 3 1 2 2 2 1 3 1 0 1 1 0 0 0 0 3 3 3 2 1 3 5 2 3 4 4 0 1 7 12 3 0 2 0
21311078 554 11 3 1 3 2 1 2 3 1 1 2 2 1 0 3 1 0 0 0 0 4 4 3 1 0 0 0 2 12 4 2 3 1 1 0 4 3 3 2
21311079 501 6 2 3 3 3 2 1 1 0 3 1 0 0 0 0 1 2 3 0 0 1 1 2 2 5 12 0 2 1 5 0 6 3 1
21311080 468 0 1 0 2 1 0 0 0 0 0 0 0 0 0 3 0 3 2 3 0 3 5 12 1 5 5 7 1
21311081 605 9 3 2 3 2 3 1 1 2 1 1 0 2 1 0 0 0 0 3 3 3 3 0 0 0 4 3 1 0 0 6 4 4 0 12 5 3
21311082 663 5 3 2 2 3 1 1 0 2 1 0 0 0 0 1 2 2 1 2 3 12 5 4 4 8 0 0 3 5 0 0 1 1
21311083 527 2 1 3 1 0 1 1 0 0 0 0 1 0 1 3 0 2 2 3 6 4 2 3 2 4 1 0 1 4 12
21311084 504 4 1 2 2 2 1 0 1 1 0 0 0 0 1 3 0 12 4 0 0 6 4 3 0 3 6 3 1 3 0 1 2
21311085 531 1 3 1 0 1 1 0 0 0 0 0 0 1 0 2 1 12 3 6 7 3 0 6 5 3 2 0 0 4
21311086 556 1 3 1 0 2 1 0 0 0 0 0 0 1 0 0 0 2 0 1 0 6 1 3 3 7 2 1 6 12
21311087 575 1 2 1 0 2 1 0 0 0 0 0 1 0 0 0 0 1 3 6 3 4 0 3 5 1 0 3 5 12
21311089 572 9 2 3 1 1 3 3 1 2 1 1 0 3 1 0 0 0 0 4 2 3 3 12 5 2 2 2 3 5 3 1 3 0 1 2 0 0
21311090 534 0 1 0 2 1 0 0 0 0 0 0 0 0 0 1 1 3 2 3 2 1 4 3 5 0 4 5 12
21311091 574 4 3 1 2 2 1 0 3 1 0 0 0 0 1 2 1 3 6 4 2 12 5 2 1 1 5 3 0 0 0 0 1
21311092 591 9 2 3 3 1 2 3 2 1 2 1 0 3 1 0 0 0 0 2 4 3 1 0 12 4 0 3 5 3 0 1 5 3 0 1 2 0
21311093 484 3 1 2 1 1 0 3 1 0 0 0 0 2 1 0 0 0 3 0 0 3 3 12 3 1 5 8 3 2 3 2
21311094 516 10 2 3 1 3 1 2 2 3 2 1 3 1 5 0.33333333333333331 6 0.33333333333333331 7 0.33333333333333331 3 4 3 0 0 1 0 3 2 5 3 0 3 3 4 0 12 4 1
21311095 517 8 2 3 2 3 2 1 2 1 1 0 1 1 0 0 0 0 2 4 2 3 0 1 3 12 0 3 0 8 6 5 3 3 5 4 3
21311097 519 9 1 2 2 1 1 3 1 3 3 1 0 3 1 0 0 0 0 4 2 3 12 7 4 2 3 5 4 0 3 0 0 0 2 4 0 0
21311098 626 10 1 3 1 3 1 1 2 3 2 2 1 0 3 1 0 0 0 0 4 3 3 2 3 5 3 3 3 12 0 5 0 0 3 1 2 0 0
21311099 522 7 3 1 1 2 1 2 2 1 0 3 1 0 0 0 0 3 3 1 0 0 1 0 0 3 6 0 0 1 5 2 2 12 5 4
21311100 603 11 2 3 2 1 2 1 3 1 2 3 3 1 0 1 1 0 0 0 0 3 4 4 4 12 6 0 4 6 3 0 4 4 0 0 1 0 0 2
21311101 516 0 1 0 3 1 0 0 0 0 0 0 0 6 12 3 1 0 3 5 2 5 2 3 2 0 1 3 1
21311102 558 6 2 1 1 2 2 1 1 0 3 1 0 0 0 0 3 3 0 12 7 2 0 3 5 3 0 3 5 3 1 0 0 3 0
21311103 505 9 3 2 3 2 3 1 1 2 1 1 0 2 1 0 0 0 0 3 3 3 0 1 0 3 2 1 4 0 1 5 2 0 12 3 2 1
21311104 560 2 2 1 1 0 3 1 0 0 0 0 1 1 0 0 2 1 0 0 0 3 3 0 1 5 5 2 4 4 12
21311105 522 10 2 1 1 3 2 1 3 3 3 2 1 0 2 1 0 0 0 0 3 3 4 0 0 2 2 0 1 5 2 1 5 5 1 0 1 12 3
21311106 591 1 1 1 0 2 1 0 0 0 0 1 0 0 0 3 5 12 0 3 3 4 1 2 4 5 0 2 0 1
21311108 550 8 3 3 2 2 1 3 1 1 1 0 2 1 0 0 0 0 3 2 3 2 0 0 0 5 3 0 0 4 4 6 3 12 5 1 3
21311109 603 0 3 1 4 0.33333333333333331 5 0.33333333333333331 6 0.33333333333333331 0 0 0 0 1 2 2 0 1 2 3 3 4 7 4 1 3 5 12
21311110 572 5 1 1 1 1 2 1 0 2 1 0 0 0 0 4 1 0 3 2 4 12 0 3 6 3 0 4 2 3 0 0 5 0
21311112 532 9 3 1 2 1 3 2 3 2 2 1 0 1 1 0 0 0 0 2 4 3 1 0 3 0 3 4 3 2 7 6 4 1 12 2 1 0
21311113 637 8 1 2 1 1 2 2 2 3 1 0 3 1 0 0 0 0 3 4 1 12 7 5 0 4 5 3 0 3 0 3 1 3 0 0 0
21311114 479 0 1 0 2 1 0 0 0 0 0 0 0 4 1 3 3 0 12 2 3 0 5 5 0 0 0 1 3
21311115 460 10 1 1 1 3 3 3 2 2 1 3 1 0 2 1 0 0 0 0 4 2 4 2 12 6 3 4 1 3 2 2 3 4 3 0 1 0 0
21311116 617 3 1 1 3 1 0 2 1 0 0 0 0 2 0 1 6 3 3 2 0 5 4 3 1 1 3 12 0 3 2 2
21311117 533 0 1 0 1 1 0 0 0 0 0 0 0 12 4 2 3 7 5 0 0 5 2 1 0 0 0 3 0
21311118 549 10 2 1 2 1 1 3 1 3 2 3 1 0 2 1 0 0 0 0 4 3 3 3 1 7 12 0 3 5 4 0 3 2 2 0 1 0 0
21311119 561 4 3 3 3 1 1 0 2 1 0 0 0 0 1 0 3 0 2 4 1 0 4 6 5 0 4 5 7 3 6 7 12
21311120 516 1 3 1 0 1 1 0 0 0 0 0 0 1 2 4 2 1 12 2 4 2 1 4 1 0 0 0 0 3
21311121 581 5 1 1 2 3 1 1 0 1 1 0 0 0 0 3 1 1 0 0 4 2 3 4 3 0 2 5 2 4 0 2 1 12
21311122 580 7 3 2 1 2 2 1 1 1 0 3 1 0 0 0 0 3 3 1 0 0 1 0 0 0 4 4 2 0 4 3 3 3 3 12
21311123 537 11 3 2 1 1 3 2 3 1 2 1 2 1 0 3 1 0 0 0 0 4 4 3 1 3 4 3 2 4 1 2 0 5 12 5 3 3 0 0
21311124 591 1 3 1 0 2 1 0 0 0 0 0 0 1 0 6 2 3 2 6 5 1 8 5 4 1 3 12 4 1
21311125 615 8 3 3 2 1 2 3 1 1 1 0 2 1 0 0 0 0 3 2 3 0 3 3 12 0 2 3 7 3 1 0 4 0 2 0 1
21311126 549 7 1 2 1 1 1 3 2 1 0 2 1 0 0 0 0 4 2 1 0 0 3 5 0 0 2 6 1 3 4 2 4 12 3 3
21311127 599 3 1 3 2 1 0 3 1 0 0 0 0 1 1 1 3 5 12 1 6 5 2 0 5 3 2 0 1 3 0 0
21311128 586 0 1 0 2 1 0 0 0 0 0 0 0 12 6 1 3 1 4 0 0 5 1 7 2 0 0 2 0
21311129 501 8 2 2 1 3 1 2 3 1 1 0 2 1 0 0 0 0 3 3 2 12 3 4 2 3 6 3 1 3 5 1 0 0 3 0 0
21311130 551 5 1 1 3 1 2 1 0 3 1 0 0 0 0 3 1 1 3 1 0 0 2 3 2 2 5 5 7 0 12 4 5 0
21311131 576 7 3 3 2 2 3 1 1 1 0 1 1 0 0 0 0 2 2 3 7 6 7 12 0 2 5 7 2 4 4 3 1 3 3 0
21311132 470 11 3 1 1 2 2 1 2 3 2 3 1 1 0 3 1 0 0 0 0 4 4 3 2 1 0 0 4 2 1 2 4 6 4 3 12 5 1 0
21311133 625 3 1 3 3 1 0 2 1 0 0 0 0 1 0 2 0 3 1 12 2 2 4 5 0 3 6 7 0 0 1 3
21311134 524 9 2 2 3 3 2 1 2 3 1 1 0 1 1 0 0 0 0 2 4 3 2 4 2 12 0 4 8 1 1 0 1 4 0 3 0 0
21311135 566 11 1 2 3 2 3 1 2 3 2 3 1 1 0 1 1 0 0 0 0 3 4 4 4 5 12 1 3 4 3 2 3 3 0 0 0 1 0 2
21311136 574 3 1 3 3 1 0 2 1 0 0 0 0 1 0 2 2 0 0 0 2 1 4 4 3 1 6 7 0 4 4 12
21311137 621 1 3 1 0 1 1 0 0 0 0 0 0 1 4 6 12 0 1 5 1 0 2 4 6 2 3 0 3 2
21311138 554 0 1 0 1 1 0 0 0 0 0 0 0 0 12 5 4 2 4 4 2 0 3 2 1 0 1 0 0
21311139 609 3 2 3 3 3 1 6 0.33333333333333331 7 0.33333333333333331 8 0.33333333333333331 0 1 2 0 2 0 3 12 4 3 0 4 1 1 0 1 4 2 3
21311140 562 0 1 0 1 1 0 0 0 0 0 0 0 2 5 7 8 2 5 2 0 12 1 6 1 0 0 3 0
21311141 593 0 1 0 1 1 0 0 0 0 0 0 0 3 1 3 7 2 5 12 0 4 4 5 0 3 2 0 3
21311142 502 4 3 2 3 1 1 0 3 1 0 0 0 0 1 1 2 1 4 3 5 6 5 3 0 12 5 3 0 0 0 2 0
21311143 613 1 2 1 0 3 1 0 0 0 0 0 1 0 0 0 1 0 0 5 2 4 0 3 4 1 6 6 8 12
21311144 579 5 1 3 3 2 1 1 0 1 1 0 0 0 0 2 1 2 0 2 0 0 0 3 2 5 0 3 0 5 2 1 4 12
21311145 544 1 1 1 0 1 1 0 0 0 0 1 0 0 0 2 5 12 0 3 5 8 3 2 3 4 1 0 0 2
21311146 614 4 2 2 3 1 1 0 3 1 0 0 0 0 1 2 1 1 3 0 0 6 4 3 2 8 4 1 0 12 4 3 0
21311147 585 2 3 3 1 0 2 1 0 0 0 0 0 0 2 0 0 2 1 0 0 6 3 0 0 5 4 1 5 3 12
21311148 639 5 3 3 3 1 1 1 0 2 1 0 0 0 0 2 0 3 3 6 3 0 12 4 5 0 2 4 0 2 0 0 0 1
21311149 605 10 1 3 1 1 2 3 3 2 3 2 1 0 1 1 0 0 0 0 3 3 4 0 3 2 2 4 1 3 0 5 4 3 0 12 7 5 0
21311150 551 11 1 3 2 2 3 1 3 2 2 1 3 1 0 1 1 0 0 0 0 3 4 4 3 6 3 0 3 1 5 4 2 6 5 1 2 12 3 0
21311151 574 6 2 3 3 3 1 1 1 0 2 1 0 0 0 0 2 1 3 2 12 6 3 0 3 7 3 0 0 3 4 0 0 1 0
21311152 584 3 2 1 3 1 0 2 1 0 0 0 0 1 1 1 0 3 2 1 2 3 4 6 1 2 5 1 0 12 7 1
21311153 603 7 3 1 3 2 1 2 1 1 0 3 1 0 0 0 0 3 2 2 12 4 2 1 6 2 2 0 1 4 1 0 3 0 2 0
21311154 627 7 3 2 3 1 1 1 2 1 0 2 1 0 0 0 0 3 2 2 12 3 2 0 5 1 5 3 3 3 3 0 2 1 0 0
21311155 499 9 1 1 2 3 3 1 2 1 2 1 0 3 1 0 0 0 0 4 3 2 3 3 1 3 8 12 6 0 5 4 2 6 1 2 2 0
21311156 505 5 3 1 2 2 1 1 0 1 1 0 0 0 0 2 2 1 3 2 0 0 5 5 1 0 12 5 3 2 0 0 0 3
21311157 510 1 3 1 0 1 1 0 0 0 0 0 0 1 12 5 5 3 3 7 3 2 4 3 1 0 0 2 3 0
21311158 578 0 1 0 3 1 0 0 0 0 0 0 0 12 6 5 0 6 3 2 0 4 4 0 1 0 0 0 3
21311159 531 0 1 0 3 1 0 0 0 0 0 0 0 12 7 6 0 1 3 4 0 0 3 3 1 2 0 2 0
21311160 496 11 3 2 2 3 1 2 3 3 1 1 1 1 0 2 1 0 0 0 0 4 3 4 0 0 0 6 0 4 7 12 2 5 3 4 3 2 1 1
21311161 573 7 2 3 1 3 1 2 1 1 0 2 1 0 0 0 0 3 2 2 0 0 0 2 12 3 1 3 4 3 4 2 5 1 0 0
21311162 577 1 3 1 0 3 1 0 0 0 0 0 0 1 0 4 5 12 0 4 4 5 3 3 3 2 0 1 0 0
21311163 500 8 2 3 1 3 3 2 2 1 1 0 2 1 0 0 0 0 2 3 3 0 3 4 1 0 1 6 3 1 1 6 12 4 3 2 2
21311164 529 2 1 2 1 0 1 1 0 0 0 0 1 1 0 12 3 3 0 3 7 4 2 2 1 3 1 2 0 0 0
21311165 534 11 3 1 2 2 3 2 1 1 1 2 3 1 0 3 1 0 0 0 0 4 4 3 2 1 0 0 2 3 1 0 7 4 2 0 12 7 4 1
21311166 599 6 2 3 3 1 2 2 1 0 1 1 0 0 0 0 1 3 2 4 3 12 3 3 2 1 1 4 5 0 0 2 4 1 0
21311167 562 10 2 1 3 2 3 1 1 2 2 1 1 0 3 1 0 0 0 0 4 4 2 3 1 3 0 2 3 4 0 1 4 2 3 3 12 4 0
21311168 556 10 1 1 3 3 3 2 3 1 2 1 1 0 2 1 0 0 0 0 4 2 4 3 3 0 0 4 5 1 0 4 2 6 1 2 5 12 2
21311169 568 6 2 2 3 2 1 1 1 0 3 1 0 0 0 0 2 3 1 3 3 12 1 0 4 6 3 5 4 7 2 0 0 3 1
21311170 509 8 2 1 2 3 3 1 3 3 1 0 1 1 0 0 0 0 2 2 4 2 1 4 12 0 5 3 5 0 2 4 2 0 0 0 1
21311171 484 1 2 1 0 2 1 0 0 0 0 0 1 0 4 4 3 0 5 4 1 0 12 3 0 4 1 0 0 0
21311172 489 1 2 1 0 1 1 0 0 0 0 0 1 0 1 5 12 0 4 4 2 0 7 5 3 1 3 2 3 0
21311173 552 3 3 3 3 1 0 2 1 0 0 0 0 0 0 3 1 4 4 12 0 2 4 3 0 1 3 5 0 3 0 0
21311174 492 7 2 3 2 2 3 1 3 1 0 1 1 0 0 0 0 1 3 3 0 0 0 1 0 0 0 5 2 4 5 6 1 0 3 12
21311175 626 11 2 3 1 2 1 2 3 1 1 2 3 1 0 3 1 0 0 0 0 4 4 3 2 1 8 2 0 3 4 12 0 7 3 5 3 8 1 3
21311176 547 3 2 1 3 1 0 3 1 0 0 0 0 1 1 1 12 4 3 2 7 4 6 0 4 2 1 0 1 0 0 0
21311177 539 0 1 0 1 1 0 0 0 0 0 0 0 1 1 2 3 2 7 6 5 2 3 4 12 0 0 0 3
21311178 598 5 3 2 3 1 2 1 0 2 1 0 0 0 0 1 2 2 1 12 4 0 3 4 6 3 1 2 1 3 0 4 3 0
21311179 541 9 2 1 3 2 1 3 3 3 1 1 0 1 1 0 0 0 0 3 2 4 0 0 0 2 0 0 1 3 0 3 5 2 2 12 6 3
21311180 501 11 2 2 3 1 1 2 1 1 2 3 3 1 0 3 1 0 0 0 0 4 4 3 3 6 12 0 3 3 3 0 3 5 2 0 0 3 3 1
21311181 595 3 3 3 1 1 0 3 1 0 0 0 0 1 0 2 2 3 1 0 1 4 0 0 3 6 5 2 4 12 0 2
21311182 510 1 3 1 0 2 1 0 0 0 0 0 0 1 1 3 1 0 3 5 3 0 12 7 3 2 0 1 0 2
21311183 518 4 2 3 2 3 1 0 1 1 0 0 0 0 0 2 2 3 4 3 0 12 7 1 0 3 2 3 4 0 1 2 1
21311184 599 5 3 2 2 2 3 1 0 3 1 0 0 0 0 0 3 2 0 0 1 0 1 3 1 3 6 3 1 2 12 5 4 0
21311185 485 2 1 1 1 0 2 1 0 0 0 0 2 0 0 3 3 3 12 3 5 6 5 0 3 4 6 0 2 0 3
21311186 492 2 2 1 1 0 3 1 0 0 0 0 1 1 0 12 1 4 0 4 4 7 0 3 4 1 3 0 0 2 2
21311187 569 7 1 2 3 3 3 2 1 1 0 2 1 0 0 0 0 2 2 3 0 3 0 0 1 1 0 4 0 2 0 3 0 3 6 12
21311188 574 0 1 0 1 1 0 0 0 0 0 0 0 1 0 2 0 2 4 4 0 12 5 1 3 1 2 3 2
21311189 644 0 1 0 1 1 0 0 0 0 0 0 0 1 0 0 3 0 0 3 2 2 3 7 4 1 12 8 2
21311190 527 6 3 2 2 1 2 3 1 0 1 1 0 0 0 0 1 3 2 0 0 0 3 1 4 1 4 0 12 3 3 2 5 4 3
21311191 596 7 3 3 2 1 1 1 3 1 0 2 1 0 0 0 0 3 1 3 4 6 12 0 3 3 1 3 5 0 2 6 0 0 2 0
21311192 619 4 1 1 1 3 3 1 4 0.33333333333333331 5 0.33333333333333331 6 0.33333333333333331 3 0 1 1 2 3 2 0 2 4 12 0 3 5 6 3 0 2 0
21311193 546 6 3 1 1 2 1 3 1 0 2 1 0 0 0 0 3 1 2 12 3 5 3 5 7 7 2 4 3 3 0 0 1 0 2
21311194 538 2 1 1 1 0 3 1 0 0 0 0 2 0 0 12 2 0 3 4 4 5 1 3 3 2 0 0 2 0 3
21311195 549 4 2 1 1 3 1 0 1 1 0 0 0 0 2 1 1 2 0 0 0 3 1 2 3 2 4 6 0 12 3 0 0
21311196 622 3 1 3 1 1 0 3 1 0 0 0 0 2 0 1 2 2 0 0 12 4 0 0 5 6 4 1 4 4 2 3
21311197 518 4 3 2 3 1 1 0 1 1 0 0 0 0 1 1 2 0 4 7 12 2 2 5 6 2 0 4 4 0 0 1 1
21311198 552 4 3 2 3 2 1 0 1 1 0 0 0 0 0 2 2 1 2 0 0 3 3 8 7 0 1 3 12 0 3 1 2
21311199 532 4 1 3 3 3 3 1 7 0.33333333333333331 8 0.33333333333333331 9 0.33333333333333331 1 0 3 12 5 4 0 4 6 3 0 4 5 1 2 0 0 2 0
21311200 538 6 1 1 3 2 1 2 1 0 2 1 0 0 0 0 3 2 1 0 2 0 0 3 4 7 1 0 3 6 12 3 4 5 7
