21310001 846 8 1 3 3 2 2 3 3 1 1 0 2 1 0 0 0 0 2 2 4 0 0 0 1 2 1 8 3 0 0 5 3 0 3 3 13
21310002 925 6 3 3 2 2 3 2 1 0 1 1 0 0 0 0 0 3 3 0 1 1 0 2 4 5 6 1 4 7 0 3 5 13 0
21310003 863 8 1 1 2 1 2 1 2 3 1 0 3 1 0 0 0 0 4 3 1 2 2 4 13 1 4 7 4 3 3 0 0 3 0 0 0
21310005 997 6 2 1 2 1 3 3 3 1 4 0.33333333333333331 5 0.33333333333333331 6 0.33333333333333331 2 2 2 2 3 3 0 9 3 2 0 13 6 4 1 4 3 4 1
21310007 834 0 1 0 3 1 0 0 0 0 0 0 0 1 2 3 4 3 4 7 13 1 3 3 2 0 0 2 1
21310008 742 11 2 3 1 2 3 2 3 2 1 3 1 1 0 1 1 0 0 0 0 3 4 4 0 0 0 2 1 1 3 13 4 6 4 2 7 3 3 3
21310009 912 3 2 2 1 1 0 1 1 0 0 0 0 1 2 0 0 1 4 4 0 13 2 5 3 1 0 3 2 0 0 4
21310010 970 3 2 1 3 1 0 3 1 0 0 0 0 1 1 1 1 0 2 0 3 2 0 0 4 2 1 0 3 5 13 1
21310011 954 4 2 3 1 1 1 0 2 1 0 0 0 0 2 1 1 2 1 4 0 5 3 0 3 13 5 3 0 0 1 2 0
21310012 945 4 1 1 2 3 1 0 2 1 0 0 0 0 2 1 1 5 4 13 1 3 4 3 3 0 2 0 8 3 0 0 0
21310013 838 2 1 3 1 0 2 1 0 0 0 0 1 0 1 1 3 6 3 2 4 3 4 0 2 3 13 0 1 0 0
21310014 922 10 3 1 1 3 2 2 3 1 1 2 1 0 3 1 0 0 0 0 4 3 3 3 7 2 1 3 4 3 3 0 4 3 13 0 0 2 0
21310015 942 11 1 2 1 1 2 2 3 1 2 3 3 1 0 3 1 0 0 0 0 4 4 3 0 0 8 9 3 3 5 13 0 3 4 2 0 0 1 4
21310016 1007 6 2 1 1 3 3 1 1 0 1 1 0 0 0 0 3 1 2 0 2 8 13 0 1 5 2 2 3 5 2 3 2 0 1
21310017 930 4 1 1 3 2 1 0 2 1 0 0 0 0 2 1 1 3 5 13 2 2 9 1 0 3 5 1 0 3 7 0 0
21310018 1070 2 2 2 1 0 3 1 0 0 0 0 0 2 0 4 3 3 0 7 4 4 1 13 3 1 3 2 0 1 0
21310019 839 0 1 0 3 1 0 0 0 0 0 0 0 0 1 1 0 3 6 4 2 4 7 4 2 3 3 8 13
21310022 822 11 2 3 1 3 1 1 2 2 3 3 1 1 0 2 1 0 0 0 0 4 3 4 0 2 1 0 3 1 3 4 0 13 5 4 0 2 3 3
21310023 1128 2 1 2 1 0 3 1 0 0 0 0 1 1 0 1 0 0 0 3 0 0 0 2 4 5 3 13 4 2 1
21310025 1009 0 1 0 2 1 0 0 0 0 0 0 0 5 2 3 13 3 4 3 1 1 1 3 3 0 4 0 2
21310026 1027 0 1 0 3 1 0 0 0 0 0 0 0 0 0 0 2 1 1 4 4 6 4 8 7 2 1 2 13
21310027 786 6 1 1 3 1 3 2 1 0 3 1 0 0 0 0 3 1 2 0 1 0 0 0 0 4 2 0 5 4 5 2 3 2 13
21310028 967 2 1 3 1 0 2 1 0 0 0 0 1 0 1 3 3 4 2 1 1 6 13 0 0 3 2 3 0 0 0
21310031 952 0 1 0 3 1 0 0 0 0 0 0 0 2 2 5 4 8 13 0 0 3 0 1 0 0 0 0 1
21310032 1006 8 2 3 1 3 3 2 1 1 1 0 2 1 0 0 0 0 3 2 3 0 1 8 4 0 1 3 13 2 0 4 2 0 0 3 5
21310033 996 3 1 2 2 1 0 1 1 0 0 0 0 1 2 0 1 0 2 3 2 3 4 1 0 4 2 5 0 3 1 13
21310034 818 8 2 3 3 1 1 2 2 1 1 0 3 1 0 0 0 0 3 3 2 0 0 3 2 1 5 13 1 2 3 5 3 0 4 3 4
21310035 951 11 3 1 1 2 3 2 1 1 3 2 2 1 0 3 1 0 0 0 0 4 4 3 13 7 1 0 3 4 3 0 1 2 3 2 0 3 0 0
21310037 954 0 1 0 2 1 0 0 0 0 0 0 0 2 4 13 0 2 6 1 0 3 1 1 4 0 3 1 2
21310039 880 10 2 1 1 3 3 3 1 2 1 2 1 0 3 1 0 0 0 0 4 3 3 1 0 0 2 3 13 1 0 6 3 5 2 3 2 3 0
21310040 921 4 3 1 2 3 1 0 2 1 0 0 0 0 1 1 2 4 2 3 2 1 3 6 3 13 1 4 3 0 1 3 3
21310041 767 10 2 3 1 1 2 1 2 3 1 2 1 0 3 1 0 0 0 0 4 4 2 1 2 3 13 0 5 1 2 0 6 4 3 0 0 8 3
21310044 871 5 1 2 3 2 2 1 0 3 1 0 0 0 0 1 3 1 1 3 0 0 2 4 3 4 13 8 3 1 3 8 4 1
21310045 841 10 2 1 3 3 3 3 1 2 2 1 1 0 2 1 0 0 0 0 3 3 4 1 0 4 0 2 3 5 4 3 1 8 13 0 3 3 3
21310047 907 0 1 0 1 1 0 0 0 0 0 0 0 4 2 4 13 3 5 1 6 0 3 3 2 0 3 0 0
21310049 979 3 3 1 2 1 0 3 1 0 0 0 0 1 1 1 3 9 1 13 1 4 4 2 2 1 6 2 0 0 0 3
21310052 913 2 3 1 1 0 3 1 0 0 0 0 1 0 1 4 2 2 0 3 3 7 1 1 4 4 5 3 13 2 0
21310053 917 6 2 3 1 1 3 2 1 0 2 1 0 0 0 0 2 2 2 13 3 0 2 3 4 1 0 5 7 3 1 3 0 0 0
21310054 918 4 3 2 2 1 1 0 2 1 0 0 0 0 1 2 1 0 1 4 13 3 0 4 4 0 3 8 3 0 0 1 3
21310055 822 7 3 1 1 2 1 1 2 1 0 3 1 0 0 0 0 4 2 1 0 3 0 0 2 3 13 3 7 4 3 0 2 4 4 0
21310056 878 5 2 3 1 2 1 1 0 3 1 0 0 0 0 2 2 1 0 2 13 4 0 4 5 3 0 3 4 1 1 0 2 0
21310060 882 11 2 3 3 1 1 2 2 2 1 1 3 1 0 3 1 0 0 0 0 4 4 3 1 6 2 2 7 5 3 1 9 13 7 0 4 1 4 2
21310061 755 0 1 0 1 1 0 0 0 0 0 0 0 3 0 0 0 6 13 3 1 2 6 3 2 3 5 4 0
21310062 871 4 1 2 2 1 1 0 1 1 0 0 0 0 2 2 0 3 13 6 8 4 3 7 0 1 7 2 0 2 4 0 0
21310063 930 9 2 3 2 2 1 3 2 1 3 1 0 1 1 0 0 0 0 2 4 3 1 1 2 0 0 13 1 1 0 3 2 5 0 3 2 0
21310066 924 2 1 2 1 0 2 1 0 0 0 0 1 1 0 0 0 1 8 0 2 2 13 1 0 8 5 4 3 1 3
21310067 1010 5 3 1 1 1 3 3 1 6 0.33333333333333331 7 0.33333333333333331 8 0.33333333333333331 3 0 2 6 4 2 2 5 7 2 3 3 4 2 2 1 13 3 1
21310069 913 11 3 3 2 2 1 3 1 2 1 3 1 1 0 2 1 0 0 0 0 4 3 4 3 1 0 0 2 2 3 2 7 7 5 2 1 13 1 1
21310070 903 8 1 2 1 3 3 1 3 2 1 0 3 1 0 0 0 0 3 2 3 2 3 4 13 2 7 6 3 0 3 4 1 2 0 1 0
21310071 863 8 1 3 2 1 3 3 2 3 1 0 2 1 0 0 0 0 2 2 4 5 13 4 0 3 1 2 1 1 0 0 0 2 0 0 0
21310074 925 5 1 3 1 1 2 1 0 2 1 0 0 0 0 3 1 1 5 9 8 2 13 7 4 3 2 0 0 4 0 0 1 0
21310078 930 4 2 1 3 1 1 0 2 1 0 0 0 0 2 1 1 0 3 13 2 7 8 1 1 6 4 5 3 0 2 4 3
21310079 922 2 3 3 1 0 2 1 0 0 0 0 0 0 2 3 4 4 13 1 1 5 7 0 0 3 4 0 0 2 0
21310080 1022 1 2 1 0 3 1 0 0 0 0 0 1 0 0 0 1 0 3 2 4 1 4 6 13 1 3 4 2 0
21310082 859 9 2 3 2 1 3 3 2 2 1 1 0 1 1 0 0 0 0 2 4 3 1 5 3 4 13 2 3 0 1 3 7 3 3 3 0 0
21310085 993 2 1 3 1 0 2 1 0 0 0 0 1 0 1 0 1 0 0 3 2 0 0 3 4 5 3 13 2 3 1
21310086 891 3 2 2 1 1 0 2 1 0 0 0 0 1 2 0 5 13 7 3 4 4 6 0 4 1 3 0 1 1 2 0
21310087 712 4 2 3 1 1 1 0 3 1 0 0 0 0 2 1 1 0 0 1 3 0 0 2 5 3 3 5 3 4 3 13 2
21310089 949 6 3 2 2 1 2 1 3 1 8 0.33333333333333331 9 0.33333333333333331 10 0.33333333333333331 2 3 1 1 4 1 13 3 8 6 4 0 2 4 2 0 0 3 1
21310090 843 5 1 3 3 3 2 3 1 8 0.33333333333333331 9 0.33333333333333331 10 0.33333333333333331 1 1 3 13 5 4 1 3 4 3 2 7 3 3 0 0 3 0 0
21310091 979 2 3 1 1 0 3 1 0 0 0 0 1 0 1 2 3 13 0 3 3 3 2 2 4 1 4 0 1 3 0
21310092 934 9 2 1 3 2 1 3 2 3 2 1 0 1 1 0 0 0 0 2 4 3 2 13 1 3 3 8 3 1 2 4 6 3 1 2 1 0
21310093 912 2 2 3 1 0 1 1 0 0 0 0 0 1 1 1 3 3 2 7 5 4 3 13 6 4 2 0 3 1 0
21310094 899 9 2 1 3 3 1 1 1 2 2 3 1 8 0.33333333333333331 9 0.33333333333333331 10 0.33333333333333331 4 3 2 3 0 0 0 2 0 0 3 1 4 2 0 13 6 3 4
21310095 783 5 2 1 3 3 2 1 0 1 1 0 0 0 0 1 2 2 0 2 3 8 3 1 4 5 0 4 2 13 0 0 0 1
21310096 1040 2 3 3 1 0 1 1 0 0 0 0 0 0 2 2 2 4 13 0 5 1 1 1 3 2 1 2 2 0 0
21310097 913 4 1 3 1 1 1 0 3 1 0 0 0 0 3 0 1 5 2 1 0 2 3 3 0 4 13 2 1 3 4 2 2
21310098 930 9 3 2 1 2 3 1 2 1 1 1 0 3 1 0 0 0 0 4 3 2 3 2 0 0 3 6 4 3 3 5 13 0 3 3 0 3
21310101 857 9 2 3 3 2 3 1 3 2 1 3 1 5 0.33333333333333331 6 0.33333333333333331 7 0.33333333333333331 2 3 4 0 7 1 0 3 3 3 0 4 4 2 1 13 3 5 0
21310102 975 4 1 2 1 3 1 0 3 1 0 0 0 0 2 1 1 13 4 3 2 3 4 3 6 9 6 4 0 3 0 0 0
21310103 872 8 2 2 3 1 1 1 3 3 1 0 2 1 0 0 0 0 3 2 3 0 1 0 4 2 6 1 2 0 6 7 2 1 7 13 3
21310104 917 3 3 1 3 1 0 1 1 0 0 0 0 1 0 2 4 4 5 3 6 2 7 8 13 2 2 1 0 3 2 1
21310107 947 5 2 1 2 2 1 1 0 3 1 0 0 0 0 2 3 0 0 3 4 0 0 3 7 13 0 5 3 5 1 2 1 4
21310108 926 8 2 3 3 2 1 2 3 1 1 0 1 1 0 0 0 0 2 3 3 3 13 3 0 3 3 1 2 2 2 7 1 1 3 0 0
21310109 806 6 1 3 2 3 2 1 1 0 3 1 0 0 0 0 2 2 2 0 1 2 0 4 0 3 2 5 3 4 0 13 5 3 1
21310110 1098 3 3 2 1 1 0 1 1 0 0 0 0 1 1 1 3 13 1 0 4 3 0 2 3 4 6 0 2 3 0 0
21310111 915 0 1 0 1 1 0 0 0 0 0 0 0 0 7 8 0 2 3 6 3 3 13 4 0 1 3 2 6
21310112 999 11 3 2 2 3 1 1 2 3 2 1 1 1 0 3 1 0 0 0 0 4 4 3 13 8 3 3 4 4 6 0 3 0 0 2 0 0 1 0
21310113 904 10 2 2 3 2 1 1 3 3 2 1 1 0 1 1 0 0 0 0 3 4 3 4 4 3 1 4 5 7 13 0 0 3 2 0 0 0 8
21310114 952 9 2 3 2 2 3 1 3 3 2 1 0 1 1 0 0 0 0 1 4 4 1 3 3 3 0 0 13 1 2 6 4 4 0 0 1 6
21310116 946 5 3 2 1 2 3 1 0 1 1 0 0 0 0 1 2 2 2 4 0 0 1 7 3 0 3 2 5 2 13 1 3 1
21310117 1042 1 1 3 1 5 0.33333333333333331 6 0.33333333333333331 7 0.33333333333333331 1 0 0 2 8 1 2 4 5 13 0 2 3 1 1 2 0 3 0
21310118 1008 4 3 3 3 2 1 0 2 1 0 0 0 0 0 1 3 0 0 3 2 0 1 4 6 1 1 7 7 3 4 6 13
21310119 782 6 1 3 2 2 3 1 1 0 1 1 0 0 0 0 2 2 2 0 0 5 1 3 2 13 3 3 1 6 2 0 2 3 3
21310120 899 3 3 1 2 1 0 1 1 0 0 0 0 1 1 1 2 0 0 0 0 0 1 2 2 0 1 4 0 3 13 6
21310122 864 2 3 2 1 0 1 1 0 0 0 0 0 1 1 3 13 3 1 2 4 5 3 3 3 1 0 2 0 0 3
21310123 746 1 3 1 0 2 1 0 0 0 0 0 0 1 0 0 0 3 2 13 1 0 4 1 6 2 4 3 0 1
21310124 886 11 2 3 3 1 1 3 1 3 1 2 2 1 0 2 1 0 0 0 0 4 3 4 2 4 6 13 3 0 4 8 0 0 3 2 0 1 1 0
21310125 949 0 1 0 3 1 0 0 0 0 0 0 0 3 2 0 0 4 6 3 4 6 3 1 6 13 4 2 1
21310126 1032 10 2 1 2 3 2 3 1 3 1 2 1 0 3 1 0 0 0 0 3 4 3 1 8 0 0 5 3 13 0 4 4 1 2 3 7 3 6
21310127 920 1 3 1 0 1 1 0 0 0 0 0 0 1 2 2 5 3 0 4 1 2 1 8 4 5 0 5 13 3
21310128 831 10 2 3 2 2 1 3 3 1 1 3 1 0 1 1 0 0 0 0 3 3 4 2 0 0 1 0 4 2 13 1 4 6 2 0 0 3 3
21310129 958 7 1 2 1 3 1 2 3 1 0 1 1 0 0 0 0 3 2 2 2 3 4 2 13 1 4 0 2 6 7 1 3 3 3 2
21310133 976 2 2 3 1 0 3 1 0 0 0 0 0 1 1 0 0 3 6 0 2 5 3 1 2 7 3 0 1 1 13
21310136 883 2 3 2 1 0 1 1 0 0 0 0 0 1 1 13 3 4 3 9 5 3 0 3 3 1 0 0 2 0 0
21310137 979 2 2 3 1 0 1 1 0 0 0 0 0 1 1 3 0 0 0 4 2 0 0 3 4 3 1 13 2 3 1
21310138 941 9 2 2 2 1 3 2 1 3 1 1 0 1 1 0 0 0 0 3 4 2 13 1 5 3 3 3 3 2 3 3 0 0 3 0 0 0
21310139 925 7 2 1 2 1 3 2 2 1 0 3 1 0 0 0 0 2 4 1 0 6 4 13 1 1 4 5 3 0 4 6 0 0 0 3
21310141 883 3 1 1 2 1 0 3 1 0 0 0 0 2 1 0 3 1 3 0 0 3 7 2 1 2 3 3 2 4 4 13
21310144 932 1 1 1 0 2 1 0 0 0 0 1 0 0 0 2 3 0 0 5 3 13 3 4 3 1 3 2 1 4
21310146 855 4 3 3 1 1 1 0 3 1 0 0 0 0 2 0 2 2 1 2 3 1 3 3 3 3 13 5 2 0 0 6 2
21310147 919 1 2 1 0 2 1 0 0 0 0 0 1 0 13 3 5 3 8 5 3 1 5 4 1 2 1 0 0 0
21310148 868 0 1 0 3 1 0 0 0 0 0 0 0 3 1 13 2 5 4 4 4 0 3 0 3 0 1 2 0
21310149 867 9 2 3 1 3 2 1 2 3 3 1 0 2 1 0 0 0 0 2 3 4 2 0 0 1 9 3 13 0 4 4 1 0 3 4 3 1
21310150 892 10 3 1 2 3 1 1 2 3 1 2 1 0 3 1 0 0 0 0 4 3 3 2 0 2 13 4 7 1 5 3 1 6 5 0 0 2 3
21310151 912 1 1 1 0 1 1 0 0 0 0 1 0 0 4 6 2 3 0 4 1 13 1 5 2 9 2 2 3 6
21310153 805 9 2 1 3 2 3 3 2 2 3 1 0 1 1 0 0 0 0 1 4 4 1 0 3 5 0 0 4 13 1 4 2 4 0 0 1 0
21310154 885 8 1 2 3 3 2 3 2 2 1 0 3 1 0 0 0 0 1 4 3 4 4 6 3 5 1 13 0 3 9 3 1 0 3 0 1
21310155 866 1 1 1 0 1 1 0 0 0 0 1 0 0 2 3 4 13 2 6 8 2 4 0 6 0 1 0 3 3
21310156 853 9 3 3 2 1 1 3 1 2 1 1 0 3 1 0 0 0 0 4 2 3 2 2 0 0 1 5 2 2 1 4 4 0 13 6 8 0
21310159 1030 4 3 3 1 1 1 0 1 1 0 0 0 0 2 0 2 2 1 2 2 8 4 4 0 6 4 6 2 4 7 13 0
21310161 989 4 2 1 2 3 1 0 3 1 0 0 0 0 1 2 1 2 4 6 3 1 8 4 5 0 13 1 1 0 0 2 3
21310162 890 3 3 2 3 1 0 1 1 0 0 0 0 0 1 2 0 0 3 0 2 2 0 0 1 4 4 1 4 5 13 0
21310164 844 2 2 3 1 0 2 1 0 0 0 0 0 1 1 3 0 1 0 2 4 6 13 1 1 4 9 1 3 3 2
21310165 982 9 2 3 1 3 2 2 3 2 3 1 0 1 1 0 0 0 0 1 4 4 0 0 1 0 1 2 2 0 3 5 3 1 0 13 6 1
21310166 884 9 1 2 3 2 1 3 1 1 2 1 0 3 1 0 0 0 0 4 3 2 0 1 0 2 4 3 4 0 8 8 3 3 13 4 2 3
21310167 787 1 1 1 0 3 1 0 0 0 0 1 0 0 1 3 2 3 4 7 13 0 5 4 4 7 2 3 0 0
21310168 978 9 2 1 2 2 1 2 3 1 3 1 0 3 1 0 0 0 0 3 4 2 7 0 1 0 3 8 2 3 1 5 0 0 13 4 4 0
21310169 822 7 1 3 2 2 1 3 2 1 0 1 1 0 0 0 0 2 3 2 13 1 3 0 7 3 5 2 6 2 0 0 0 1 0 3
21310170 841 5 2 1 2 2 3 1 0 3 1 0 0 0 0 1 3 1 7 5 3 0 1 4 5 2 1 13 2 1 1 0 0 0
21310171 826 9 2 2 3 3 3 2 1 3 2 1 0 1 1 0 0 0 0 1 4 4 0 1 4 2 3 1 1 6 2 13 3 2 1 1 6 3
21310174 839 11 2 2 3 3 1 2 1 3 3 1 1 1 0 2 1 0 0 0 0 4 3 4 3 4 4 13 0 9 8 3 0 6 3 5 0 2 1 0
21310175 999 3 3 2 3 1 0 1 1 0 0 0 0 0 1 2 2 1 2 0 7 5 3 0 13 5 1 0 4 2 3 1
21310176 946 10 1 3 2 1 2 2 1 3 1 3 1 0 3 1 0 0 0 0 4 3 3 3 0 0 2 2 13 4 3 3 5 4 6 1 1 3 2
21310177 797 5 1 1 3 2 2 1 0 2 1 0 0 0 0 2 2 1 1 3 0 0 3 6 2 0 13 2 1 3 1 4 3 0
21310179 1009 5 1 3 1 1 2 1 0 2 1 0 0 0 0 3 1 1 2 13 5 4 0 3 3 4 0 0 3 0 0 3 0 0
21310180 953 9 1 2 3 1 2 2 2 1 3 1 0 1 1 0 0 0 0 3 4 2 3 3 0 3 0 2 2 6 0 3 1 5 0 1 4 13
21310181 822 6 3 3 3 1 2 1 1 0 1 1 0 0 0 0 2 1 3 13 3 2 0 8 4 3 0 6 3 6 5 2 0 1 2
21310182 967 4 3 2 2 3 1 0 3 1 0 0 0 0 0 2 2 0 0 1 2 0 3 4 13 2 6 6 8 1 1 1 5
21310185 843 5 3 3 2 1 2 1 0 3 1 0 0 0 0 1 2 2 1 3 1 0 2 6 5 0 8 7 1 4 13 3 3 2
21310186 848 1 2 1 0 2 1 0 0 0 0 0 1 0 2 0 0 0 0 3 3 1 1 1 5 3 0 13 4 4
21310189 950 6 2 3 2 2 3 1 1 0 3 1 0 0 0 0 1 3 2 4 4 3 3 2 1 13 3 3 3 0 0 1 1 0 0
21310190 974 8 2 1 2 1 3 3 1 3 1 0 1 1 0 0 0 0 3 2 3 6 3 0 0 7 4 4 2 13 3 3 0 2 0 0 0
21310191 908 7 1 3 2 2 1 3 1 1 0 3 1 0 0 0 0 3 2 2 0 2 0 1 2 4 4 13 2 5 4 6 0 4 7 1
21310193 848 7 1 2 3 2 2 1 2 1 0 3 1 0 0 0 0 2 4 1 0 1 0 1 3 4 2 0 3 1 3 5 0 3 13 3
21310195 818 11 1 1 3 2 3 1 2 1 2 3 3 1 0 2 1 0 0 0 0 4 3 4 0 0 8 1 2 4 4 13 5 6 5 7 0 1 2 6
21310196 842 10 3 1 2 1 1 2 3 2 3 3 1 0 1 1 0 0 0 0 3 3 4 1 8 9 2 2 13 3 0 3 4 5 6 3 3 3 0
21310197 756 7 3 3 1 1 3 2 3 1 0 1 1 0 0 0 0 2 1 4 3 1 13 0 2 4 6 4 3 4 3 1 2 2 2 0
21310198 920 3 2 1 2 1 0 3 1 0 0 0 0 1 2 0 5 4 4 3 6 13 1 0 3 3 3 0 0 1 2 0
21310199 765 8 2 3 3 1 1 2 3 1 1 0 2 1 0 0 0 0 3 2 3 0 0 3 0 0 3 3 4 0 1 3 4 2 3 5 13
21310200 967 0 1 0 1 1 0 0 0 0 0 0 0 5 2 3 6 6 13 5 3 4 5 3 1 2 3 0 0
21310201 890 4 2 2 2 3 1 0 1 1 0 0 0 0 0 3 1 0 2 0 3 13 5 1 0 4 4 3 0 1 3 0 1
21310202 866 8 2 3 3 3 2 2 3 1 1 0 1 1 0 0 0 0 1 3 4 1 2 3 5 0 3 4 4 0 1 6 13 0 0 5 7
21310203 951 7 3 1 3 2 2 2 3 1 0 3 1 0 0 0 0 1 3 3 0 4 1 0 3 3 7 3 3 7 13 1 3 3 2 1
21310204 979 6 3 2 1 3 2 3 1 0 2 1 0 0 0 0 1 2 3 1 1 3 1 4 4 6 1 2 2 2 13 0 1 4 0
21310206 882 2 1 2 1 0 2 1 0 0 0 0 1 1 0 0 1 0 0 13 4 6 2 5 5 6 1 3 3 3 0
21310207 1003 1 1 1 0 3 1 0 0 0 0 1 0 0 0 0 3 0 0 3 2 4 0 3 2 7 1 5 13 4
21310208 800 3 1 1 3 1 0 3 1 0 0 0 0 2 0 1 0 2 2 0 1 5 0 2 3 3 1 0 2 4 13 0
21310210 1094 2 2 2 1 0 1 1 0 0 0 0 0 2 0 0 3 0 0 1 6 13 0 1 5 9 2 2 5 3 1
21310213 864 7 3 3 2 1 3 1 2 1 0 1 1 0 0 0 0 2 2 3 3 9 6 2 13 4 3 0 4 7 2 0 5 4 3 1
21310215 969 9 1 2 1 3 2 2 1 1 3 1 0 3 1 0 0 0 0 4 3 2 4 0 0 2 2 5 1 0 4 1 2 0 13 4 3 0
21310216 943 4 2 3 3 1 1 0 3 1 0 0 0 0 1 1 2 3 4 3 13 1 5 4 4 0 1 7 2 0 0 9 2
21310217 1025 9 1 2 2 3 3 1 1 2 3 1 0 2 1 0 0 0 0 3 3 3 13 3 1 0 5 8 4 0 4 8 0 3 2 0 1 0
21310218 962 4 1 3 3 1 3 1 7 0.33333333333333331 8 0.33333333333333331 9 0.33333333333333331 2 0 2 1 13 0 2 6 4 2 3 5 2 3 0 4 3 0 0
21310219 954 0 1 0 3 1 0 0 0 0 0 0 0 0 3 0 9 1 1 3 2 3 1 13 4 3 5 2 2
21310220 982 7 3 2 1 3 3 1 1 1 0 2 1 0 0 0 0 3 1 3 2 1 5 3 9 3 2 2 0 3 13 1 0 0 3 0
21310221 838 5 1 3 1 3 1 1 0 2 1 0 0 0 0 3 0 2 0 0 3 2 1 3 5 13 5 4 6 3 7 2 3 2
21310222 948 5 1 1 3 3 1 1 0 2 1 0 0 0 0 3 0 2 3 2 0 0 0 5 1 2 2 7 4 0 3 4 13 0
21310224 1025 10 3 3 1 1 2 2 1 3 2 3 1 0 1 1 0 0 0 0 3 3 4 1 0 2 0 13 6 0 2 4 5 5 0 4 1 2 0
21310225 1046 1 2 1 0 3 1 0 0 0 0 0 1 0 2 4 1 3 0 4 5 1 0 13 3 8 3 6 0 0
21310226 748 4 1 2 1 2 1 0 1 1 0 0 0 0 2 2 0 2 4 6 5 13 4 4 3 4 1 3 0 2 0 0 0
21310231 933 5 1 2 2 1 3 1 0 3 1 0 0 0 0 2 2 1 3 13 1 2 2 1 7 3 0 1 2 5 3 0 5 6
21310234 899 4 2 1 1 1 1 0 3 1 0 0 0 0 3 1 0 2 2 0 0 5 4 3 0 1 3 6 0 13 2 2 1
21310235 865 1 1 1 0 3 1 0 0 0 0 1 0 0 2 4 2 0 2 5 1 1 4 13 3 0 3 3 0 3
21310236 843 11 3 1 2 2 2 3 3 2 1 3 1 1 0 1 1 0 0 0 0 3 4 4 3 2 7 4 1 3 4 2 13 1 3 1 2 8 0 0
21310238 1154 4 2 1 2 2 1 0 3 1 0 0 0 0 1 3 0 0 3 0 0 3 0 1 0 3 1 7 0 4 7 13 3
21310239 845 3 3 2 1 1 0 3 1 0 0 0 0 1 1 1 13 4 2 1 5 7 3 2 3 8 1 0 4 0 3 0
21310240 926 3 1 2 2 3 1 6 0.33333333333333331 7 0.33333333333333331 8 0.33333333333333331 1 2 0 0 1 3 1 1 4 2 4 0 2 3 1 2 4 13 3
21310244 1019 1 3 3 1 7 0.33333333333333331 8 0.33333333333333331 9 0.33333333333333331 0 0 1 2 5 6 13 0 3 3 3 0 1 4 7 0 0 0 3
21310245 984 3 2 2 1 1 0 2 1 0 0 0 0 1 2 0 6 3 4 0 5 3 1 2 13 4 1 0 0 0 1 0
21310246 944 1 2 3 1 7 0.33333333333333331 8 0.33333333333333331 9 0.33333333333333331 0 1 0 3 5 1 13 0 0 4 4 0 0 1 9 0 2 3 0
21310249 971 8 1 3 3 1 2 2 2 3 1 0 2 1 0 0 0 0 2 3 3 13 7 4 1 3 6 2 4 1 3 4 0 1 0 0 0
21310250 1015 7 1 3 1 3 1 1 2 1 0 3 1 0 0 0 0 4 1 2 0 2 2 13 0 4 1 7 0 0 3 6 3 2 0 2
21310251 910 2 2 3 1 0 3 1 0 0 0 0 0 1 1 2 1 13 3 6 4 3 1 0 2 1 8 0 3 3 3
21310252 962 10 3 3 1 1 2 3 3 2 1 2 1 0 1 1 0 0 0 0 3 3 4 0 2 0 0 2 5 3 1 3 7 5 1 13 3 3 2
21310254 850 2 1 2 1 0 3 1 0 0 0 0 1 1 0 2 4 3 13 0 3 5 3 1 7 3 3 0 0 0 5
21310255 896 9 2 1 3 3 3 2 1 2 3 1 0 1 1 0 0 0 0 2 3 4 13 8 4 0 5 4 1 3 3 3 0 0 2 1 0 2
21310256 858 0 1 0 3 1 0 0 0 0 0 0 0 0 5 1 2 3 4 6 13 1 7 2 7 1 3 2 4
21310262 943 1 3 1 0 1 1 0 0 0 0 0 0 1 0 8 0 0 4 8 5 1 5 5 3 2 13 4 2 0
21310263 898 6 1 2 1 1 2 2 1 0 3 1 0 0 0 0 3 3 0 13 7 1 0 2 5 5 3 2 3 1 3 3 0 0 0
21310264 867 8 1 1 1 3 2 3 3 1 1 0 2 1 0 0 0 0 4 1 3 2 3 1 0 7 4 3 3 3 6 5 13 2 3 2 3
21310266 1057 9 3 2 2 1 2 3 3 3 1 1 0 1 1 0 0 0 0 2 3 4 0 0 2 4 3 1 6 4 2 3 13 5 0 0 1 3
21310267 850 10 3 1 2 1 3 1 2 3 3 2 1 0 1 1 0 0 0 0 3 3 4 0 0 2 0 0 3 3 1 3 5 5 0 7 13 2 4
21310269 1074 4 1 2 2 3 1 0 2 1 0 0 0 0 1 2 1 3 3 3 3 7 4 13 1 3 4 1 6 0 0 2 1
21310271 906 5 2 3 2 1 1 1 0 1 1 0 0 0 0 2 2 1 13 3 3 0 3 4 2 0 2 5 3 0 0 0 1 3
21310272 842 9 3 2 1 1 1 2 3 2 3 1 0 3 1 0 0 0 0 3 3 3 13 5 3 0 6 3 2 0 1 0 0 1 2 3 0 0
21310273 821 8 2 1 3 2 2 3 3 1 1 0 1 1 0 0 0 0 2 3 3 3 0 0 0 1 4 3 2 2 3 13 1 4 2 1 0
21310274 953 5 1 3 1 1 2 1 0 3 1 0 0 0 0 3 1 1 3 2 2 0 3 3 4 0 2 13 1 2 3 1 7 3
21310275 800 7 3 3 1 2 2 1 1 1 0 2 1 0 0 0 0 3 2 2 0 0 0 3 2 3 4 13 0 0 0 4 0 1 5 4
21310277 946 11 2 3 2 1 1 3 1 2 3 2 3 1 0 1 1 0 0 0 0 3 4 4 4 7 13 1 3 5 1 0 3 4 0 2 2 0 0 0
21310280 916 2 3 1 1 0 1 1 0 0 0 0 1 0 1 3 2 2 13 0 4 4 6 0 3 2 4 3 1 3 0
21310281 911 6 2 1 3 2 1 1 1 0 3 1 0 0 0 0 3 2 1 0 0 3 3 3 4 1 4 1 2 13 3 2 4 3 2
21310282 737 0 1 0 2 1 0 0 0 0 0 0 0 3 0 0 1 8 3 5 2 4 6 13 3 1 6 3 0
21310283 987 4 1 2 3 2 1 0 1 1 0 0 0 0 1 2 1 1 5 2 3 4 4 13 0 1 7 3 2 0 3 0 0
21310285 865 7 1 3 1 2 3 1 3 1 0 3 1 0 0 0 0 3 1 3 2 5 3 0 2 3 5 1 13 1 3 0 0 2 0 2
21310286 847 0 1 0 2 1 0 0 0 0 0 0 0 0 0 0 3 3 4 3 4 0 1 4 4 0 6 4 13
21310289 900 5 3 1 3 1 2 1 0 1 1 0 0 0 0 2 1 2 0 0 2 1 0 0 4 4 0 2 6 5 2 13 8 6
21310291 812 5 1 2 3 3 3 1 0 1 1 0 0 0 0 1 1 3 13 3 3 2 8 3 0 0 1 7 4 2 0 3 4 0
21310292 894 2 3 1 1 0 2 1 0 0 0 0 1 0 1 0 0 5 3 1 6 3 3 13 7 6 0 3 9 2 3
21310293 949 0 1 0 1 1 0 0 0 0 0 0 0 3 3 4 4 1 3 4 2 0 0 3 13 0 2 0 0
21310294 920 0 1 0 2 1 0 0 0 0 0 0 0 3 1 5 0 13 5 4 0 5 4 1 4 3 2 0 0
21310295 1076 3 3 3 1 1 0 1 1 0 0 0 0 1 0 2 0 0 2 3 2 3 5 3 2 0 7 4 0 4 1 13
21310296 771 0 1 0 1 1 0 0 0 0 0 0 0 0 3 0 2 2 4 3 0 13 6 5 3 2 5 1 1
21310297 863 10 2 3 3 3 3 1 1 2 2 1 1 0 2 1 0 0 0 0 3 3 4 13 5 2 1 4 6 4 3 4 1 3 0 9 3 0 0
21310298 931 11 2 2 2 3 1 1 2 3 1 3 1 1 0 3 1 0 0 0 0 4 4 3 0 7 0 0 0 4 3 2 4 3 4 0 13 4 1 3
21310300 888 6 1 1 1 3 2 1 1 0 3 1 0 0 0 0 4 1 1 13 3 4 3 2 4 3 8 2 5 3 0 0 2 0 0
21310301 942 4 1 1 3 3 1 0 2 1 0 0 0 0 2 0 2 3 7 5 3 7 3 3 1 8 2 2 2 13 1 0 0
21310303 935 7 3 3 1 2 1 2 2 1 0 1 1 0 0 0 0 2 3 2 0 0 5 3 0 2 8 3 7 4 1 4 3 1 2 13
21310304 826 11 3 2 3 1 1 3 2 2 3 2 1 1 0 1 1 0 0 0 0 3 4 4 0 0 0 3 5 3 4 2 1 2 4 1 0 13 7 4
21310305 873 9 3 2 2 2 1 1 3 2 3 1 0 1 1 0 0 0 0 2 4 3 4 13 3 5 1 3 4 7 2 5 3 1 0 0 0 3
21310307 1004 10 3 2 1 2 1 2 1 2 1 3 1 0 3 1 0 0 0 0 4 4 2 13 4 3 3 3 2 3 1 2 6 5 3 1 0 0 0
21310308 769 4 3 3 1 2 1 0 2 1 0 0 0 0 1 1 2 0 1 1 0 13 3 4 2 4 6 4 3 3 3 1 2
21310309 926 3 1 3 1 1 0 2 1 0 0 0 0 2 0 1 2 0 0 0 3 4 13 0 4 7 1 0 4 3 4 2
21310310 1097 5 2 1 1 2 3 1 0 1 1 0 0 0 0 2 2 1 3 1 2 0 2 6 4 3 3 1 8 0 13 4 2 3
21310311 864 5 1 3 3 2 1 1 0 2 1 0 0 0 0 2 1 2 2 4 13 0 3 5 2 0 3 6 1 0 4 1 3 3
21310313 921 2 2 3 1 0 2 1 0 0 0 0 0 1 1 1 5 8 13 3 5 3 5 0 4 3 4 0 0 0 1
21310314 1015 0 1 0 3 1 0 0 0 0 0 0 0 3 1 1 3 5 6 2 0 1 3 2 2 13 2 4 1
21310315 885 7 1 3 2 3 1 1 2 1 0 3 1 0 0 0 0 3 2 2 2 13 1 4 0 3 3 2 0 2 4 3 0 1 1 2
21310316 906 8 2 1 1 2 3 3 3 1 1 0 1 1 0 0 0 0 3 2 3 2 0 2 0 4 5 8 0 13 3 7 6 2 1 4 3
21310317 923 2 1 3 1 0 1 1 0 0 0 0 1 0 1 0 0 0 2 0 0 3 13 2 2 5 4 3 1 4 4
21310318 983 7 3 2 1 1 1 2 2 1 0 1 1 0 0 0 0 3 3 1 0 0 0 3 0 2 7 3 4 5 4 1 3 2 3 13
21310320 868 11 2 2 3 1 3 1 3 2 3 1 2 1 0 1 1 0 0 0 0 3 4 4 2 3 2 3 1 4 4 13 1 4 7 1 0 0 2 3
21310321 844 7 2 1 1 3 3 1 3 1 0 2 1 0 0 0 0 3 1 3 0 0 3 1 2 6 2 4 3 1 3 1 2 4 13 2
21310323 828 3 3 1 2 1 0 2 1 0 0 0 0 1 1 1 1 3 13 0 2 4 1 0 5 7 1 2 0 3 3 0
21310324 907 3 1 1 2 1 0 2 1 0 0 0 0 2 1 0 0 0 2 1 9 5 5 3 0 3 3 3 0 13 7 3
21310325 1014 0 1 0 3 1 0 0 0 0 0 0 0 1 2 5 3 13 7 5 1 0 3 6 3 2 0 0 0
21310326 886 2 2 1 1 0 2 1 0 0 0 0 1 1 0 13 1 3 0 4 5 0 3 4 6 3 0 3 3 3 0
21310328 942 5 3 1 1 2 3 1 0 3 1 0 0 0 0 2 1 2 2 2 2 13 0 4 4 1 0 1 1 6 0 0 0 2
21310329 872 0 1 0 2 1 0 0 0 0 0 0 0 0 0 1 0 13 5 3 0 4 4 4 0 6 4 3 3
21310331 782 5 1 2 3 2 3 1 0 1 1 0 0 0 0 1 2 2 3 0 0 3 1 1 1 2 3 5 2 2 1 3 13 2
21310334 804 8 3 2 1 2 1 1 3 3 1 0 2 1 0 0 0 0 3 2 3 2 0 0 3 0 2 4 3 1 3 5 6 0 1 3 13
21310335 737 4 1 1 2 1 3 1 4 0.33333333333333331 5 0.33333333333333331 6 0.33333333333333331 3 1 0 13 3 3 1 8 7 6 0 3 2 4 2 0 2 0 3
21310336 927 4 3 1 3 2 1 0 2 1 0 0 0 0 1 1 2 3 5 3 1 5 5 7 0 1 13 2 1 3 3 2 0
21310338 974 7 2 1 2 3 3 2 1 1 0 3 1 0 0 0 0 2 3 2 13 6 4 1 5 4 3 1 1 4 3 2 0 0 2 0
21310339 910 9 1 1 3 3 1 3 3 1 2 1 0 2 1 0 0 0 0 4 1 4 2 1 3 2 0 3 13 6 0 0 0 5 0 0 2 3
21310340 1073 10 2 1 1 1 2 3 3 3 2 2 1 0 3 1 0 0 0 0 3 4 3 1 2 4 0 0 5 7 13 4 2 1 2 1 4 1 3
21310341 813 11 1 3 3 3 3 1 2 1 1 2 2 1 0 2 1 0 0 0 0 4 3 4 4 1 4 0 2 4 2 3 3 8 3 2 13 0 1 1
21310342 1089 0 1 0 1 1 0 0 0 0 0 0 0 0 6 8 13 7 5 7 3 2 5 6 3 0 4 3 8
21310343 967 10 1 3 2 2 3 3 3 1 1 2 1 0 2 1 0 0 0 0 3 3 4 0 2 1 0 3 6 2 4 5 5 4 1 1 2 13 1
21310344 869 2 3 2 1 0 3 1 0 0 0 0 0 1 1 0 3 5 13 0 1 5 3 0 1 1 3 2 2 0 0
21310346 959 0 3 1 5 0.33333333333333331 6 0.33333333333333331 7 0.33333333333333331 0 0 0 3 4 1 13 0 3 4 3 0 6 5 2 0 3 9 3
21310348 862 9 2 1 1 3 1 2 3 3 3 1 0 1 1 0 0 0 0 3 2 4 2 2 0 0 0 13 3 2 0 1 4 3 4 5 4 3
21310350 715 3 1 3 3 1 0 3 1 0 0 0 0 1 0 2 0 0 2 0 3 3 0 0 6 4 1 0 13 2 7 3
21310354 865 8 3 1 2 2 2 3 3 1 1 0 1 1 0 0 0 0 2 3 3 1 0 0 0 3 0 0 2 0 1 4 2 3 5 5 13
21310356 1075 1 3 1 0 1 1 0 0 0 0 0 0 1 3 0 2 0 2 1 4 0 4 13 1 2 2 3 1 3
21310357 909 10 1 2 2 1 1 2 3 1 2 3 1 0 3 1 0 0 0 0 4 4 2 3 3 2 0 2 1 3 0 5 1 1 0 13 3 4 2
21310359 877 10 2 1 3 2 1 2 3 3 1 1 1 0 3 1 0 0 0 0 4 3 3 0 5 4 2 2 3 13 3 0 4 1 4 0 1 2 0
21310360 845 3 3 3 1 1 0 2 1 0 0 0 0 1 0 2 0 0 4 2 0 3 1 1 1 2 5 0 3 13 2 4
21310361 877 6 3 3 1 1 2 2 1 0 3 1 0 0 0 0 2 2 2 2 1 7 13 8 1 4 3 4 6 2 3 0 7 2 1
21310362 899 9 3 1 3 2 2 1 2 1 3 1 0 3 1 0 0 0 0 3 3 3 1 2 0 0 4 2 1 2 4 5 3 1 3 4 13 0
21310363 964 10 3 1 3 2 1 1 2 2 2 1 1 0 3 1 0 0 0 0 4 4 2 0 0 0 3 0 1 3 5 3 0 0 13 2 3 4 9
21310364 948 5 3 3 1 1 3 1 0 2 1 0 0 0 0 2 0 3 3 2 3 0 6 2 1 0 7 7 13 1 3 2 0 0
21310367 927 2 2 1 3 1 7 0.33333333333333331 8 0.33333333333333331 9 0.33333333333333331 1 1 0 4 4 0 0 5 3 9 3 13 6 4 1 0 0 2 0
21310371 835 7 1 1 2 2 2 1 3 1 0 3 1 0 0 0 0 3 3 1 0 0 1 3 7 4 5 3 6 2 6 4 3 3 4 13
21310372 918 0 1 0 3 1 0 0 0 0 0 0 0 13 1 7 3 4 3 3 2 3 1 4 0 3 0 2 0
21310373 1046 10 1 1 2 3 3 2 2 2 1 3 1 0 3 1 0 0 0 0 3 4 3 0 3 0 7 0 1 1 13 5 4 3 2 1 2 4 4
21310374 997 7 3 2 3 1 2 1 3 1 0 1 1 0 0 0 0 2 2 3 13 5 1 8 2 4 3 2 1 3 0 0 0 0 2 0
21310375 783 0 1 0 2 1 0 0 0 0 0 0 0 3 13 0 0 4 2 3 2 1 1 8 1 4 0 0 3
21310376 890 11 3 1 3 1 2 2 2 2 3 1 1 1 0 3 1 0 0 0 0 4 4 3 13 5 3 1 8 7 8 3 7 4 2 0 1 2 4 0
21310377 937 9 3 1 2 1 2 3 3 1 2 1 0 1 1 0 0 0 0 3 3 3 3 3 4 4 2 4 3 6 0 1 3 13 0 0 2 0
21310378 852 8 3 1 1 2 3 2 1 3 1 0 1 1 0 0 0 0 3 2 3 2 4 13 4 3 2 4 3 8 4 0 4 3 1 2 3
21310379 874 10 3 1 2 2 3 3 1 3 2 2 1 0 1 1 0 0 0 0 2 4 4 3 6 4 0 13 3 3 3 0 1 5 2 0 0 3 1
21310380 871 8 3 3 1 1 2 1 2 1 1 0 2 1 0 0 0 0 4 2 2 0 4 2 2 3 5 4 1 3 5 2 3 0 1 13 3
21310382 807 6 3 2 1 1 2 1 1 0 2 1 0 0 0 0 3 2 1 2 2 2 0 5 4 3 1 13 1 1 0 0 3 0 3
21310384 1026 9 1 3 1 2 2 3 2 3 3 1 0 2 1 0 0 0 0 2 3 4 0 0 1 0 1 0 0 2 0 1 4 3 0 4 5 13
21310387 963 4 1 2 2 3 1 0 3 1 0 0 0 0 1 2 1 1 4 1 3 13 4 7 0 0 3 2 0 0 1 2 0
21310389 808 11 1 1 2 3 2 3 1 2 1 3 2 1 0 3 1 0 0 0 0 4 4 3 0 13 7 3 0 4 3 3 3 1 5 3 0 2 0 0
21310390 852 6 2 2 3 1 3 1 1 0 2 1 0 0 0 0 2 2 2 0 3 2 1 5 6 3 3 1 1 6 13 2 4 3 3
21310392 900 1 1 1 0 2 1 0 0 0 0 1 0 0 3 0 0 0 1 2 4 13 0 3 4 6 0 3 3 5
21310393 832 2 2 1 1 0 2 1 0 0 0 0 1 1 0 3 1 5 13 1 0 2 5 0 0 3 4 0 0 3 0
21310394 890 3 3 2 2 1 0 2 1 0 0 0 0 0 2 1 13 1 4 1 5 8 3 1 4 7 0 0 0 0 3 0
21310396 1042 4 3 1 2 2 1 0 3 1 0 0 0 0 1 2 1 3 3 0 0 3 5 3 0 1 7 6 2 3 6 13 1
21310397 811 0 1 0 1 1 0 0 0 0 0 0 0 1 2 0 13 3 4 5 3 0 4 4 6 0 3 3 2
21310399 803 7 3 2 2 1 1 3 2 1 0 3 1 0 0 0 0 2 3 2 13 8 4 0 2 5 2 0 0 3 1 3 1 1 0 0
21310400 849 11 1 2 3 2 1 3 2 3 1 1 2 1 0 3 1 0 0 0 0 4 4 3 1 3 3 0 5 4 2 0 3 3 3 0 13 9 3 3
21310401 833 2 2 1 1 0 1 1 0 0 0 0 1 1 0 0 3 13 3 0 1 5 3 0 3 6 2 2 4 2 1
21310402 881 5 2 1 1 1 3 1 0 2 1 0 0 0 0 3 1 1 1 0 2 7 3 7 8 0 4 5 5 0 13 4 2 0
21310403 1019 2 2 1 1 0 1 1 0 0 0 0 1 1 0 2 13 4 5 5 3 3 4 0 0 1 3 0 0 2 0
21310404 954 7 1 3 3 1 2 3 1 1 0 2 1 0 0 0 0 3 1 3 2 1 3 3 2 3 5 0 1 13 3 0 0 0 4 2
21310405 843 11 3 1 2 1 1 2 2 2 1 3 3 1 0 3 1 0 0 0 0 4 4 3 2 13 4 6 3 3 5 1 7 5 3 0 1 0 2 3
21310406 980 9 3 3 2 1 1 3 2 2 3 1 0 1 1 0 0 0 0 2 3 4 3 1 0 2 4 1 1 0 5 3 7 2 13 2 7 0
21310407 898 0 1 0 2 1 0 0 0 0 0 0 0 0 0 3 2 0 0 5 1 0 1 4 4 2 13 1 4
21310408 951 11 1 3 1 1 3 3 2 2 2 1 2 1 0 3 1 0 0 0 0 4 4 3 0 1 6 2 0 3 13 4 3 4 5 2 0 3 1 3
21310409 940 10 2 1 1 3 1 2 3 2 3 1 1 0 3 1 0 0 0 0 4 3 3 0 0 4 3 1 9 4 3 0 5 4 3 2 13 8 2
21310410 1024 4 1 3 1 2 1 0 3 1 0 0 0 0 2 1 1 1 3 0 0 5 7 0 0 4 5 3 2 13 4 3 2
21310412 808 11 3 1 2 3 1 3 2 2 2 1 3 1 0 1 1 0 0 0 0 3 4 4 0 0 3 4 3 4 4 2 3 8 3 2 0 13 1 1
21310413 767 5 2 2 1 1 3 1 0 2 1 0 0 0 0 2 2 1 8 6 4 0 13 5 1 0 4 6 2 3 1 0 0 0
21310414 826 6 2 1 3 3 3 2 1 0 1 1 0 0 0 0 1 2 3 1 2 3 0 3 13 4 0 2 5 4 1 0 0 1 2
21310415 770 1 2 1 0 2 1 0 0 0 0 0 1 0 2 1 0 3 0 4 3 4 0 1 0 13 0 4 1 3
21310417 1026 0 1 0 3 1 0 0 0 0 0 0 0 0 1 0 0 2 2 0 1 4 13 8 7 4 5 3 5
21310418 961 4 3 1 3 1 1 0 1 1 0 0 0 0 2 0 2 2 3 0 0 0 5 0 0 2 2 3 0 13 5 4 3
21310420 997 3 1 3 1 1 0 2 1 0 0 0 0 2 0 1 3 1 0 2 0 3 5 3 0 7 6 4 2 3 13 5
21310421 858 0 1 0 1 1 0 0 0 0 0 0 0 3 2 3 2 0 4 2 7 3 5 1 3 7 13 1 3
21310422 867 5 2 3 2 1 3 1 0 3 1 0 0 0 0 1 2 2 1 4 13 0 4 4 1 0 0 5 6 3 2 1 2 0
21310423 946 1 2 1 0 3 1 0 0 0 0 0 1 0 0 0 0 1 0 4 13 2 0 4 5 1 1 2 4 4
21310425 871 4 3 3 1 1 1 0 2 1 0 0 0 0 2 0 2 2 4 3 13 3 5 3 3 0 3 1 0 0 0 2 0
21310427 871 3 2 1 3 1 0 1 1 0 0 0 0 1 1 1 2 4 13 0 4 1 4 1 3 2 3 0 0 2 0 3
21310428 797 11 2 3 1 3 1 1 2 3 2 3 1 1 0 2 1 0 0 0 0 4 3 4 0 3 3 0 1 5 1 4 2 4 13 2 0 4 5 6
21310429 959 9 3 3 2 1 1 1 2 3 2 1 0 3 1 0 0 0 0 3 3 3 1 3 3 1 3 2 4 2 3 4 13 4 0 1 2 0
21310431 787 5 1 2 1 1 1 1 0 3 1 0 0 0 0 4 1 0 0 1 2 3 0 3 5 5 2 13 3 2 3 0 0 2
21310434 923 6 1 3 2 2 1 2 1 0 3 1 0 0 0 0 2 3 1 0 0 0 1 2 5 7 1 0 3 4 6 3 3 13 3
21310436 802 1 3 1 0 1 1 0 0 0 0 0 0 1 2 4 4 3 2 7 4 13 0 0 0 8 0 0 0 1
21310438 867 10 3 2 2 1 1 3 1 2 3 3 1 0 1 1 0 0 0 0 3 3 4 13 9 2 3 7 4 2 1 1 4 3 0 2 0 0 0
21310439 960 10 3 1 1 2 2 1 2 3 3 3 3 1 7 0.33333333333333331 8 0.33333333333333331 9 0.33333333333333331 3 3 4 2 0 3 0 3 4 6 0 13 5 3 1 3 2 3 1
21310440 850 8 2 1 3 2 3 1 2 3 1 0 3 1 0 0 0 0 2 3 3 1 7 2 0 5 4 2 1 3 4 1 7 5 7 13 0
21310441 895 0 1 0 1 1 0 0 0 0 0 0 0 0 0 3 3 0 2 13 2 1 3 2 4 0 1 4 4
21310442 889 8 3 1 3 2 1 3 1 2 1 0 2 1 0 0 0 0 3 2 3 2 3 1 0 6 3 3 0 1 4 2 0 13 5 2 1
21310446 905 1 3 1 0 2 1 0 0 0 0 0 0 1 3 1 3 3 2 4 4 1 13 2 5 0 1 0 3 0
21310449 1003 11 2 2 3 3 3 1 1 1 2 2 3 1 0 1 1 0 0 0 0 3 4 4 2 6 1 0 7 5 3 0 13 5 2 3 0 0 1 0
21310450 968 2 2 3 1 0 1 1 0 0 0 0 0 1 1 13 3 1 0 6 2 0 0 1 4 0 3 0 2 0 0
21310451 917 10 2 2 3 3 1 2 1 3 1 1 1 0 3 1 0 0 0 0 4 3 3 3 13 4 2 8 5 4 0 5 2 5 1 0 3 3 0
21310452 958 10 3 2 1 2 2 3 1 3 2 1 1 0 3 1 0 0 0 0 3 4 3 0 1 0 0 0 3 0 2 0 1 3 5 2 13 1 4
21310453 850 6 3 1 3 3 1 2 1 0 2 1 0 0 0 0 2 1 3 0 3 0 0 0 13 2 4 0 1 4 4 1 4 4 2
21310454 1046 5 3 1 1 1 2 1 0 2 1 0 0 0 0 3 1 1 4 3 0 3 1 4 7 2 13 7 3 0 0 2 0 0
21310456 850 1 2 1 0 2 1 0 0 0 0 0 1 0 0 1 2 3 7 7 0 5 1 4 5 3 5 3 13 1
21310457 906 9 2 3 1 2 3 2 2 3 3 1 0 1 1 0 0 0 0 1 4 4 0 0 1 0 1 2 1 0 0 4 4 3 0 13 5 4
21310458 887 8 3 3 2 3 2 1 1 2 1 0 3 1 0 0 0 0 2 3 3 0 1 0 0 5 3 0 2 4 6 0 0 13 3 1 0
21310459 886 5 3 2 3 1 2 1 0 1 1 0 0 0 0 1 2 2 3 1 0 0 0 3 2 6 0 4 5 7 0 0 3 13
21310461 848 3 3 2 3 1 0 1 1 0 0 0 0 0 1 2 3 3 2 0 1 13 3 0 6 4 7 3 4 2 1 3
21310462 982 11 3 1 3 2 3 2 3 2 1 1 1 1 0 2 1 0 0 0 0 4 3 4 0 0 2 0 3 4 13 3 1 4 4 6 0 0 5 3
21310463 859 9 3 1 3 1 2 2 2 2 1 1 0 3 1 0 0 0 0 3 4 2 0 3 0 0 3 3 2 1 3 3 5 3 13 4 4 1
21310464 839 8 3 2 1 3 2 2 1 1 1 0 3 1 0 0 0 0 3 3 2 3 5 0 0 1 1 2 0 4 4 5 0 13 2 2 1
21310465 898 10 2 1 3 2 3 1 2 3 1 3 1 0 1 1 0 0 0 0 3 3 4 0 13 7 2 2 3 1 3 1 0 0 0 0 0 0 2
21310466 989 5 3 1 2 2 2 1 0 1 1 0 0 0 0 1 3 1 1 4 1 4 0 2 5 13 3 5 1 3 0 0 0 2
21310467 823 9 3 2 3 2 1 1 3 3 1 1 0 2 1 0 0 0 0 3 2 4 0 0 1 2 3 0 0 0 2 3 5 4 3 1 13 0
21310469 830 4 2 3 1 2 1 0 2 1 0 0 0 0 1 2 1 3 0 3 4 0 0 1 13 3 2 6 1 3 4 1 3
21310470 856 0 1 0 1 1 0 0 0 0 0 0 0 3 0 0 0 2 13 1 0 3 7 6 6 3 4 2 3
21310471 823 0 1 0 1 1 0 0 0 0 0 0 0 0 3 3 3 1 2 2 5 2 4 7 13 0 0 0 1
21310473 901 3 3 2 2 1 0 1 1 0 0 0 0 0 2 1 3 4 3 1 3 4 4 0 1 3 5 2 4 7 13 0
21310474 844 1 2 1 0 2 1 0 0 0 0 0 1 0 3 7 0 0 3 1 1 0 1 5 3 3 13 2 6 3
21310476 927 2 3 1 1 0 1 1 0 0 0 0 1 0 1 2 2 5 13 7 7 3 3 0 2 1 1 0 2 0 3
21310478 842 6 3 2 3 1 2 1 1 0 2 1 0 0 0 0 2 2 2 0 1 0 3 4 1 0 0 10 4 4 0 13 2 4 3
21310479 910 7 1 3 3 2 1 1 2 1 0 2 1 0 0 0 0 3 2 2 4 8 4 0 1 13 0 0 2 3 0 0 4 0 2 1
21310480 958 4 2 2 1 3 1 0 1 1 0 0 0 0 1 2 1 3 0 3 3 0 3 4 13 2 5 3 1 0 0 3 0
21310481 929 3 1 3 1 1 0 2 1 0 0 0 0 2 0 1 2 7 2 3 0 5 4 13 1 3 4 3 0 0 0 3
21310482 1102 3 3 3 2 1 0 2 1 0 0 0 0 0 1 2 0 6 4 13 3 1 7 4 0 2 1 0 0 0 0 1
21310486 955 9 2 3 1 2 1 1 1 3 2 1 0 2 1 0 0 0 0 4 3 2 0 2 5 2 0 3 4 4 0 3 1 13 3 3 1 0
21310488 870 0 1 0 3 1 0 0 0 0 0 0 0 13 3 2 0 8 5 2 1 6 1 1 0 2 3 0 0
21310490 851 2 2 1 1 0 2 1 0 0 0 0 1 1 0 8 4 2 3 13 4 0 1 1 6 4 5 4 0 0 0
21310492 919 4 3 2 1 1 1 0 3 1 0 0 0 0 2 1 1 0 0 0 3 2 3 0 0 3 3 6 1 13 7 2 3
21310493 827 2 1 1 1 0 3 1 0 0 0 0 2 0 0 3 2 6 2 1 2 6 3 0 0 13 4 0 0 3 3
21310494 986 6 2 1 3 1 2 2 1 0 3 1 0 0 0 0 2 3 1 0 1 0 0 5 2 3 3 5 6 1 3 13 6 3 0
21310495 835 1 1 1 0 1 1 0 0 0 0 1 0 0 3 3 6 3 2 6 2 3 3 5 3 2 13 1 3 0
21310498 956 2 3 3 1 0 2 1 0 0 0 0 0 0 2 7 0 2 1 1 1 13 0 4 8 5 0 5 4 3 2
21310499 872 0 1 0 2 1 0 0 0 0 0 0 0 3 1 2 0 9 1 4 0 13 4 2 1 0 1 3 2
21310500 828 10 2 3 3 3 1 3 1 2 2 1 1 0 1 1 0 0 0 0 3 3 4 13 3 2 0 5 3 6 1 3 4 0 5 4 0 2 0
21310501 834 8 1 3 1 1 2 3 2 3 1 0 2 1 0 0 0 0 3 2 3 2 2 3 13 2 5 1 6 0 3 3 1 0 1 5 0
21310502 1001 5 2 1 2 3 2 1 0 1 1 0 0 0 0 1 3 1 3 0 0 0 13 3 5 0 3 6 1 1 2 4 3 3
21310503 874 6 2 1 3 3 2 2 1 0 2 1 0 0 0 0 1 3 2 1 4 3 0 3 13 1 0 7 8 3 0 7 3 4 1
21310505 898 10 2 3 2 3 3 3 1 2 2 1 1 0 1 1 0 0 0 0 2 4 4 13 2 3 0 1 4 3 5 1 3 3 0 0 2 0 1
21310509 944 6 1 3 2 1 1 2 1 0 2 1 0 0 0 0 3 2 1 13 5 3 3 4 1 0 0 0 2 0 0 0 3 0 0
21310511 892 5 3 1 1 2 2 1 0 1 1 0 0 0 0 2 2 1 3 3 0 0 5 2 4 0 3 5 3 3 13 3 6 0
21310514 967 4 1 2 3 1 1 0 1 1 0 0 0 0 2 1 1 3 2 6 13 0 7 5 2 0 1 4 4 0 3 2 3
21310515 952 5 3 2 3 1 3 1 0 1 1 0 0 0 0 1 1 3 2 0 0 0 1 6 3 0 5 5 0 0 13 4 3 2
21310517 834 7 2 3 2 1 3 3 1 1 0 1 1 0 0 0 0 2 2 3 0 0 1 2 3 6 2 0 4 5 4 0 13 8 4 0
21310519 959 8 1 2 3 1 3 3 2 2 1 0 2 1 0 0 0 0 2 3 3 0 0 3 1 0 3 5 0 1 7 7 13 1 4 2 4
21310522 891 3 3 2 1 1 0 3 1 0 0 0 0 1 1 1 3 7 5 3 13 2 2 1 4 4 0 0 3 1 7 0
21310525 940 4 1 3 1 2 1 0 3 1 0 0 0 0 2 1 1 0 2 0 4 3 2 1 3 4 1 5 4 0 2 4 13
21310526 910 6 3 1 1 2 1 3 1 0 3 1 0 0 0 0 3 1 2 0 3 7 13 1 3 3 8 1 4 2 2 0 3 2 2
21310530 773 10 3 3 1 2 1 1 1 2 2 2 1 0 3 1 0 0 0 0 4 4 2 3 4 6 3 5 7 3 13 0 2 1 0 0 0 3 0
21310532 929 0 1 0 3 1 0 0 0 0 0 0 0 1 1 4 2 2 3 3 0 2 13 5 1 0 0 3 3
21310533 877 2 1 1 1 0 2 1 0 0 0 0 2 0 0 4 0 0 1 5 0 3 0 3 13 4 3 2 2 8 6
21310534 845 7 1 2 3 3 3 2 2 1 0 1 1 0 0 0 0 1 3 3 13 8 2 1 5 6 5 0 5 1 1 0 2 0 0 0
21310536 901 2 1 3 1 0 1 1 0 0 0 0 1 0 1 0 2 0 2 3 1 5 3 2 4 2 9 3 13 10 1
21310539 934 5 1 2 3 3 2 1 0 1 1 0 0 0 0 1 2 2 1 3 3 2 5 2 3 1 13 4 0 0 0 1 2 0
21310540 865 7 3 1 1 3 2 3 1 1 0 3 1 0 0 0 0 3 1 3 3 2 2 13 3 4 5 3 0 8 1 3 0 2 4 0
21310541 850 0 1 0 1 1 0 0 0 0 0 0 0 0 2 0 0 2 7 4 0 5 5 1 2 13 1 3 5
21310542 905 3 1 3 2 1 0 2 1 0 0 0 0 1 1 1 0 0 0 1 2 0 1 5 7 1 4 2 1 4 13 2
21310544 828 4 3 1 3 3 1 0 2 1 0 0 0 0 1 0 3 7 3 1 13 4 3 4 3 0 3 1 2 0 0 0 2
21310546 772 9 1 2 3 1 3 2 3 1 1 1 0 2 1 0 0 0 0 4 2 3 0 3 3 3 0 4 5 2 3 13 1 6 0 2 0 0
21310548 871 5 1 1 2 1 1 1 0 3 1 0 0 0 0 4 1 0 0 0 3 4 2 2 3 5 3 2 0 13 2 4 1 3
21310549 841 9 3 3 3 1 2 3 1 1 2 1 0 1 1 0 0 0 0 3 2 4 0 3 3 3 4 3 5 4 2 3 6 13 0 2 3 0
21310550 1003 5 1 2 2 3 3 1 0 3 1 0 0 0 0 1 2 2 13 2 2 0 1 3 1 3 1 3 4 3 0 0 3 5
21310551 798 4 1 1 1 3 1 0 3 1 0 0 0 0 3 0 1 3 2 13 6 4 4 3 0 3 6 5 2 2 7 4 0
21310552 857 9 3 2 2 3 2 1 1 2 1 1 0 3 1 0 0 0 0 3 4 2 3 4 0 1 3 5 3 0 4 4 3 0 13 0 3 0
21310553 871 9 1 2 2 2 1 2 3 1 1 1 0 3 1 0 0 0 0 4 4 1 3 0 0 0 5 2 1 0 13 3 6 4 3 1 2 3
21310554 966 0 1 0 1 1 0 0 0 0 0 0 0 3 0 0 0 4 1 3 0 3 2 6 1 2 5 13 2
21310555 875 2 3 1 1 0 3 1 0 0 0 0 1 0 1 2 3 3 2 2 5 2 3 1 4 3 6 0 1 1 13
21310556 938 2 2 3 1 0 3 1 0 0 0 0 0 1 1 3 0 2 0 2 3 6 6 3 7 1 1 0 4 1 13
21310557 831 7 1 1 3 2 3 3 2 3 1 5 0.33333333333333331 6 0.33333333333333331 7 0.33333333333333331 2 2 3 2 2 13 3 5 3 2 1 1 1 2 6 3 4 1 4
21310562 926 0 1 0 1 1 0 0 0 0 0 0 0 3 0 0 0 2 4 0 0 3 5 4 0 4 3 13 5
21310563 924 7 3 3 1 1 2 2 1 3 1 4 0.33333333333333331 5 0.33333333333333331 6 0.33333333333333331 3 2 2 2 0 0 3 0 3 3 1 3 5 5 5 3 3 13 2
21310565 834 4 2 3 2 1 1 0 2 1 0 0 0 0 1 2 1 0 0 0 3 0 1 3 5 1 13 3 1 0 4 4 2
21310566 751 0 1 0 3 1 0 0 0 0 0 0 0 0 4 6 13 2 3 3 7 0 1 5 3 0 0 0 3
21310568 880 7 3 1 2 2 1 2 3 1 0 2 1 0 0 0 0 2 3 2 1 1 3 13 2 8 6 5 0 4 1 4 0 3 0 3
21310569 764 0 1 0 1 1 0 0 0 0 0 0 0 0 3 2 0 2 4 0 0 4 5 1 0 4 2 13 1
21310570 862 9 3 1 1 2 2 3 2 1 2 3 1 7 0.33333333333333331 8 0.33333333333333331 9 0.33333333333333331 3 4 2 1 0 0 0 3 2 0 3 3 5 4 0 13 6 1 0
21310571 835 6 1 2 2 3 1 3 1 0 3 1 0 0 0 0 2 2 2 6 0 1 0 1 0 3 2 2 13 3 0 3 5 4 0
21310572 964 8 3 1 2 3 2 1 1 2 1 0 3 1 0 0 0 0 3 3 2 3 0 0 2 5 3 1 0 7 1 13 0 3 5 2 3
21310573 900 11 2 1 3 2 3 3 1 2 2 3 1 1 0 1 1 0 0 0 0 3 4 4 13 4 5 4 3 8 3 0 2 0 3 0 1 0 0 0
21310575 903 4 2 2 1 2 1 0 3 1 0 0 0 0 1 3 0 0 1 3 0 8 8 4 0 3 3 5 0 13 4 3 1
21310576 859 1 2 1 0 1 1 0 0 0 0 0 1 0 0 0 3 0 3 2 1 8 1 3 7 2 0 4 4 13
21310578 885 9 2 1 1 1 3 3 2 1 2 3 1 4 0.33333333333333331 5 0.33333333333333331 6 0.33333333333333331 4 3 2 0 3 0 2 0 2 1 3 0 5 3 4 3 3 4 13
21310579 836 9 2 3 1 2 3 1 2 3 3 1 0 1 1 0 0 0 0 2 3 4 2 1 3 0 1 6 2 3 0 4 13 2 3 4 1 3
21310580 968 11 1 3 3 1 3 3 2 2 1 2 1 3 1 8 0.33333333333333331 9 0.33333333333333331 10 0.33333333333333331 4 3 4 0 1 0 2 4 3 13 3 3 4 7 3 7 2 4 3
21310581 915 7 2 1 3 2 1 3 1 1 0 2 1 0 0 0 0 3 2 2 1 4 13 3 3 4 3 7 0 2 5 4 0 0 0 3
21310584 970 3 2 3 2 1 0 3 1 0 0 0 0 0 2 1 4 6 13 7 1 3 5 3 2 3 4 1 0 1 0 0
21310590 894 2 3 3 1 0 2 1 0 0 0 0 0 0 2 1 3 13 3 2 5 3 2 0 5 1 3 0 1 0 3
21310591 876 6 3 1 2 2 3 1 1 0 2 1 0 0 0 0 2 2 2 3 2 1 0 8 5 3 3 13 3 4 0 0 0 0 1
21310592 805 2 3 1 1 0 3 1 0 0 0 0 1 0 1 4 3 3 2 8 4 4 2 13 3 6 1 0 0 2 1
21310596 892 2 2 2 1 0 1 1 0 0 0 0 0 2 0 1 2 0 0 3 4 2 1 7 8 6 1 13 5 7 3
21310597 1108 3 3 3 2 1 0 1 1 0 0 0 0 0 1 2 3 6 3 0 3 13 1 7 8 2 4 2 1 0 5 0
21310598 742 6 2 2 3 2 3 1 1 0 3 1 0 0 0 0 1 3 2 5 1 0 0 1 5 1 1 8 13 3 1 2 2 2 0
21310600 965 11 2 2 1 3 2 1 1 2 3 3 3 1 0 1 1 0 0 0 0 3 4 4 0 2 0 1 0 3 0 3 3 4 5 4 0 4 8 13
