21310901 1595 11 3 3 1 2 2 2 2 3 1 3 1 1 0 1 1 0 0 0 0 3 4 4 4 14 3 3 2 1 2 0 4 1 2 0 0 0 3 1
21310912 1478 6 2 1 2 1 3 1 1 0 2 1 0 0 0 0 3 2 1 3 2 3 1 2 3 8 3 3 14 1 0 8 4 3 0
21310913 1320 10 1 2 3 3 3 1 1 2 2 2 1 0 1 1 0 0 0 0 3 4 3 0 3 4 14 3 1 7 5 0 0 3 4 3 0 0 2
21310914 1162 9 1 2 1 2 3 1 3 1 3 1 0 3 1 0 0 0 0 4 2 3 3 5 4 0 14 7 5 2 0 0 2 0 8 0 3 0
21310920 1409 6 3 2 2 1 3 1 1 0 2 1 0 0 0 0 2 2 2 1 0 0 4 2 4 6 3 1 5 2 6 1 3 14 3
21310921 1387 2 3 1 1 0 2 1 0 0 0 0 1 0 1 5 2 3 3 1 6 14 4 2 1 5 1 0 3 2 8
21310923 1542 1 3 1 0 1 1 0 0 0 0 0 0 1 0 0 0 1 0 0 3 10 2 3 10 14 0 2 3 6
21310928 1475 2 3 3 1 0 2 1 0 0 0 0 0 0 2 0 1 11 4 0 3 0 14 2 0 1 4 0 0 3 4
21310929 1553 9 3 2 3 2 1 1 3 2 3 1 0 2 1 0 0 0 0 2 3 4 3 4 14 2 4 4 4 3 3 0 0 1 1 0 1 0
21310934 1289 11 1 3 2 1 3 1 3 2 2 1 3 1 0 2 1 0 0 0 0 4 3 4 0 1 0 0 3 2 14 3 3 5 7 3 2 0 1 5
21310941 1256 0 1 0 3 1 0 0 0 0 0 0 0 9 0 2 0 4 14 1 0 6 4 5 1 3 4 5 2
21310949 1580 1 1 1 0 2 1 0 0 0 0 1 0 0 0 0 2 0 4 1 3 0 8 3 0 2 14 1 3 0
21310953 1409 10 3 2 2 2 1 1 1 3 2 1 1 0 3 1 0 0 0 0 4 4 2 4 0 3 0 7 3 3 0 2 1 6 0 4 8 14 3
21310954 1185 11 1 2 1 2 1 3 1 2 3 2 3 1 0 3 1 0 0 0 0 4 4 3 4 4 8 1 14 6 1 0 3 5 2 4 3 4 2 0
21310957 1319 4 3 1 2 1 1 0 1 1 0 0 0 0 2 1 1 3 7 4 6 8 14 7 2 2 3 1 3 2 0 4 0
21310963 1293 0 1 0 2 1 0 0 0 0 0 0 0 2 3 0 1 0 9 5 3 5 8 4 1 4 4 14 4
21310967 1492 0 1 0 2 1 0 0 0 0 0 0 0 3 3 14 1 8 5 2 1 3 7 3 3 0 0 1 2
21310970 1248 5 3 1 3 1 2 1 0 2 1 0 0 0 0 2 1 2 3 14 1 3 2 8 4 3 2 0 1 0 3 0 3 3
21310972 1462 7 2 2 3 2 3 1 1 1 0 1 1 0 0 0 0 2 3 2 0 6 3 2 3 7 1 4 3 5 14 0 4 1 4 2
21310977 1311 9 3 1 2 1 3 1 2 2 2 1 0 1 1 0 0 0 0 3 4 2 0 0 0 3 3 2 3 1 0 3 2 14 1 4 6 4
21310982 1167 10 2 3 2 1 1 2 1 3 2 3 1 0 3 1 0 0 0 0 3 4 3 4 7 0 0 1 1 8 4 14 3 2 1 6 3 9 2
21310985 1327 4 3 1 3 1 1 0 2 1 0 0 0 0 2 0 2 2 5 14 3 3 7 6 2 1 1 2 2 0 3 1 0
21310986 1447 8 2 1 3 3 2 1 2 3 1 0 3 1 0 0 0 0 2 3 3 0 3 5 3 1 4 3 14 0 5 3 1 0 2 0 4
21310987 1383 10 1 2 3 1 2 1 2 2 3 1 1 0 3 1 0 0 0 0 4 4 2 3 2 5 3 0 1 9 14 0 1 2 4 3 4 3 3
21310991 1224 5 1 2 3 3 3 1 0 1 1 0 0 0 0 1 1 3 0 3 0 0 0 0 1 0 2 3 4 2 5 14 5 7
21310995 1467 8 2 1 3 2 1 3 2 1 1 0 3 1 0 0 0 0 3 3 2 3 14 9 5 1 6 2 3 8 0 3 1 5 0 2 3
21310997 1352 11 1 2 1 3 1 3 2 2 3 3 1 1 0 2 1 0 0 0 0 4 3 4 2 1 14 3 8 5 4 0 2 3 0 3 3 4 1 0
21311004 1291 8 2 2 1 3 2 1 3 1 1 0 1 1 0 0 0 0 3 3 2 1 14 2 3 6 2 4 0 7 3 1 0 2 0 0 0
21311007 1383 9 2 2 1 1 2 1 1 3 2 1 0 3 1 0 0 0 0 4 4 1 3 0 3 0 3 0 1 3 2 2 4 1 3 14 3 0
21311008 1405 9 3 3 3 2 1 2 1 2 1 1 0 3 1 0 0 0 0 3 3 3 3 1 2 2 7 3 1 0 5 14 3 5 9 0 6 0
21311009 1599 6 3 2 1 2 3 1 1 0 2 1 0 0 0 0 2 2 2 0 4 9 1 0 6 7 1 0 5 8 14 3 3 4 2
21311027 1344 2 2 2 1 0 2 1 0 0 0 0 0 2 0 3 0 1 0 2 5 4 4 9 3 1 14 0 0 1 1
21311036 1354 5 3 1 2 3 1 1 0 2 1 0 0 0 0 2 1 2 0 4 5 2 0 3 1 2 0 3 3 14 1 0 0 3
21311041 1314 4 2 3 1 1 1 0 1 1 0 0 0 0 2 1 1 2 3 0 3 1 4 6 8 0 3 14 2 0 2 3 3
21311043 1337 2 3 1 1 0 2 1 0 0 0 0 1 0 1 2 3 7 8 2 0 5 14 0 1 4 1 0 1 0 2
21311044 1130 1 3 1 0 3 1 0 0 0 0 0 0 1 3 4 0 0 3 7 5 1 2 14 0 0 4 5 2 1
21311046 1290 10 2 3 1 3 2 3 2 3 1 1 3 1 7 0.33333333333333331 8 0.33333333333333331 9 0.33333333333333331 3 3 4 1 7 0 3 2 8 4 2 3 1 14 3 2 1 3 5
