21310159 1601 5 2 3 1 2 1 1 0 2 1 0 0 0 0 2 2 1 1 3 0 0 5 1 0 0 6 3 6 6 2 14 5 3
21310161 1528 5 1 1 3 3 2 1 0 3 1 0 0 0 0 2 1 2 0 3 3 3 2 1 2 14 1 7 4 3 0 4 2 3
21310164 1514 2 3 1 1 0 3 1 0 0 0 0 1 0 1 1 3 0 0 3 2 2 0 4 3 7 1 2 14 3 3
21310171 1523 4 1 2 3 2 1 0 1 1 0 0 0 0 1 2 1 4 1 0 0 4 1 3 0 2 6 1 2 3 2 14 0
21310185 1169 7 1 1 2 3 2 1 2 3 1 6 0.33333333333333331 7 0.33333333333333331 8 0.33333333333333331 3 3 1 2 7 1 7 4 3 5 14 3 0 3 3 0 0 4 3
21310189 1497 1 3 1 0 2 1 0 0 0 0 0 0 1 4 5 2 2 5 4 4 0 3 14 1 0 1 1 3 0
21310198 1557 2 2 1 1 0 2 1 0 0 0 0 1 1 0 0 1 3 4 3 5 1 7 0 4 2 14 3 0 3 3
21310200 1515 2 1 3 3 1 4 0.33333333333333331 5 0.33333333333333331 6 0.33333333333333331 1 0 1 0 2 4 2 0 1 14 9 5 3 4 8 3 1 0 2
21310202 1509 4 2 3 3 3 1 0 1 1 0 0 0 0 0 1 3 2 0 0 0 0 0 0 3 0 1 14 6 3 6 4 3
21310204 1447 4 3 3 1 2 1 0 3 1 0 0 0 0 1 1 2 1 4 0 2 9 3 3 6 8 5 14 4 3 3 1 2
21310206 1573 5 2 2 3 3 3 1 0 1 1 0 0 0 0 0 2 3 1 4 1 4 1 5 2 3 14 4 0 2 6 0 0 0
21310215 1392 11 3 2 2 2 3 1 2 3 1 1 1 1 0 3 1 0 0 0 0 4 4 3 0 2 4 1 0 0 3 1 0 3 4 8 2 3 3 14
21310216 1361 3 1 2 2 1 0 1 1 0 0 0 0 1 2 0 0 3 3 6 3 6 7 2 1 14 8 3 5 7 3 5
21310231 1332 11 3 2 2 3 2 2 1 1 1 3 1 1 0 3 1 0 0 0 0 4 4 3 1 4 14 3 3 2 3 1 4 3 3 2 1 0 2 0
21310234 1623 4 1 2 3 3 1 0 3 1 0 0 0 0 1 1 2 1 3 3 1 5 14 8 3 3 3 5 2 1 2 2 0
21310235 1312 2 3 3 1 0 1 1 0 0 0 0 0 0 2 0 2 0 0 1 3 1 3 0 3 14 7 0 2 2 5
21310240 1473 11 2 3 2 1 3 3 2 1 1 3 1 3 1 5 0.33333333333333331 6 0.33333333333333331 7 0.33333333333333331 4 3 4 4 2 14 2 4 2 1 3 0 6 0 1 0 1 2 4
21310250 1495 6 1 1 3 2 3 2 1 0 2 1 0 0 0 0 2 2 2 4 3 2 0 3 4 0 1 4 7 8 0 5 9 14 1
21310251 1451 2 3 2 1 0 2 1 0 0 0 0 0 1 1 1 14 10 3 4 6 5 8 3 3 3 1 0 0 3 0
21310254 1380 4 1 3 3 2 1 0 1 1 0 0 0 0 1 1 2 3 5 0 0 8 3 2 8 14 4 2 3 3 6 1 3
21310255 1670 5 2 3 3 2 3 1 0 1 1 0 0 0 0 0 2 3 3 0 2 0 3 14 0 0 6 6 4 1 7 4 1 0
21310256 1427 6 3 3 2 2 1 1 1 0 1 1 0 0 0 0 2 2 2 4 2 3 2 2 7 3 0 9 1 1 0 14 4 3 0
21310267 1330 3 3 3 2 3 1 9 0.33333333333333331 10 0.33333333333333331 11 0.33333333333333331 0 1 2 14 6 2 0 1 3 5 6 0 1 5 0 1 3 2 3
21310271 1456 9 1 1 3 3 1 2 1 3 2 1 0 3 1 0 0 0 0 4 2 3 2 3 2 5 0 0 5 14 6 3 6 5 0 0 3 3
21310274 1427 6 2 1 3 1 2 3 1 0 2 1 0 0 0 0 2 2 2 0 1 2 4 0 0 6 14 1 0 3 6 0 0 3 4
21310275 1370 4 1 3 2 2 1 0 1 1 0 0 0 0 1 2 1 1 2 4 2 3 6 1 14 3 3 4 6 0 0 3 3
21310282 1339 9 2 3 3 1 1 1 1 2 2 1 0 3 1 0 0 0 0 4 3 2 3 3 3 4 1 7 6 14 4 3 4 2 0 0 2 0
21310291 1568 8 2 1 3 2 3 1 1 1 1 0 3 1 0 0 0 0 4 2 2 2 2 0 0 3 8 3 1 0 3 6 4 3 2 14 4
