21310001 532 7 3 2 2 1 2 3 3 1 0 1 1 0 0 0 0 1 3 3 0 2 1 12 2 3 4 7 1 3 0 4 0 1 0 0
21310002 505 0 1 0 2 1 0 0 0 0 0 0 0 1 4 0 0 2 3 0 0 4 6 3 0 12 4 4 1
21310003 490 2 3 2 1 0 1 1 0 0 0 0 0 1 1 3 3 2 0 4 5 5 1 0 7 12 0 0 1 0 2
21310004 546 10 1 1 1 1 2 3 3 3 2 2 1 0 3 1 0 0 0 0 4 3 3 2 3 12 2 4 7 6 1 3 6 2 0 5 1 0 0
21310005 602 8 2 1 3 3 2 1 2 2 3 1 4 0.33333333333333331 5 0.33333333333333331 6 0.33333333333333331 2 4 2 0 1 0 0 3 4 1 0 2 1 4 3 12 5 3 0
21310006 589 8 1 2 2 3 3 1 3 2 1 0 2 1 0 0 0 0 2 3 3 12 1 2 3 6 5 6 0 1 3 8 0 0 0 0 1
21310007 542 11 3 3 3 1 2 3 2 2 1 1 1 1 0 2 1 0 0 0 0 4 3 4 3 1 4 5 12 6 3 3 2 5 3 5 0 3 6 0
21310008 442 10 2 3 1 1 2 3 3 2 1 2 1 0 1 1 0 0 0 0 3 4 3 3 6 12 0 4 4 5 0 0 0 1 3 0 0 2 0
21310009 540 11 1 2 3 2 1 1 3 1 2 2 3 1 0 3 1 0 0 0 0 4 4 3 2 1 4 12 0 3 6 3 3 4 3 4 0 1 0 2
21310010 511 2 2 2 1 0 3 1 0 0 0 0 0 2 0 0 1 1 0 0 3 0 3 0 5 1 5 2 6 8 12
21310011 585 6 3 1 1 2 1 3 3 1 6 0.33333333333333331 7 0.33333333333333331 8 0.33333333333333331 3 1 2 0 0 2 2 4 1 2 0 4 3 3 0 12 5 4 0
21310012 499 2 3 3 1 0 3 1 0 0 0 0 0 0 2 0 0 1 0 1 12 2 4 4 3 3 0 1 2 5 2
21310013 525 8 1 2 3 3 3 1 1 2 3 1 7 0.33333333333333331 8 0.33333333333333331 9 0.33333333333333331 3 2 3 0 0 0 2 0 0 3 5 0 2 4 6 1 3 3 12
21310014 593 10 3 1 2 1 1 2 3 2 1 3 1 0 3 1 0 0 0 0 4 3 3 0 2 2 0 5 6 12 0 4 5 7 3 1 2 3 1
21310015 581 8 3 1 2 3 2 2 1 1 1 0 3 1 0 0 0 0 3 3 2 0 7 0 0 3 5 2 2 12 5 1 0 1 4 3 0
21310016 593 8 3 2 1 1 3 3 2 2 1 0 1 1 0 0 0 0 2 3 3 1 3 2 12 3 6 4 6 0 4 3 3 3 0 0 0
21310017 546 4 2 1 1 1 1 0 2 1 0 0 0 0 3 1 0 2 0 0 0 2 4 0 0 5 4 3 3 1 6 12 0
21310018 543 0 1 0 2 1 0 0 0 0 0 0 0 2 3 0 0 0 1 4 3 0 0 4 4 0 1 7 12
21310019 516 10 2 1 3 2 1 3 1 3 2 3 3 1 4 0.33333333333333331 5 0.33333333333333331 6 0.33333333333333331 3 3 4 0 0 2 0 2 5 2 1 1 5 6 9 3 3 12 1
21310020 563 6 3 2 3 1 2 3 1 0 2 1 0 0 0 0 1 2 3 4 4 4 1 12 3 5 1 0 2 1 0 0 2 3 1
21310021 626 1 2 1 0 3 1 0 0 0 0 0 1 0 1 3 6 12 2 4 5 4 0 3 1 1 0 0 0 2
21310022 521 9 2 3 1 2 1 2 3 1 1 1 0 3 1 0 0 0 0 4 3 2 12 6 6 0 3 6 0 0 3 4 6 0 3 0 0 2
21310023 582 8 3 3 2 1 3 2 1 1 1 0 1 1 0 0 0 0 3 2 3 2 3 7 3 0 0 1 12 0 0 3 2 2 3 0 4
21310024 567 10 1 2 1 3 2 3 2 1 3 1 1 0 2 1 0 0 0 0 4 3 3 12 6 5 1 4 5 3 0 3 3 0 0 3 2 0 0
21310025 572 2 1 3 1 0 2 1 0 0 0 0 1 0 1 0 0 0 3 0 3 12 3 3 3 3 3 6 5 4 3
21310026 558 5 3 1 1 1 3 1 0 1 1 0 0 0 0 3 0 2 3 0 0 0 0 0 2 4 2 4 5 5 2 2 3 12
21310027 534 1 1 1 0 2 1 0 0 0 0 1 0 0 3 3 2 1 5 7 4 0 12 3 1 0 0 0 2 0
21310028 584 8 1 1 3 3 2 2 1 2 1 0 1 1 0 0 0 0 3 3 2 0 2 0 1 3 3 7 2 0 4 5 3 0 4 4 12
21310029 601 0 3 1 4 0.33333333333333331 5 0.33333333333333331 6 0.33333333333333331 0 0 0 12 5 3 0 3 6 4 0 3 3 0 3 1 2 0 0
21310030 537 0 1 0 2 1 0 0 0 0 0 0 0 0 3 12 4 0 2 5 3 1 5 0 3 0 3 1 0
21310031 572 8 2 3 1 3 1 2 3 2 1 0 2 1 0 0 0 0 2 3 3 0 12 4 3 2 6 1 1 0 3 0 3 1 0 3 0
21310032 567 9 2 1 3 3 3 1 3 2 1 1 0 1 1 0 0 0 0 3 2 4 0 0 4 2 0 0 5 4 0 0 0 4 2 3 3 12
21310033 542 0 1 0 2 1 0 0 0 0 0 0 0 0 0 0 1 4 3 3 2 3 7 1 0 12 3 7 0
21310034 533 2 1 2 1 0 3 1 0 0 0 0 1 1 0 12 7 7 2 5 4 0 4 3 1 1 3 2 0 0 0
21310035 564 5 2 1 1 3 1 1 0 3 1 0 0 0 0 3 1 1 0 0 0 2 1 0 4 12 0 2 7 5 0 2 4 4
21310036 554 0 1 0 3 1 0 0 0 0 0 0 0 4 12 5 1 3 6 2 0 2 0 4 0 1 0 0 0
21310037 538 5 3 2 1 1 3 1 0 3 1 0 0 0 0 2 1 2 12 8 4 2 6 3 3 0 4 3 2 1 1 0 2 0
21310038 461 10 2 2 1 1 3 3 2 1 1 3 1 0 3 1 0 0 0 0 4 3 3 0 2 0 0 0 1 3 3 0 4 12 2 4 5 5 3
21310039 498 9 3 2 3 2 3 3 2 1 1 1 0 2 1 0 0 0 0 2 3 4 1 2 0 0 1 5 3 3 0 6 3 5 0 1 4 12
21310040 587 0 1 0 3 1 0 0 0 0 0 0 0 0 0 2 0 3 0 1 3 0 3 7 3 0 7 12 4
21310041 489 9 1 2 2 3 1 3 2 1 3 1 0 1 1 0 0 0 0 3 3 3 2 3 4 4 2 3 6 7 0 0 1 12 0 0 0 8
21310042 558 5 1 2 1 3 1 1 0 2 1 0 0 0 0 3 1 1 0 0 3 12 2 2 4 6 0 0 4 1 1 0 2 3
21310044 526 4 1 1 3 1 1 0 2 1 0 0 0 0 3 0 1 0 3 3 0 0 2 5 2 3 4 4 4 4 12 3 0
21310045 487 11 1 1 3 3 3 1 2 3 1 2 2 1 0 2 1 0 0 0 0 4 3 4 4 6 2 0 0 12 3 1 2 0 5 0 0 0 1 3
21310046 531 0 3 1 7 0.33333333333333331 8 0.33333333333333331 9 0.33333333333333331 0 0 0 0 2 0 0 0 3 0 0 1 5 4 3 0 12 5 3
21310047 558 3 2 3 3 1 0 1 1 0 0 0 0 0 1 2 2 1 3 1 2 7 4 12 0 6 4 3 3 4 0 0
21310049 615 5 1 3 2 3 2 1 0 3 1 0 0 0 0 1 2 2 3 1 0 0 3 3 0 0 5 4 6 2 12 3 1 0
21310050 616 6 3 2 3 2 2 2 1 0 3 1 0 0 0 0 0 4 2 0 0 0 1 5 3 1 0 12 6 1 0 1 3 0 3
21310051 528 8 2 1 3 1 1 3 2 3 1 0 2 1 0 0 0 0 3 2 3 0 0 3 2 3 5 4 1 4 3 3 0 12 3 0 0
21310052 513 1 2 1 0 3 1 0 0 0 0 0 1 0 0 1 1 0 0 12 6 0 4 4 1 2 0 0 0 2
21310053 498 3 2 2 1 1 0 3 1 0 0 0 0 1 2 0 0 0 3 7 4 3 6 12 1 3 3 5 0 3 0 0
21310054 569 9 3 2 1 3 1 2 1 3 2 1 0 3 1 0 0 0 0 3 3 3 2 0 0 0 0 0 0 5 1 1 5 6 1 2 12 2
21310055 509 2 3 2 1 0 2 1 0 0 0 0 0 1 1 6 3 3 0 1 6 1 3 12 2 0 0 1 3 0 0
21310056 519 11 1 2 1 1 2 3 3 3 3 2 1 1 0 2 1 0 0 0 0 4 3 4 1 0 0 0 5 6 0 0 12 1 2 3 6 2 3 0
21310057 567 3 3 3 2 1 0 1 1 0 0 0 0 0 1 2 0 1 2 0 12 3 7 3 8 4 2 3 5 1 4 0
21310058 488 3 2 1 3 1 0 1 1 0 0 0 0 1 1 1 1 2 3 2 3 7 4 12 0 0 9 4 0 3 3 0
21310060 552 6 2 2 2 1 3 3 1 0 3 1 0 0 0 0 1 3 2 0 2 1 0 12 3 3 0 5 5 7 0 4 1 3 1
21310061 488 11 3 2 3 2 3 1 1 3 2 2 1 1 0 1 1 0 0 0 0 3 4 4 12 5 3 4 3 6 2 1 3 3 0 0 0 0 0 3
21310062 560 10 3 1 1 2 1 1 2 3 2 2 1 0 3 1 0 0 0 0 4 4 2 12 4 3 2 2 0 1 0 5 1 3 0 3 0 0 0
21310063 551 10 3 1 2 2 1 1 3 2 3 2 1 0 3 1 0 0 0 0 3 4 3 1 12 4 3 1 4 3 4 0 2 4 1 0 0 2 0
21310064 557 3 2 1 2 1 0 3 1 0 0 0 0 1 2 0 0 3 12 4 2 3 4 5 3 0 3 1 0 0 1 0
21310065 521 0 1 0 2 1 0 0 0 0 0 0 0 0 0 2 1 0 0 4 4 0 4 6 7 1 5 7 12
21310066 548 0 1 0 1 1 0 0 0 0 0 0 0 2 5 4 12 2 1 3 5 0 0 4 4 0 0 3 0
21310067 629 10 2 2 2 1 3 1 2 3 3 1 1 0 3 1 0 0 0 0 3 4 3 1 0 2 0 1 1 3 3 2 4 6 12 0 3 4 3
21310069 561 4 3 1 1 1 1 0 2 1 0 0 0 0 3 0 1 0 2 3 0 0 2 6 0 1 3 4 0 2 3 12 7
21310070 501 7 2 1 2 2 1 3 1 1 0 1 1 0 0 0 0 3 3 1 4 2 12 0 3 4 6 1 0 5 3 0 0 3 3 2
21310071 604 9 1 3 3 2 3 3 2 2 1 1 0 2 1 0 0 0 0 2 3 4 0 1 3 3 0 2 6 1 4 2 4 4 1 12 1 5
21310072 600 10 1 2 1 3 3 1 3 2 2 2 1 0 3 1 0 0 0 0 3 4 3 0 3 1 0 1 4 2 0 0 6 5 0 0 3 12 3
21310073 600 11 1 1 3 2 2 3 2 2 3 3 1 1 0 1 1 0 0 0 0 3 4 4 12 4 1 3 3 3 6 2 4 1 1 2 2 0 0 0
21310074 511 8 2 2 3 3 1 3 3 2 1 0 1 1 0 0 0 0 1 3 4 12 4 3 1 8 3 2 0 3 4 0 0 1 3 0 0
21310075 560 11 2 2 1 3 1 3 3 3 1 2 1 1 0 2 1 0 0 0 0 4 3 4 0 0 6 1 0 5 5 2 3 1 3 3 0 12 2 3
21310076 560 5 2 1 1 3 2 1 0 3 1 0 0 0 0 2 2 1 2 3 0 0 0 4 3 8 3 5 5 1 4 7 12 0
21310077 492 5 1 2 3 1 1 1 0 2 1 0 0 0 0 3 1 1 3 0 2 0 3 4 6 0 0 5 4 3 0 3 6 12
21310078 573 0 1 0 1 1 0 0 0 0 0 0 0 0 0 5 12 3 2 5 4 0 0 2 4 1 0 0 3
21310079 535 6 2 1 3 2 1 2 1 0 3 1 0 0 0 0 2 3 1 0 0 3 0 4 3 1 1 5 4 2 0 12 4 3 3
21310080 633 2 2 2 1 0 2 1 0 0 0 0 0 2 0 12 3 5 1 4 7 4 4 1 3 0 0 3 1 0 0
21310081 541 10 2 1 2 3 2 2 3 1 1 3 1 0 3 1 0 0 0 0 3 4 3 1 0 4 12 2 3 5 1 0 0 5 2 0 4 3 1
21310082 542 0 1 0 2 1 0 0 0 0 0 0 0 0 3 6 12 1 4 4 7 0 2 4 1 0 0 0 3
21310083 584 8 2 1 1 3 2 1 3 1 1 0 2 1 0 0 0 0 4 2 2 4 0 5 0 5 4 12 4 6 3 3 0 3 3 2 0
21310084 475 8 1 2 3 2 1 3 2 3 1 0 3 1 0 0 0 0 2 3 3 0 0 4 1 0 0 3 3 0 2 4 1 1 3 2 12
21310085 584 2 2 1 1 0 2 1 0 0 0 0 1 1 0 3 3 0 1 12 5 1 0 5 2 2 0 0 1 0 0
21310086 499 11 2 2 3 1 1 1 3 3 2 3 2 1 0 1 1 0 0 0 0 3 4 4 0 1 2 0 4 4 0 0 3 5 4 3 12 2 4 1
21310087 497 7 3 3 1 1 2 1 3 1 0 2 1 0 0 0 0 3 1 3 0 0 0 3 0 3 1 3 2 2 4 12 0 4 4 6
21310088 576 8 3 3 2 3 1 2 2 3 1 0 1 1 0 0 0 0 1 3 4 2 0 0 0 1 1 0 0 5 5 4 3 12 4 4 3
21310089 585 6 3 3 3 2 1 1 1 0 2 1 0 0 0 0 2 1 3 0 3 1 2 0 3 12 4 0 0 4 5 1 0 3 2
21310090 515 5 3 1 2 3 2 1 0 1 1 0 0 0 0 1 2 2 12 5 5 0 8 4 2 2 7 6 4 1 1 0 0 0
21310091 601 5 1 2 3 3 2 1 0 2 1 0 0 0 0 1 2 2 12 4 3 0 7 6 1 0 4 0 3 1 3 0 0 0
21310092 550 7 1 2 1 3 1 2 3 1 0 2 1 0 0 0 0 3 2 2 0 12 4 2 0 3 5 2 0 3 1 0 3 0 1 0
21310093 590 4 1 3 3 2 3 1 7 0.33333333333333331 8 0.33333333333333331 9 0.33333333333333331 1 1 2 3 3 12 6 3 5 5 0 3 3 3 0 0 2 0 1
21310094 514 7 1 2 2 1 3 1 2 3 1 5 0.33333333333333331 6 0.33333333333333331 7 0.33333333333333331 3 3 1 3 4 12 0 2 3 5 4 1 0 3 0 3 0 0 3
21310095 501 5 2 1 3 2 2 1 0 3 1 0 0 0 0 1 3 1 1 2 0 1 0 0 5 3 0 4 3 1 0 4 4 12
21310096 530 3 3 2 2 1 0 2 1 0 0 0 0 0 2 1 1 3 6 12 0 4 5 4 2 1 3 4 0 3 1 1
21310097 498 4 2 2 1 3 1 0 2 1 0 0 0 0 1 2 1 12 1 5 0 6 4 4 3 3 3 1 1 0 0 2 0
21310098 587 9 2 2 3 3 1 1 1 3 3 1 0 2 1 0 0 0 0 3 2 4 5 6 3 12 3 4 5 4 0 0 3 3 0 0 2 1
21310099 538 2 3 1 1 0 2 1 0 0 0 0 1 0 1 0 1 0 0 12 4 0 0 5 4 6 0 3 3 3 2
21310100 591 9 1 1 3 1 3 2 2 1 3 1 0 2 1 0 0 0 0 4 2 3 2 2 0 0 0 5 1 1 3 4 3 4 0 2 3 12
21310101 595 10 2 1 1 1 2 3 3 3 2 1 1 0 3 1 0 0 0 0 4 3 3 0 0 2 3 0 12 4 3 2 3 6 7 1 1 3 2
21310102 607 8 2 1 2 3 1 3 2 1 1 0 1 1 0 0 0 0 3 3 2 3 3 5 12 3 4 7 4 0 0 5 2 0 3 0 0
21310103 566 5 3 1 3 2 2 1 0 2 1 0 0 0 0 1 2 2 0 0 3 0 3 3 4 1 6 4 6 4 1 6 8 12
21310104 596 8 3 1 3 2 1 2 1 2 1 0 3 1 0 0 0 0 3 3 2 12 4 3 0 3 5 5 0 2 3 0 0 0 1 0 4
21310106 565 2 3 1 1 0 2 1 0 0 0 0 1 0 1 12 5 3 2 1 4 4 0 3 2 1 0 3 3 0 0
21310107 553 11 2 3 1 2 2 3 3 1 1 1 2 1 0 3 1 0 0 0 0 4 4 3 0 1 3 2 0 1 6 5 2 4 5 12 3 3 3 0
21310108 520 8 3 3 2 2 1 1 2 3 1 0 2 1 0 0 0 0 2 3 3 0 1 0 0 2 3 3 0 3 6 5 1 12 1 4 3
21310109 547 7 2 3 2 1 1 2 1 1 0 3 1 0 0 0 0 3 3 1 0 0 3 0 1 2 0 0 3 4 3 4 3 6 12 4
21310110 647 5 1 3 3 2 2 1 0 3 1 0 0 0 0 1 2 2 4 6 8 12 0 3 4 5 1 3 6 2 0 1 0 0
21310111 609 2 1 3 1 0 2 1 0 0 0 0 1 0 1 0 0 0 5 1 2 5 5 0 0 6 7 0 3 4 12
21310112 640 4 3 2 3 1 1 0 3 1 0 0 0 0 1 1 2 12 8 4 0 4 5 0 1 3 3 2 0 0 2 1 0
21310113 530 0 1 0 1 1 0 0 0 0 0 0 0 3 0 2 0 0 4 2 3 4 3 3 0 1 4 12 0
21310114 526 7 3 1 2 3 3 1 3 1 0 1 1 0 0 0 0 2 1 4 0 2 0 2 1 4 1 3 0 3 3 12 2 5 5 2
21310116 525 5 1 3 2 1 3 1 0 2 1 0 0 0 0 2 1 2 2 0 1 0 3 1 3 0 4 12 2 0 4 4 5 6
21310117 549 6 3 1 1 1 3 2 1 0 3 1 0 0 0 0 3 1 2 1 3 0 6 8 3 0 0 2 4 5 2 3 12 2 0
21310118 613 0 1 0 3 1 0 0 0 0 0 0 0 0 2 2 1 0 3 3 5 0 4 7 12 2 1 4 1
21310119 493 1 2 1 0 3 1 0 0 0 0 0 1 0 0 0 2 4 1 1 1 3 0 3 6 12 2 4 3 3
21310120 555 9 2 3 1 3 1 1 3 1 3 3 1 6 0.33333333333333331 7 0.33333333333333331 8 0.33333333333333331 4 1 4 5 2 0 0 7 5 0 2 7 4 3 0 12 3 2 0
21310121 545 10 1 3 2 3 3 2 2 3 1 2 1 0 1 1 0 0 0 0 2 4 4 0 3 4 1 1 5 3 3 4 7 4 2 12 3 3 4
21310122 508 1 2 1 0 3 1 0 0 0 0 0 1 0 0 0 0 3 1 3 12 3 4 5 4 4 0 2 6 1
21310123 539 2 3 3 1 0 2 1 0 0 0 0 0 0 2 6 0 2 0 4 5 1 1 4 6 3 0 3 4 12 0
21310124 527 3 3 3 3 1 0 1 1 0 0 0 0 0 0 3 0 4 6 12 2 3 5 1 1 0 2 3 0 0 0 2
21310125 530 11 2 3 2 1 1 2 3 1 3 1 2 1 0 3 1 0 0 0 0 4 4 3 1 2 4 12 0 3 4 5 0 2 7 3 0 1 0 0
21310126 539 2 2 3 1 0 2 1 0 0 0 0 0 1 1 0 0 1 3 1 3 5 12 2 7 4 1 0 4 3 3
21310127 581 4 1 3 2 3 1 0 1 1 0 0 0 0 1 1 2 1 2 2 3 4 4 4 0 12 5 5 0 0 7 7 0
21310128 532 9 1 3 3 2 2 1 1 3 1 1 0 2 1 0 0 0 0 4 2 3 0 4 6 12 3 4 5 4 3 3 4 6 2 0 0 0
21310129 543 11 3 3 1 1 2 2 2 2 3 1 1 1 0 3 1 0 0 0 0 4 4 3 0 12 4 5 2 3 4 4 0 1 5 4 0 0 3 3
21310130 558 2 3 2 1 0 1 1 0 0 0 0 0 1 1 1 0 0 0 2 3 3 0 3 5 6 2 4 12 3 1
21310131 556 0 3 1 4 0.33333333333333331 5 0.33333333333333331 6 0.33333333333333331 0 0 0 0 3 3 0 0 5 4 0 8 1 6 3 2 12 7 5
21310133 583 8 3 2 1 2 3 3 1 1 3 1 7 0.33333333333333331 8 0.33333333333333331 9 0.33333333333333331 3 2 3 0 2 0 0 1 3 6 0 2 5 3 2 0 12 4 1
21310134 549 3 2 1 2 1 0 3 1 0 0 0 0 1 2 0 0 0 1 0 3 1 4 5 0 4 6 7 3 2 5 12
21310136 526 5 1 1 1 1 3 1 0 2 1 0 0 0 0 4 0 1 0 3 3 2 0 4 4 4 2 6 3 12 0 0 2 0
21310137 533 10 2 3 2 2 1 3 1 1 3 2 1 0 1 1 0 0 0 0 3 4 3 2 3 3 0 4 0 1 2 3 3 1 0 4 12 4 3
21310138 537 1 2 1 0 1 1 0 0 0 0 0 1 0 12 6 5 2 4 3 0 3 3 1 0 0 0 0 3 0
21310139 575 6 2 2 1 3 3 1 1 0 3 1 0 0 0 0 2 2 2 0 0 4 1 0 2 6 12 3 3 5 1 8 5 2 3
21310140 560 2 3 1 1 0 2 1 0 0 0 0 1 0 1 0 0 6 3 2 2 5 3 0 5 6 4 0 1 1 12
21310141 582 11 1 3 3 2 2 1 2 2 3 3 1 1 0 1 1 0 0 0 0 3 4 4 5 4 0 0 7 6 4 2 12 6 4 1 0 0 0 3
21310142 639 3 3 1 2 1 0 1 1 0 0 0 0 1 1 1 12 7 5 2 4 4 4 0 1 3 3 0 0 0 2 0
21310143 536 6 2 3 1 1 2 3 1 0 3 1 0 0 0 0 2 2 2 0 3 0 0 2 1 0 12 0 6 5 7 2 8 5 1
21310144 568 11 2 1 1 2 2 1 1 3 2 3 3 1 0 3 1 0 0 0 0 4 4 3 0 0 3 0 2 6 1 0 3 8 3 0 12 2 3 1
21310146 488 10 3 3 3 1 1 2 3 2 1 2 1 0 2 1 0 0 0 0 3 3 4 5 3 1 3 0 1 4 4 0 5 2 12 0 2 0 1
21310147 542 4 3 3 1 2 1 0 2 1 0 0 0 0 1 1 2 12 8 4 1 5 1 0 3 2 3 2 0 0 1 0 0
21310148 546 8 2 2 3 1 3 2 1 3 1 0 1 1 0 0 0 0 2 3 3 3 2 1 0 0 4 3 2 1 4 3 1 0 4 12 2
21310149 530 4 2 2 2 3 1 0 3 1 0 0 0 0 0 3 1 0 3 1 0 1 0 6 8 2 3 7 1 0 1 6 12
21310150 624 9 2 3 2 1 2 2 1 1 3 1 0 1 1 0 0 0 0 3 4 2 3 6 3 12 0 2 3 3 0 1 0 5 0 3 0 0
21310151 594 7 1 3 2 2 1 3 1 1 0 2 1 0 0 0 0 3 2 2 0 3 4 12 0 3 4 6 0 0 5 2 3 0 3 1
21310152 490 7 2 2 2 1 3 1 1 1 0 2 1 0 0 0 0 3 3 1 1 0 0 3 3 0 3 0 3 6 4 2 12 6 1 0
21310153 487 11 1 3 3 2 1 3 1 1 2 2 2 1 0 3 1 0 0 0 0 4 4 3 3 2 12 2 0 2 3 5 1 4 3 1 0 3 1 3
21310154 506 0 1 0 3 1 0 0 0 0 0 0 0 0 0 0 2 4 1 3 4 2 12 5 2 1 3 1 0
21310155 508 10 3 3 1 3 2 1 2 3 2 1 1 0 1 1 0 0 0 0 3 3 4 0 1 5 12 0 6 1 1 0 2 0 3 2 0 2 2
21310156 494 1 3 1 0 1 1 0 0 0 0 0 0 1 2 3 1 0 3 1 6 2 3 7 12 0 0 2 3 0
21310157 522 11 2 2 3 1 1 1 3 1 2 2 3 1 0 3 1 0 0 0 0 4 4 3 0 0 0 3 0 0 2 4 0 2 5 1 3 12 5 1
21310158 491 4 1 1 2 3 1 0 2 1 0 0 0 0 2 1 1 0 3 2 1 0 1 4 0 4 3 2 0 3 5 12 0
21310159 617 4 3 3 2 2 1 0 3 1 0 0 0 0 0 2 2 1 3 2 1 0 4 4 3 0 1 7 3 0 12 4 3
21310160 510 6 3 2 1 1 2 1 1 0 2 1 0 0 0 0 3 2 1 0 3 3 12 0 0 6 5 2 0 0 5 0 3 0 1
21310161 550 6 1 3 3 1 2 1 1 0 3 1 0 0 0 0 3 1 2 0 0 6 0 1 6 12 2 2 4 3 0 2 3 3 0
21310162 565 2 1 2 1 0 2 1 0 0 0 0 1 1 0 12 4 3 1 5 3 2 0 5 1 2 0 0 0 1 0
21310163 573 11 2 3 1 3 2 1 3 1 3 1 2 1 0 2 1 0 0 0 0 4 3 4 0 3 4 12 2 3 6 4 0 4 3 2 1 0 3 1
21310164 526 3 1 2 2 1 0 1 1 0 0 0 0 1 2 0 0 1 3 0 0 3 3 3 2 6 4 3 3 1 12 2
21310165 675 3 3 1 3 1 0 1 1 0 0 0 0 1 0 2 0 3 0 3 0 0 2 5 0 4 5 6 2 0 6 12
21310166 504 2 1 2 3 1 6 0.33333333333333331 7 0.33333333333333331 8 0.33333333333333331 1 1 0 3 3 4 2 12 6 4 0 6 5 3 0 0 3 1 0
21310167 532 1 3 1 0 1 1 0 0 0 0 0 0 1 1 2 2 0 4 7 3 0 4 5 1 0 12 4 3 2
21310168 556 9 3 3 3 2 1 2 2 2 1 1 0 1 1 0 0 0 0 2 4 3 3 0 0 0 3 1 0 0 3 4 5 2 3 5 12 1
21310169 557 6 3 1 1 3 1 3 1 0 1 1 0 0 0 0 3 0 3 12 2 2 0 4 1 4 3 3 5 6 2 2 0 2 0
21310170 579 9 1 2 1 2 2 3 1 3 3 1 0 3 1 0 0 0 0 3 3 3 2 0 0 0 4 3 0 1 4 6 1 0 5 12 2 0
21310171 488 8 1 2 1 1 2 1 3 3 1 0 3 1 0 0 0 0 4 2 2 8 12 5 3 1 6 3 2 2 4 0 0 2 0 0 0
21310172 495 11 3 1 3 2 1 2 2 1 3 3 1 1 0 2 1 0 0 0 0 4 3 4 1 0 0 0 4 4 2 3 5 6 2 0 12 1 3 0
21310173 503 5 1 2 3 3 1 1 0 3 1 0 0 0 0 2 1 2 0 1 7 12 5 4 4 2 1 0 2 2 0 0 2 1
21310174 480 3 2 2 3 1 0 2 1 0 0 0 0 0 2 1 0 2 0 0 1 1 3 4 1 4 5 3 0 12 3 1
21310175 574 5 1 3 2 2 2 1 0 1 1 0 0 0 0 1 3 1 0 3 0 0 12 4 3 0 5 5 1 3 6 3 0 0
21310176 488 8 2 2 1 3 1 2 2 1 1 0 1 1 0 0 0 0 3 4 1 3 0 1 0 4 0 4 0 4 3 2 0 5 12 3 3
21310177 501 8 2 1 1 2 2 2 3 3 1 0 3 1 0 0 0 0 2 4 2 1 7 1 0 7 0 3 3 2 4 12 0 3 1 4 3
21310178 529 10 2 3 1 3 1 2 3 2 3 1 1 0 2 1 0 0 0 0 3 3 4 3 4 12 1 1 1 4 0 2 4 6 0 3 0 2 0
21310179 617 8 3 1 1 2 1 2 3 3 1 0 2 1 0 0 0 0 3 2 3 0 0 3 12 0 4 5 5 3 2 3 4 1 0 0 0
21310180 575 7 2 1 3 1 2 3 3 1 0 2 1 0 0 0 0 2 2 3 1 4 6 12 0 3 3 4 0 2 4 0 0 3 0 1
21310181 649 6 3 3 3 2 1 3 1 0 1 1 0 0 0 0 1 1 4 0 0 0 2 0 2 1 3 0 0 5 3 1 2 12 4
21310182 562 6 1 1 3 2 3 1 1 0 2 1 0 0 0 0 3 1 2 0 0 0 1 4 6 2 3 0 4 6 12 2 3 4 4
21310183 564 10 2 1 1 3 2 3 3 1 2 1 1 0 2 1 0 0 0 0 4 3 3 8 8 12 1 0 2 4 4 0 3 4 3 0 0 0 4
21310184 570 6 1 1 3 2 2 3 1 0 2 1 0 0 0 0 2 2 2 0 1 1 2 0 3 4 6 2 3 6 12 0 0 1 3
21310185 504 1 3 1 0 2 1 0 0 0 0 0 0 1 12 4 4 0 6 6 3 0 4 3 2 3 0 0 1 1
21310186 527 6 1 2 3 2 3 1 1 0 3 1 0 0 0 0 2 2 2 0 0 0 2 0 3 4 12 0 6 3 8 1 4 3 3
21310187 561 4 3 1 2 1 1 0 1 1 0 0 0 0 2 1 1 2 3 2 3 0 6 7 5 0 3 1 12 0 0 2 0
21310189 470 2 2 3 1 0 1 1 0 0 0 0 0 1 1 0 2 0 0 0 3 3 0 1 4 5 12 0 7 7 3
21310190 602 1 2 1 0 2 1 0 0 0 0 0 1 0 1 7 3 1 12 2 1 0 1 5 3 3 0 0 2 3
21310191 531 10 1 1 2 2 1 3 3 3 1 2 1 0 3 1 0 0 0 0 4 3 3 0 0 2 0 2 3 3 6 0 12 6 4 0 1 3 4
21310192 617 4 3 2 1 2 1 0 1 1 0 0 0 0 1 2 1 12 3 5 3 4 4 4 3 2 3 0 0 0 0 1 0
21310193 520 7 2 3 1 1 3 3 2 1 0 2 1 0 0 0 0 2 2 3 12 3 1 0 7 4 2 0 6 3 1 1 0 0 2 0
21310194 583 0 1 0 2 1 0 0 0 0 0 0 0 3 1 2 3 5 3 5 1 12 3 7 0 0 0 3 3
21310195 457 7 1 2 1 2 2 2 3 1 0 3 1 0 0 0 0 2 4 1 4 4 3 0 12 6 1 3 7 3 1 0 0 3 0 0
21310196 545 5 3 2 3 1 1 1 0 1 1 0 0 0 0 2 1 2 0 0 2 0 12 4 4 2 4 5 3 0 1 2 3 0
21310197 496 10 2 2 1 1 3 3 3 2 1 2 1 0 3 1 0 0 0 0 3 4 3 0 3 1 0 3 4 8 0 3 5 6 5 3 4 12 0
21310198 530 4 1 2 2 3 1 0 3 1 0 0 0 0 1 2 1 2 0 3 0 1 4 7 12 0 1 4 4 0 1 2 3
21310199 555 2 2 1 1 0 1 1 0 0 0 0 1 1 0 1 2 3 12 0 2 8 3 0 3 3 1 0 0 0 2
21310200 584 6 3 2 1 3 3 1 1 0 2 1 0 0 0 0 2 1 3 2 0 6 0 3 1 0 0 2 3 6 1 12 4 2 1
21310201 525 4 2 3 2 3 1 0 1 1 0 0 0 0 0 2 2 4 6 8 4 12 4 4 0 1 1 3 0 0 0 0 2
21310202 484 0 1 0 1 1 0 0 0 0 0 0 0 2 3 4 0 3 5 3 1 12 5 3 2 6 0 0 0
21310203 596 4 3 3 3 2 1 0 1 1 0 0 0 0 0 1 3 0 0 0 2 0 0 1 12 0 4 5 6 2 1 3 3
21310204 503 9 1 1 1 3 2 3 2 2 3 1 0 1 1 0 0 0 0 3 3 3 0 1 0 5 2 4 2 3 0 12 3 3 3 0 0 0
21310205 546 1 1 1 0 1 1 0 0 0 0 1 0 0 2 1 0 0 0 3 0 5 2 4 4 8 2 7 7 12
21310206 571 10 3 1 2 2 3 1 1 1 2 3 1 0 2 1 0 0 0 0 4 3 3 12 4 5 0 2 4 1 0 3 4 3 3 0 0 3 0
21310207 542 0 1 0 3 1 0 0 0 0 0 0 0 0 3 0 0 12 3 0 0 4 6 4 1 6 4 5 2
21310208 519 0 1 0 1 1 0 0 0 0 0 0 0 0 2 0 0 0 1 5 4 2 3 6 4 6 3 4 12
21310209 554 1 1 1 0 1 1 0 0 0 0 1 0 0 12 1 4 0 2 2 4 0 6 1 2 0 3 3 0 2
21310210 587 1 2 1 0 2 1 0 0 0 0 0 1 0 0 4 1 1 1 3 6 12 0 2 1 3 0 0 5 2
21310211 504 5 3 3 1 3 1 1 0 3 1 0 0 0 0 2 0 3 2 0 1 0 0 1 6 2 2 4 5 2 0 4 5 12
21310212 588 10 1 3 2 2 1 3 1 2 3 3 1 0 1 1 0 0 0 0 3 3 4 3 1 0 2 3 12 3 0 2 4 5 0 7 4 0 0
21310213 534 10 2 2 3 3 3 1 1 3 2 1 1 0 2 1 0 0 0 0 3 3 4 5 3 3 1 12 5 4 0 3 6 0 0 3 5 0 0
21310214 523 4 3 3 1 3 1 0 1 1 0 0 0 0 1 0 3 1 2 7 12 3 4 5 3 0 2 4 2 0 0 3 3
21310215 538 5 2 1 1 3 3 1 0 2 1 0 0 0 0 2 1 2 5 4 4 0 7 5 3 0 12 3 1 2 0 0 3 0
21310216 494 0 1 0 2 1 0 0 0 0 0 0 0 2 3 1 12 0 0 4 3 1 0 5 2 0 1 3 0
21310217 517 6 2 1 1 3 3 1 1 0 2 1 0 0 0 0 3 1 2 0 4 2 12 0 1 8 5 2 3 2 3 0 0 1 3
21310218 558 2 3 2 1 0 1 1 0 0 0 0 0 1 1 12 7 3 3 6 3 5 0 7 3 4 0 0 5 0 0
21310219 611 4 1 2 1 3 1 0 3 1 0 0 0 0 2 1 1 0 12 7 4 3 3 6 4 2 0 3 0 2 0 1 0
21310220 605 7 1 3 1 1 2 3 2 1 0 2 1 0 0 0 0 3 2 2 0 0 3 0 0 3 0 1 0 3 5 2 3 12 8 7
21310221 519 8 3 2 2 1 3 3 2 1 1 0 1 1 0 0 0 0 2 3 3 2 1 5 12 1 3 5 2 3 2 4 1 0 0 0 3
21310222 485 0 1 0 1 1 0 0 0 0 0 0 0 12 7 5 2 4 5 0 3 3 3 2 1 3 0 0 0
21310223 551 10 2 1 3 3 2 3 2 1 3 2 1 0 1 1 0 0 0 0 2 4 4 1 0 2 0 4 12 3 0 1 4 2 4 3 1 3 3
21310224 624 11 2 2 3 1 1 3 2 3 1 3 2 1 0 1 1 0 0 0 0 3 4 4 1 0 0 0 2 3 12 0 3 7 2 0 8 3 3 1
21310225 552 5 1 2 2 1 3 1 0 1 1 0 0 0 0 2 2 1 0 0 1 0 3 0 2 0 2 5 4 4 0 5 5 12
21310226 562 9 1 2 2 3 3 1 2 3 2 1 0 1 1 0 0 0 0 2 4 3 0 0 1 0 0 2 9 4 0 3 4 4 3 7 1 12
21310227 464 3 2 1 3 1 0 3 1 0 0 0 0 1 1 1 0 2 1 0 0 4 1 3 0 1 6 5 2 2 3 12
21310228 496 8 2 1 1 1 3 1 2 2 1 0 3 1 0 0 0 0 4 3 1 0 3 0 0 0 3 3 2 3 3 5 3 0 4 6 12
21310229 654 3 2 2 1 1 0 2 1 0 0 0 0 1 2 0 12 6 1 0 5 0 4 3 2 1 1 0 0 0 0 3
21310230 648 5 2 1 3 1 1 1 0 3 1 0 0 0 0 3 1 1 3 0 0 7 0 0 2 5 2 2 4 4 3 12 6 1
21310231 586 4 3 2 3 1 1 0 1 1 0 0 0 0 1 1 2 5 0 3 0 0 2 4 0 4 6 3 0 12 3 2 1
21310232 474 7 3 1 3 3 2 1 2 1 0 1 1 0 0 0 0 2 2 3 3 1 12 0 5 5 4 0 3 4 0 2 3 2 0 0
21310233 638 7 2 3 1 2 2 3 2 1 0 3 1 0 0 0 0 1 4 2 0 0 3 3 3 1 4 6 0 6 5 12 1 0 0 1
21310234 548 5 2 1 1 3 2 1 0 3 1 0 0 0 0 2 2 1 0 0 2 3 0 5 1 4 3 12 3 3 1 2 6 8
21310235 509 7 2 1 2 3 1 3 3 1 0 2 1 0 0 0 0 2 2 3 0 3 3 0 3 2 4 2 2 0 1 12 1 1 1 4
21310236 560 4 1 1 1 2 1 0 3 1 0 0 0 0 3 1 0 12 7 6 2 0 6 6 3 3 1 3 2 0 3 3 2
21310237 540 10 1 3 3 1 3 1 3 2 2 2 1 0 1 1 0 0 0 0 3 3 4 0 1 0 2 2 3 1 0 4 5 2 0 3 12 4 0
21310238 641 6 1 1 2 2 3 3 1 0 1 1 0 0 0 0 2 2 2 0 4 4 12 0 1 5 2 0 0 6 2 2 0 1 3
21310239 620 9 3 2 3 2 1 3 2 1 1 1 0 1 1 0 0 0 0 3 3 3 4 1 2 3 7 4 3 2 12 3 0 0 0 3 0 0
21310240 511 4 1 2 3 1 1 0 3 1 0 0 0 0 2 1 1 1 1 3 12 0 2 4 2 1 4 7 2 0 0 0 2
21310242 547 7 1 2 3 2 3 1 3 1 0 2 1 0 0 0 0 2 2 3 0 12 6 4 0 1 3 3 1 6 5 3 2 0 7 6
21310243 496 7 1 2 1 3 3 1 2 3 1 7 0.33333333333333331 8 0.33333333333333331 9 0.33333333333333331 3 2 2 0 0 0 3 0 2 0 0 2 5 1 4 1 12 4 2
21310244 574 7 3 3 2 2 1 1 1 1 0 3 1 0 0 0 0 3 2 2 3 4 2 3 0 2 4 12 1 0 3 3 0 0 6 3
21310245 622 8 3 1 3 3 2 2 2 1 1 0 1 1 0 0 0 0 2 3 3 4 3 0 1 1 4 0 0 12 0 0 0 3 2 4 2
21310246 617 11 3 1 1 2 3 2 3 3 1 2 1 1 0 2 1 0 0 0 0 4 3 4 0 0 1 1 0 2 4 0 2 4 6 12 0 3 3 5
21310247 555 7 1 2 3 1 2 2 3 1 0 1 1 0 0 0 0 2 3 2 3 0 0 0 3 6 2 0 1 6 0 3 12 3 4 0
21310248 537 5 1 3 1 2 3 1 0 1 1 0 0 0 0 2 1 2 0 7 0 2 2 6 2 12 0 4 3 5 0 1 3 4
21310249 513 7 1 2 2 1 3 3 2 1 0 2 1 0 0 0 0 2 3 2 4 12 3 0 5 1 2 1 1 3 4 0 3 0 0 0
21310250 558 8 3 1 2 1 3 3 1 2 1 0 2 1 0 0 0 0 3 2 3 12 6 3 0 3 5 3 0 3 2 0 1 3 0 0 0
21310251 497 4 2 2 2 3 1 0 1 1 0 0 0 0 0 3 1 0 4 3 3 0 4 6 5 3 1 3 12 0 0 1 0
21310252 497 8 2 1 1 2 3 3 3 2 1 0 2 1 0 0 0 0 2 3 3 1 2 0 0 1 4 0 0 12 5 3 1 4 3 0 0
21310253 559 4 2 3 1 2 1 0 1 1 0 0 0 0 1 2 1 0 0 0 1 1 4 4 6 2 1 2 3 0 3 12 2
21310254 472 0 1 0 1 1 0 0 0 0 0 0 0 5 2 0 0 6 3 0 1 12 6 3 0 0 4 2 0
21310255 555 1 1 1 0 2 1 0 0 0 0 1 0 0 3 0 3 2 1 7 3 0 5 7 4 0 12 1 2 0
21310256 514 4 3 2 3 1 3 1 5 0.33333333333333331 6 0.33333333333333331 7 0.33333333333333331 1 1 2 12 6 4 0 4 8 4 2 4 3 1 0 0 0 2 1
21310257 582 9 3 1 2 1 2 2 2 1 1 1 0 3 1 0 0 0 0 4 4 1 3 5 8 12 4 4 1 1 0 2 0 2 0 0 3 0
21310258 495 6 2 3 2 1 1 3 1 0 1 1 0 0 0 0 2 2 2 12 6 6 3 0 4 3 6 2 3 3 0 0 1 2 0
21310259 514 2 1 1 1 0 3 1 0 0 0 0 2 0 0 2 0 0 0 12 3 5 3 3 5 2 3 4 3 0 0
21310260 563 10 1 2 1 1 3 2 3 2 3 3 1 0 1 1 0 0 0 0 3 3 4 3 3 3 3 0 1 5 5 0 3 2 12 0 2 0 0
21310261 579 0 1 0 1 1 0 0 0 0 0 0 0 0 2 0 0 2 1 4 4 0 4 6 7 0 4 5 12
21310262 651 9 2 3 3 2 1 2 3 1 3 1 0 2 1 0 0 0 0 2 3 4 3 1 3 5 2 5 3 12 0 0 1 0 0 0 0 1
21310263 615 8 1 1 2 1 2 3 1 3 1 0 3 1 0 0 0 0 4 2 2 1 2 3 2 6 3 7 2 12 5 3 0 0 1 0 2
21310264 595 7 3 3 2 2 1 3 1 1 0 3 1 0 0 0 0 2 2 3 1 0 2 0 2 1 4 1 0 0 3 2 0 6 8 12
21310266 644 2 1 1 1 0 1 1 0 0 0 0 2 0 0 12 5 3 2 7 4 2 0 6 3 3 0 0 0 6 2
21310267 554 1 1 1 0 2 1 0 0 0 0 1 0 0 2 3 2 3 7 6 1 0 12 1 3 3 1 0 2 0
21310268 634 11 2 1 3 2 2 2 1 3 3 3 1 1 0 1 1 0 0 0 0 3 4 4 1 2 0 0 3 4 3 2 5 5 3 1 12 7 4 3
21310269 597 5 2 1 1 3 1 3 1 4 0.33333333333333331 5 0.33333333333333331 6 0.33333333333333331 3 1 1 2 4 3 3 3 3 2 0 5 12 4 0 0 0 6 0
21310270 535 1 2 1 0 2 1 0 0 0 0 0 1 0 4 12 3 0 3 3 5 0 5 1 1 2 0 1 0 0
21310271 508 5 1 2 3 1 2 1 0 2 1 0 0 0 0 2 2 1 0 2 3 12 3 5 3 1 3 4 4 1 0 0 1 2
21310272 518 8 3 1 2 2 3 3 3 1 1 0 1 1 0 0 0 0 2 2 4 0 2 0 0 12 2 1 0 4 6 1 0 3 4 4 2
21310273 516 6 1 2 1 3 3 3 1 0 3 1 0 0 0 0 2 1 3 4 4 12 3 2 6 5 1 1 3 0 2 0 0 2 0
21310274 554 1 1 1 0 3 1 0 0 0 0 1 0 0 0 0 0 1 6 3 12 2 4 4 5 0 0 2 4 0
21310275 501 0 1 0 1 1 0 0 0 0 0 0 0 0 1 3 0 2 3 7 4 4 3 5 4 2 12 3 5
21310276 473 3 1 3 1 1 0 2 1 0 0 0 0 2 0 1 3 2 0 0 1 2 0 0 5 8 0 1 7 6 12 2
21310277 572 4 3 1 3 1 1 0 1 1 0 0 0 0 2 0 2 12 7 2 2 3 6 6 0 0 3 7 0 0 0 2 3
21310278 567 0 1 0 2 1 0 0 0 0 0 0 0 3 0 2 0 0 0 2 0 1 12 3 1 1 3 4 6
21310279 545 9 3 2 1 2 2 2 3 1 1 1 0 3 1 0 0 0 0 3 4 2 3 0 0 0 12 3 0 1 1 6 5 0 3 1 2 2
21310280 563 1 3 1 0 1 1 0 0 0 0 0 0 1 12 5 3 0 2 5 1 2 2 6 1 0 3 0 0 0
21310281 599 4 1 2 1 2 1 0 3 1 0 0 0 0 2 2 0 0 0 3 5 0 0 3 6 2 0 3 12 0 1 3 4
21310282 503 3 2 2 1 1 0 3 1 0 0 0 0 1 2 0 0 3 0 0 0 5 1 12 1 1 6 6 2 2 4 5
21310283 534 7 1 3 3 1 2 2 1 1 0 3 1 0 0 0 0 3 2 2 3 2 1 2 1 2 6 6 0 4 1 12 0 0 2 0
21310284 623 0 1 0 2 1 0 0 0 0 0 0 0 2 2 0 0 0 3 1 0 0 5 3 12 1 6 3 1
21310285 482 0 1 0 1 1 0 0 0 0 0 0 0 0 0 1 3 1 0 2 6 2 2 3 1 0 4 2 12
21310286 549 0 1 0 1 1 0 0 0 0 0 0 0 0 3 3 3 7 0 5 12 0 0 1 8 0 2 2 3
21310287 584 7 2 1 2 2 1 3 3 1 0 1 1 0 0 0 0 2 3 2 0 1 3 1 2 3 6 6 0 2 4 12 0 0 2 1
21310288 596 6 2 3 3 3 2 1 1 0 2 1 0 0 0 0 1 2 3 2 0 0 5 1 3 5 0 1 4 5 6 1 4 12 0
21310289 506 11 2 1 2 3 1 2 3 1 2 3 3 1 0 1 1 0 0 0 0 3 4 4 3 2 4 3 1 12 2 0 5 1 3 1 2 0 0 0
21310290 594 6 2 2 2 3 1 1 1 0 1 1 0 0 0 0 2 3 1 0 1 4 4 3 3 12 4 0 3 7 4 0 0 4 2
21310291 489 8 1 2 1 3 1 2 2 3 1 0 3 1 0 0 0 0 3 3 2 0 0 7 6 3 12 3 3 0 3 2 4 2 1 5 1
21310292 550 3 2 3 2 1 0 1 1 0 0 0 0 0 2 1 1 1 3 0 5 4 8 3 3 7 3 2 12 0 6 0
21310293 581 3 1 1 3 1 0 1 1 0 0 0 0 2 0 1 3 4 12 0 2 3 7 1 3 4 4 2 2 2 0 0
21310294 545 9 1 2 1 2 3 2 2 1 3 1 0 3 1 0 0 0 0 3 4 2 0 1 0 0 5 3 2 3 1 12 2 0 1 3 0 0
21310295 564 8 2 2 1 3 2 3 3 1 1 0 3 1 0 0 0 0 2 3 3 1 0 0 0 2 3 0 0 5 4 0 0 5 12 3 1
21310296 557 4 2 3 3 3 1 0 2 1 0 0 0 0 0 1 3 12 1 5 0 5 3 1 1 4 2 0 0 0 2 1 0
21310297 572 8 1 2 3 1 3 3 1 2 1 0 2 1 0 0 0 0 3 2 3 0 2 1 3 3 2 4 0 7 5 1 3 12 4 3 0
21310298 562 3 3 2 1 1 0 2 1 0 0 0 0 1 1 1 8 6 12 3 4 3 3 0 0 4 4 0 0 0 1 0
21310299 592 10 2 1 3 1 1 2 3 2 2 3 1 0 1 1 0 0 0 0 3 4 3 12 4 1 0 4 6 4 0 2 4 0 2 3 1 0 0
21310300 538 2 1 2 1 0 3 1 0 0 0 0 1 1 0 12 1 2 3 3 5 5 2 1 3 2 0 1 0 0 0
21310301 547 6 2 1 1 3 2 3 1 0 2 1 0 0 0 0 2 2 2 12 5 2 1 4 5 4 0 1 3 0 0 3 0 0 0
21310302 566 0 1 0 1 1 0 0 0 0 0 0 0 0 0 0 2 1 2 4 1 0 4 5 5 2 3 7 12
21310303 565 2 2 1 1 0 3 1 0 0 0 0 1 1 0 0 1 4 1 0 2 5 3 4 5 7 6 2 3 0 12
21310304 537 7 2 1 2 1 3 1 3 1 0 3 1 0 0 0 0 3 2 2 0 1 0 0 3 0 2 0 12 4 6 2 4 6 0 6
21310305 609 5 2 1 3 1 3 1 0 1 1 0 0 0 0 2 1 2 0 5 2 0 0 0 5 4 0 4 6 3 6 12 4 2
21310307 594 6 3 3 1 2 3 2 1 0 3 1 0 0 0 0 1 2 3 12 3 0 0 6 3 0 2 1 6 1 1 0 2 0 0
21310308 484 1 2 1 0 2 1 0 0 0 0 0 1 0 0 1 0 0 12 6 3 0 7 6 5 2 3 1 3 1
21310309 566 11 1 1 1 3 2 3 3 3 1 2 2 1 0 2 1 0 0 0 0 4 3 4 4 2 1 0 1 5 5 1 12 2 2 0 3 0 0 0
21310310 594 2 1 3 3 1 6 0.33333333333333331 7 0.33333333333333331 8 0.33333333333333331 1 0 1 0 2 0 0 2 3 0 0 1 4 5 3 12 7 4 3
21310311 541 2 1 1 1 0 1 1 0 0 0 0 2 0 0 0 0 7 6 5 12 3 0 7 4 2 3 2 4 2 3
21310312 533 7 1 3 2 1 1 2 3 1 0 1 1 0 0 0 0 3 2 2 0 2 5 6 0 4 5 2 3 4 6 12 0 0 3 0
21310313 509 3 1 3 3 1 0 3 1 0 0 0 0 1 0 2 1 0 2 0 3 2 3 0 0 4 6 4 3 6 5 12
21310314 545 0 1 0 2 1 0 0 0 0 0 0 0 1 3 5 3 3 5 12 3 0 2 4 0 0 0 1 0
21310315 504 5 3 1 2 1 2 1 0 3 1 0 0 0 0 2 2 1 0 0 1 0 6 4 2 0 7 4 0 3 12 5 4 0
21310316 589 8 3 2 3 3 1 2 3 2 1 0 1 1 0 0 0 0 1 3 4 0 12 1 5 0 5 3 1 0 0 2 2 6 1 0 0
21310317 558 0 1 0 1 1 0 0 0 0 0 0 0 5 4 4 12 3 4 6 1 0 3 2 4 0 0 2 0
21310318 564 5 3 2 3 2 2 1 0 1 1 0 0 0 0 0 3 2 0 1 0 0 0 3 4 12 0 4 3 6 1 0 3 5
21310319 615 4 1 3 2 3 1 0 2 1 0 0 0 0 1 1 2 12 3 1 2 3 7 4 3 1 5 3 0 0 0 3 0
21310320 530 8 2 1 3 1 1 2 1 3 1 0 2 1 0 0 0 0 4 2 2 2 4 12 3 3 1 5 7 0 2 4 4 0 0 0 3
21310321 538 8 2 1 2 1 1 1 2 2 3 1 6 0.33333333333333331 7 0.33333333333333331 8 0.33333333333333331 4 4 0 3 3 3 3 0 3 5 4 0 0 4 12 0 0 0 3
21310322 522 5 1 3 2 2 1 1 0 2 1 0 0 0 0 2 2 1 0 0 3 0 3 6 4 0 3 4 4 1 12 5 3 0
21310323 504 7 1 1 1 3 1 2 3 1 0 3 1 0 0 0 0 4 1 2 0 5 3 12 2 6 4 5 2 3 3 4 0 2 0 0
21310324 494 0 1 0 3 1 0 0 0 0 0 0 0 7 4 1 0 5 12 3 1 4 6 4 2 4 2 0 0
21310325 565 3 1 2 2 1 0 1 1 0 0 0 0 1 2 0 0 12 4 1 1 4 6 3 2 2 2 4 0 1 3 3
21310326 545 5 1 2 3 1 3 1 0 2 1 0 0 0 0 2 1 2 2 0 0 1 0 12 4 4 0 1 5 3 2 4 2 1
21310327 597 5 3 3 2 2 1 1 0 3 1 0 0 0 0 1 2 2 0 2 2 0 0 2 5 1 3 1 3 1 1 12 4 9
21310328 515 8 3 1 3 1 1 2 2 2 1 0 3 1 0 0 0 0 3 3 2 0 0 2 0 7 1 1 0 5 3 4 0 2 4 12 3
21310329 518 1 3 1 0 1 1 0 0 0 0 0 0 1 7 3 2 0 4 6 3 0 12 5 3 0 4 0 2 1
21310330 597 7 1 3 1 3 3 2 1 1 0 1 1 0 0 0 0 3 1 3 0 0 2 4 2 2 5 3 5 3 7 3 0 3 3 12
21310331 566 1 2 1 0 2 1 0 0 0 0 0 1 0 3 1 3 2 4 4 1 0 12 4 3 0 0 1 0 0
21310332 534 6 3 1 2 2 3 3 1 0 1 1 0 0 0 0 1 2 3 0 0 2 12 3 1 0 7 1 1 3 2 0 0 0 2
21310333 553 5 2 3 1 1 2 1 0 2 1 0 0 0 0 2 2 1 0 2 0 0 1 4 0 4 7 5 5 0 12 6 3 1
21310334 498 10 2 1 1 3 3 2 1 1 3 2 1 0 2 1 0 0 0 0 4 3 3 0 3 0 3 1 2 3 0 3 5 4 3 12 7 9 3
21310335 477 4 1 1 2 3 1 0 2 1 0 0 0 0 2 1 1 3 12 6 4 0 2 3 4 0 6 1 1 0 3 2 0
21310336 509 7 1 2 2 3 2 2 1 1 0 3 1 0 0 0 0 2 4 1 3 1 0 0 0 3 2 0 0 4 6 1 0 1 3 12
21310337 641 2 2 1 1 0 2 1 0 0 0 0 1 1 0 3 3 4 5 0 0 12 8 0 0 2 3 0 0 1 1
21310338 554 3 3 3 2 1 0 1 1 0 0 0 0 0 1 2 12 4 3 0 3 4 3 2 3 7 0 0 4 0 0 1
21310339 500 5 1 1 2 1 2 1 0 2 1 0 0 0 0 3 2 0 0 3 3 0 2 3 4 12 1 5 3 2 0 4 1 3
21310340 607 3 1 2 3 1 0 2 1 0 0 0 0 1 1 1 1 2 5 3 4 12 4 1 1 4 0 0 0 0 0 2
21310341 500 0 1 0 1 1 0 0 0 0 0 0 0 0 0 3 1 0 2 2 1 2 4 4 3 3 5 7 12
21310342 564 1 1 1 0 2 1 0 0 0 0 1 0 0 5 12 0 0 1 5 4 0 2 3 4 2 3 2 1 1
21310343 581 0 1 0 2 1 0 0 0 0 0 0 0 0 2 1 0 4 6 0 0 4 5 0 2 1 1 12 3
21310344 486 7 2 2 3 2 3 1 1 1 0 3 1 0 0 0 0 2 3 2 1 1 0 0 4 0 0 1 5 3 2 0 12 3 2 0
21310345 567 7 2 3 3 2 1 1 2 1 0 2 1 0 0 0 0 2 3 2 1 4 0 0 2 3 5 3 3 1 12 1 7 0 0 0
21310346 527 9 3 2 3 1 1 1 3 3 2 1 0 1 1 0 0 0 0 3 2 4 0 3 3 3 2 4 4 4 0 4 3 12 0 0 0 2
21310347 545 8 2 3 2 2 3 1 1 1 1 0 3 1 0 0 0 0 3 3 2 0 2 0 0 1 3 4 1 2 4 1 3 3 2 8 12
21310348 485 9 3 3 3 2 1 1 1 3 1 1 0 2 1 0 0 0 0 4 1 4 0 0 2 0 0 4 2 4 3 1 6 6 2 3 12 3
21310350 455 5 2 2 1 2 3 1 0 3 1 0 0 0 0 1 3 1 0 3 4 3 7 6 6 3 0 12 3 3 0 1 1 0
21310351 593 7 1 3 1 2 1 2 3 1 0 2 1 0 0 0 0 3 2 2 2 6 7 12 4 6 2 1 3 3 3 3 0 3 1 0
21310352 545 4 3 1 3 3 1 0 2 1 0 0 0 0 1 0 3 12 3 2 2 4 3 1 1 3 4 1 0 2 0 0 0
21310354 579 1 2 1 0 2 1 0 0 0 0 0 1 0 0 3 0 0 2 5 1 1 0 8 1 1 8 12 3 2
21310355 584 3 1 3 3 1 0 2 1 0 0 0 0 1 0 2 3 2 3 1 12 4 3 0 4 3 0 0 3 2 0 1
21310356 632 1 2 1 0 1 1 0 0 0 0 0 1 0 0 1 0 3 0 5 3 12 0 4 4 5 4 2 3 3
21310357 546 9 3 2 3 3 2 1 2 1 2 1 0 1 1 0 0 0 0 2 4 3 3 4 4 12 0 3 5 7 3 0 5 5 0 0 1 0
21310358 562 2 1 2 1 0 1 1 0 0 0 0 1 1 0 2 2 7 0 12 3 2 1 3 4 5 3 0 1 0 3
21310359 527 6 3 1 1 3 1 2 1 0 3 1 0 0 0 0 3 1 2 0 0 6 4 0 0 5 12 0 3 4 3 2 0 4 2
21310360 468 2 1 1 3 1 5 0.33333333333333331 6 0.33333333333333331 7 0.33333333333333331 2 0 0 0 0 2 0 4 1 0 3 7 5 3 2 12 2 3 0
21310361 525 10 3 1 2 3 2 1 2 3 1 2 3 1 5 0.33333333333333331 6 0.33333333333333331 7 0.33333333333333331 3 4 3 1 4 3 0 1 5 3 3 3 7 6 0 12 2 5 0
21310362 567 3 1 3 3 1 0 2 1 0 0 0 0 1 0 2 2 3 3 6 1 7 5 7 0 3 6 12 2 0 1 0
21310363 554 10 1 3 1 2 3 2 3 1 1 3 1 0 2 1 0 0 0 0 4 2 4 0 2 0 0 0 4 0 3 2 1 6 3 0 12 6 3
21310364 551 1 3 1 0 3 1 0 0 0 0 0 0 1 12 3 4 2 7 6 4 3 1 5 0 2 1 6 0 0
21310365 525 4 1 1 2 1 1 0 2 1 0 0 0 0 3 1 0 12 7 4 0 8 6 3 2 5 5 3 0 2 1 0 0
21310366 618 6 3 3 1 2 2 2 1 0 2 1 0 0 0 0 1 3 2 12 1 1 0 4 7 3 0 3 5 4 0 3 3 0 1
21310367 570 6 2 1 2 3 1 3 1 0 1 1 0 0 0 0 2 2 2 3 3 0 0 3 1 5 0 12 6 2 0 4 1 2 2
21310368 525 5 2 2 1 1 3 1 0 1 1 0 0 0 0 2 2 1 3 0 0 0 4 3 2 0 6 5 5 0 12 2 1 3
21310369 640 8 1 2 1 3 2 2 1 2 1 0 3 1 0 0 0 0 3 4 1 1 3 3 3 2 7 5 1 12 2 3 0 1 0 0 0
21310371 449 1 2 1 0 3 1 0 0 0 0 0 1 0 1 4 3 2 3 12 6 0 3 5 5 6 1 0 7 0
21310372 552 9 2 1 2 3 2 1 3 1 2 1 0 1 1 0 0 0 0 3 4 2 0 0 3 3 6 3 5 4 0 3 12 1 0 2 5 3
21310373 560 7 1 1 2 1 1 2 3 1 0 3 1 0 0 0 0 4 2 1 12 5 4 0 4 4 6 2 1 2 3 0 0 0 0 2
21310374 581 6 2 1 1 3 1 3 1 0 2 1 0 0 0 0 3 1 2 0 3 2 0 0 4 0 4 2 1 4 12 0 4 2 1
21310375 522 2 2 3 1 0 2 1 0 0 0 0 0 1 1 1 12 7 5 0 4 4 1 0 6 2 0 0 1 0 0
21310376 636 11 2 1 3 1 1 3 3 2 2 3 1 1 0 2 1 0 0 0 0 4 3 4 12 8 2 0 6 6 4 3 4 3 1 0 3 0 0 0
21310377 499 9 3 3 1 2 1 3 2 1 2 1 0 1 1 0 0 0 0 3 3 3 0 3 7 3 0 0 3 12 2 4 5 3 3 0 0 0
21310378 557 4 2 3 3 3 1 0 2 1 0 0 0 0 0 1 3 2 0 1 0 0 0 1 3 1 3 5 6 1 3 2 12
21310379 522 11 1 3 2 1 3 3 2 2 1 2 3 1 0 1 1 0 0 0 0 3 4 4 3 0 0 1 12 1 1 0 6 2 2 2 5 4 4 0
21310380 549 3 1 2 1 1 0 3 1 0 0 0 0 2 1 0 4 3 3 12 3 6 5 4 0 0 2 3 1 0 2 0
21310381 575 1 2 1 0 2 1 0 0 0 0 0 1 0 1 3 1 0 3 12 4 0 2 4 1 2 3 0 3 1
21310382 557 1 3 1 0 1 1 0 0 0 0 0 0 1 0 2 0 0 4 3 3 0 7 3 5 0 12 4 5 3
21310383 610 2 1 3 1 0 2 1 0 0 0 0 1 0 1 1 3 4 12 0 2 7 3 1 4 2 2 0 3 1 0
21310384 533 8 3 3 2 1 1 3 1 2 1 0 2 1 0 0 0 0 3 2 3 2 0 0 0 3 0 1 3 4 4 2 0 12 5 1 0
21310385 528 4 3 1 3 3 1 0 1 1 0 0 0 0 1 0 3 4 4 1 2 5 3 2 2 12 1 4 0 2 0 0 0
21310386 598 9 1 1 1 2 2 3 3 3 2 1 0 3 1 0 0 0 0 3 3 3 12 5 2 1 3 3 5 0 1 1 8 0 2 0 2 0
21310387 577 8 3 2 1 3 2 2 1 1 1 0 3 1 0 0 0 0 3 3 2 12 2 3 2 4 5 1 0 4 3 3 0 3 0 1 0
21310388 546 6 3 1 2 2 3 1 1 0 1 1 0 0 0 0 2 2 2 2 8 12 0 5 3 1 0 5 2 3 0 1 0 3 2
21310389 543 3 3 2 1 1 0 1 1 0 0 0 0 1 1 1 0 5 7 12 2 2 7 3 1 4 0 0 1 2 0 0
21310390 569 8 3 2 3 2 1 2 3 2 1 0 3 1 0 0 0 0 1 4 3 1 1 0 1 5 3 1 0 3 6 3 4 12 4 2 0
21310391 603 11 1 3 1 2 3 1 3 2 2 2 1 1 0 3 1 0 0 0 0 4 4 3 3 12 6 8 0 3 4 4 0 4 2 3 0 0 1 4
21310392 635 1 3 1 0 2 1 0 0 0 0 0 0 1 0 2 0 3 12 0 1 0 4 7 3 0 1 4 5 3
21310393 490 3 1 1 3 1 0 1 1 0 0 0 0 2 0 1 12 2 2 3 5 5 0 0 1 4 3 2 0 2 3 0
21310394 571 2 3 1 1 0 1 1 0 0 0 0 1 0 1 2 2 12 3 0 3 1 3 1 4 2 4 0 3 3 2
21310395 509 1 3 1 0 2 1 0 0 0 0 0 0 1 3 0 1 1 12 5 0 0 7 5 2 0 1 3 4 2
21310396 587 1 2 1 0 3 1 0 0 0 0 0 1 0 0 0 1 2 3 3 1 3 5 12 4 3 3 3 3 0
21310397 468 2 1 1 1 0 1 1 0 0 0 0 2 0 0 2 0 0 0 12 4 2 0 5 3 3 2 4 4 0 3
21310398 531 2 1 3 1 0 3 1 0 0 0 0 1 0 1 5 0 5 3 0 0 4 2 0 3 7 4 0 12 5 3
21310399 532 10 3 2 3 1 2 3 2 1 2 1 1 0 1 1 0 0 0 0 3 4 3 1 2 3 12 2 4 7 2 4 1 3 3 3 0 1 0
21310400 511 8 2 3 1 2 3 1 2 2 1 0 3 1 0 0 0 0 2 4 2 1 2 0 0 4 3 3 0 1 6 5 0 12 3 1 3
21310401 481 2 2 2 1 0 2 1 0 0 0 0 0 2 0 12 4 4 1 4 1 0 0 1 4 0 2 0 6 1 0
21310402 594 8 1 1 2 2 3 2 3 3 1 0 3 1 0 0 0 0 2 3 3 0 1 0 2 8 4 1 0 7 3 5 1 12 4 2 0
21310403 562 1 3 1 0 1 1 0 0 0 0 0 0 1 2 3 1 4 0 0 12 2 0 3 1 5 0 2 0 0
21310404 512 2 1 2 1 0 3 1 0 0 0 0 1 1 0 3 0 4 0 2 1 5 3 0 3 1 12 8 2 3 4
21310405 513 11 1 3 2 2 3 2 3 1 1 1 2 1 0 3 1 0 0 0 0 4 4 3 0 0 2 0 1 5 2 0 7 5 1 3 12 3 0 0
21310406 604 1 3 1 0 1 1 0 0 0 0 0 0 1 0 3 0 2 12 5 2 0 3 6 3 1 4 3 0 3
21310407 482 2 2 2 3 1 6 0.33333333333333331 7 0.33333333333333331 8 0.33333333333333331 0 2 0 1 3 1 0 0 4 4 4 0 5 5 2 0 12 6 1
21310408 526 9 1 3 2 2 3 1 2 2 3 3 1 6 0.33333333333333331 7 0.33333333333333331 8 0.33333333333333331 2 4 3 12 3 2 1 1 5 6 0 3 3 5 0 0 4 3 1
21310409 506 5 3 1 1 1 2 1 0 2 1 0 0 0 0 3 1 1 0 0 3 3 2 1 6 0 3 2 5 0 4 6 12 0
21310410 602 0 1 0 3 1 0 0 0 0 0 0 0 12 1 3 3 8 1 2 0 5 5 2 0 1 2 0 0
21310412 537 4 3 3 2 1 1 0 2 1 0 0 0 0 1 1 2 3 1 0 0 0 4 4 3 0 6 7 8 1 2 3 12
21310413 491 1 2 1 0 2 1 0 0 0 0 0 1 0 0 4 12 3 3 1 5 6 0 2 3 1 0 0 1 0
21310414 569 9 1 3 1 3 3 1 2 2 2 1 0 2 1 0 0 0 0 3 3 3 3 12 1 3 3 7 6 3 3 3 0 0 1 2 0 0
21310415 490 2 3 1 1 0 1 1 0 0 0 0 1 0 1 1 2 3 3 0 5 0 4 2 4 7 2 0 4 5 12
21310417 550 1 3 1 0 3 1 0 0 0 0 0 0 1 12 6 1 0 5 4 3 0 3 0 1 2 2 0 0 0
21310418 531 9 3 1 3 2 1 3 1 2 2 1 0 3 1 0 0 0 0 3 3 3 2 4 4 0 12 4 7 1 5 1 0 0 3 0 2 0
21310420 583 3 1 2 2 1 0 3 1 0 0 0 0 1 2 0 12 1 0 2 6 5 1 0 6 1 3 0 2 6 0 0
21310421 509 2 3 1 1 0 3 1 0 0 0 0 1 0 1 7 4 3 3 2 7 5 0 12 7 2 0 1 0 0 0
21310422 531 0 1 0 1 1 0 0 0 0 0 0 0 0 2 3 0 0 4 4 2 0 5 5 4 1 12 7 3
21310423 617 1 2 1 0 3 1 0 0 0 0 0 1 0 7 7 12 2 4 5 1 0 0 1 0 0 0 3 0 0
21310424 490 8 2 1 2 2 3 3 3 1 1 0 3 1 0 0 0 0 2 3 3 6 8 12 0 3 5 5 0 3 4 1 1 0 0 2 0
21310425 548 4 2 1 3 3 1 0 2 1 0 0 0 0 1 1 2 12 8 1 0 8 5 2 0 5 4 0 0 3 0 0 1
21310426 528 1 2 1 0 3 1 0 0 0 0 0 1 0 2 1 1 1 12 7 3 0 4 3 2 0 3 0 3 0
21310427 537 8 1 2 1 2 3 1 3 2 1 0 2 1 0 0 0 0 3 3 2 0 4 1 12 0 3 6 5 3 3 3 3 0 3 5 0
21310428 442 2 2 3 3 1 7 0.33333333333333331 8 0.33333333333333331 9 0.33333333333333331 0 1 1 0 0 1 0 12 3 5 0 5 3 4 0 1 2 2 1
21310429 639 6 1 2 1 2 1 2 1 0 3 1 0 0 0 0 3 3 0 4 3 3 0 7 6 2 2 12 3 1 1 0 3 0 0
21310430 513 8 1 1 3 2 1 2 3 1 1 0 3 1 0 0 0 0 4 2 2 2 4 4 3 12 4 6 0 4 3 8 2 5 1 2 0
21310431 517 7 1 1 2 2 3 3 2 1 0 3 1 0 0 0 0 2 3 2 0 5 5 12 0 0 2 3 2 1 1 1 0 0 3 0
21310432 559 7 3 1 2 3 3 2 1 1 0 1 1 0 0 0 0 2 2 3 3 2 1 12 4 3 4 3 0 2 6 3 0 0 2 1
21310433 527 2 2 1 1 0 1 1 0 0 0 0 1 1 0 0 0 0 1 0 12 4 2 0 7 4 2 7 4 3 0
21310434 583 3 3 3 2 1 0 1 1 0 0 0 0 0 1 2 8 6 1 2 12 6 4 0 4 3 2 0 0 0 1 0
21310436 443 6 2 2 2 3 2 3 1 0 1 1 0 0 0 0 0 4 2 1 4 3 0 3 4 12 1 1 3 0 0 3 0 0 0
21310437 538 2 1 1 1 0 3 1 0 0 0 0 2 0 0 3 2 0 1 0 4 6 3 2 3 4 2 0 3 4 12
21310438 502 7 1 3 3 3 2 1 2 1 0 1 1 0 0 0 0 2 2 3 0 0 0 3 12 2 1 0 3 3 4 6 1 2 3 2
21310439 623 10 1 1 1 3 3 1 2 2 2 3 1 0 3 1 0 0 0 0 4 3 3 0 5 0 2 2 4 6 1 12 7 2 0 1 3 7 3
21310440 506 4 2 1 3 3 1 0 1 1 0 0 0 0 1 1 2 0 12 6 3 1 6 4 7 2 0 6 3 0 3 0 2
21310441 550 5 1 3 2 1 2 1 0 3 1 0 0 0 0 2 2 1 0 3 0 0 6 2 2 0 0 3 5 1 0 12 6 1
21310442 558 11 1 3 1 3 3 2 2 3 1 1 2 3 1 6 0.33333333333333331 7 0.33333333333333331 8 0.33333333333333331 4 3 4 0 0 2 0 2 3 1 0 0 3 5 6 0 3 5 12
21310444 527 6 2 3 1 2 1 3 1 0 3 1 0 0 0 0 2 2 2 0 0 2 3 2 1 1 5 0 3 4 2 0 4 1 12
21310445 659 2 2 3 3 1 4 0.33333333333333331 5 0.33333333333333331 6 0.33333333333333331 0 1 1 1 1 7 8 3 6 6 12 0 0 0 5 0 0 2 0
21310446 595 9 3 1 3 2 2 2 2 1 1 1 0 1 1 0 0 0 0 3 4 2 0 0 0 3 0 3 0 2 0 6 5 5 3 12 6 1
21310447 573 5 2 1 2 1 2 1 0 1 1 0 0 0 0 2 3 0 0 4 1 12 1 3 4 5 0 0 2 3 0 0 2 3
21310448 480 1 1 1 0 3 1 0 0 0 0 1 0 0 1 0 2 0 0 0 4 3 0 3 5 3 2 5 7 12
21310449 584 7 2 1 2 1 3 3 2 1 0 1 1 0 0 0 0 2 3 2 0 2 7 1 3 1 4 3 2 2 5 12 3 4 1 3
21310450 538 8 1 3 1 2 3 1 2 3 1 0 2 1 0 0 0 0 3 2 3 0 1 5 12 0 3 4 2 0 0 3 4 2 0 0 1
21310451 595 7 2 1 3 1 3 1 2 1 0 2 1 0 0 0 0 3 2 2 0 5 8 12 1 6 4 7 0 0 4 4 0 2 0 0
21310452 514 7 1 3 3 1 2 2 3 1 0 3 1 0 0 0 0 2 2 3 0 0 0 1 0 4 6 3 0 4 4 3 2 12 5 3
21310453 495 0 1 0 3 1 0 0 0 0 0 0 0 0 0 1 3 2 4 3 1 2 3 6 2 1 12 5 3
21310454 624 1 1 1 0 3 1 0 0 0 0 1 0 0 0 0 2 0 0 1 0 1 2 3 3 2 0 12 8 5
21310455 526 3 2 3 3 1 0 1 1 0 0 0 0 0 1 2 12 8 5 0 4 7 3 0 2 0 0 3 0 0 1 0
21310456 494 1 2 1 0 2 1 0 0 0 0 0 1 0 8 4 1 12 0 5 5 3 2 5 6 1 0 0 0 1
21310457 550 6 2 3 3 2 1 2 1 0 2 1 0 0 0 0 1 3 2 0 0 1 0 4 4 1 0 5 5 6 0 1 6 12 7
21310458 549 5 1 2 2 3 3 1 0 1 1 0 0 0 0 1 2 2 0 3 3 0 0 3 5 1 2 4 7 3 1 5 12 2
21310459 536 4 3 2 3 2 1 0 2 1 0 0 0 0 0 2 2 1 1 0 0 12 6 0 0 7 5 3 2 3 1 1 0
21310460 575 7 2 3 1 1 2 3 3 1 0 1 1 0 0 0 0 2 2 3 3 2 1 12 0 4 5 2 0 1 4 2 0 0 1 2
21310461 534 6 1 2 3 1 1 2 1 0 3 1 0 0 0 0 3 2 1 12 7 5 0 1 5 5 5 3 2 3 0 2 0 0 0
21310462 509 9 1 3 3 2 1 2 2 3 1 1 0 2 1 0 0 0 0 3 3 3 0 0 0 1 3 0 3 4 0 3 3 4 0 4 12 3
21310463 555 6 1 2 1 2 2 3 1 0 3 1 0 0 0 0 2 3 1 0 0 3 0 12 3 1 5 5 4 6 0 3 4 0 0
21310464 561 6 1 2 2 2 3 1 1 0 3 1 0 0 0 0 2 3 1 0 3 3 0 1 4 6 2 12 5 3 0 4 3 1 7
21310465 541 11 2 3 3 2 1 1 3 1 2 1 2 1 0 3 1 0 0 0 0 4 4 3 12 3 4 0 3 4 5 0 0 2 3 3 0 0 1 3
21310466 540 9 1 1 2 1 3 2 3 3 2 1 0 3 1 0 0 0 0 3 3 3 0 0 2 0 1 4 2 1 4 5 7 0 3 5 12 0
21310467 562 6 3 1 2 3 3 2 1 0 2 1 0 0 0 0 1 2 3 0 1 3 1 0 5 6 3 3 4 9 3 2 1 3 12
21310468 529 2 1 3 1 0 2 1 0 0 0 0 1 0 1 3 4 3 12 0 0 7 3 0 3 4 3 0 0 3 0
21310469 530 0 1 0 1 1 0 0 0 0 0 0 0 0 2 0 0 4 4 0 0 12 5 3 3 6 4 3 0
21310470 557 8 3 2 1 3 1 3 2 2 1 0 2 1 0 0 0 0 2 3 3 1 0 0 0 3 0 0 3 0 3 4 5 1 4 6 12
21310471 596 7 3 2 3 1 1 3 2 1 0 1 1 0 0 0 0 2 2 3 2 3 0 2 6 5 3 1 7 12 4 0 3 5 4 6
21310473 549 5 1 1 3 2 1 1 0 1 1 0 0 0 0 3 1 1 0 2 2 0 0 4 1 2 4 5 5 3 3 8 2 12
21310474 527 9 2 3 1 2 1 1 2 3 3 1 0 1 1 0 0 0 0 3 3 3 3 2 3 0 3 4 6 0 1 4 5 3 12 4 0 2
21310475 586 5 2 2 1 3 3 1 0 1 1 0 0 0 0 1 2 2 2 3 5 3 3 0 4 7 0 3 4 12 0 1 0 3
21310476 501 3 1 2 2 1 0 1 1 0 0 0 0 1 2 0 12 5 5 1 3 6 2 0 0 2 3 0 1 0 0 0
21310478 532 11 1 1 3 3 1 1 3 2 3 2 2 1 0 2 1 0 0 0 0 4 3 4 3 0 3 4 0 0 12 1 3 2 2 4 0 0 1 3
21310479 551 3 2 2 3 1 0 3 1 0 0 0 0 0 2 1 0 2 0 1 0 3 1 5 1 4 5 7 0 4 6 12
21310480 553 5 2 3 1 3 2 1 0 2 1 0 0 0 0 1 2 2 4 4 5 0 6 2 1 0 12 5 4 6 0 1 0 1
21310481 574 4 3 2 1 3 1 0 3 1 0 0 0 0 1 1 2 0 0 4 1 0 3 12 1 6 5 3 2 2 0 3 3
21310482 589 11 1 2 3 1 3 2 2 1 2 3 1 1 0 3 1 0 0 0 0 4 4 3 1 0 0 1 0 3 3 2 0 2 6 4 0 12 7 5
21310483 471 1 3 1 0 3 1 0 0 0 0 0 0 1 2 1 0 0 1 5 1 0 3 7 4 5 12 2 6 2
21310484 499 8 1 1 3 2 3 1 2 2 1 0 3 1 0 0 0 0 3 3 2 0 1 3 1 2 3 4 2 0 12 3 2 0 1 4 0
21310485 472 0 1 0 3 1 0 0 0 0 0 0 0 0 0 3 0 4 4 1 2 3 4 5 0 5 8 12 0
21310486 556 8 2 2 1 1 3 1 2 1 1 0 3 1 0 0 0 0 4 3 1 7 2 3 2 12 3 4 0 4 3 1 1 5 2 0 3
21310487 572 2 2 1 1 0 3 1 0 0 0 0 1 1 0 0 1 0 2 0 4 3 3 4 6 5 1 2 5 7 12
21310488 523 7 3 3 2 2 2 1 3 1 0 1 1 0 0 0 0 1 3 3 3 3 0 0 1 2 4 1 3 4 3 0 12 1 4 2
21310489 519 5 2 1 3 1 2 1 0 1 1 0 0 0 0 2 2 1 0 0 3 1 2 3 4 0 2 4 7 5 3 3 3 12
21310490 492 7 1 2 3 3 1 1 2 1 0 1 1 0 0 0 0 3 2 2 3 2 3 12 3 6 4 1 0 2 3 4 0 0 2 3
21310491 511 10 3 2 2 1 1 3 2 3 1 2 1 0 3 1 0 0 0 0 3 4 3 0 0 0 1 1 3 6 0 2 4 4 4 12 6 3 3
21310492 652 5 1 3 1 1 2 1 0 2 1 0 0 0 0 3 1 1 12 9 4 2 3 8 6 0 3 4 3 0 4 3 0 0
21310493 595 0 1 0 2 1 0 0 0 0 0 0 0 12 4 3 0 8 5 2 0 1 4 3 1 1 0 2 3
21310494 589 0 1 0 1 1 0 0 0 0 0 0 0 0 5 3 0 3 3 3 1 5 5 0 0 12 8 2 2
21310495 521 2 1 3 1 0 2 1 0 0 0 0 1 0 1 1 1 3 1 0 4 4 2 2 12 6 3 0 2 0 3
21310496 514 6 3 1 2 1 1 2 1 0 2 1 0 0 0 0 3 2 1 0 0 3 1 0 3 4 2 4 6 5 3 3 3 4 12
21310498 541 1 3 1 0 1 1 0 0 0 0 0 0 1 2 5 0 0 4 4 6 0 12 2 2 1 1 0 0 0
21310499 508 4 2 1 2 2 1 0 3 1 0 0 0 0 1 3 0 0 1 3 0 4 3 1 0 6 4 3 3 12 7 3 3
21310500 473 8 2 1 2 3 1 1 1 3 1 0 3 1 0 0 0 0 4 2 2 12 5 2 3 1 3 2 4 1 3 5 2 0 0 2 0
21310501 522 6 3 2 3 2 1 2 1 0 1 1 0 0 0 0 1 3 2 1 2 1 0 0 3 4 0 8 1 5 2 0 5 12 4
21310502 581 11 3 3 3 1 1 2 2 1 1 2 3 1 0 2 1 0 0 0 0 4 3 4 0 1 4 12 2 3 4 5 0 4 3 2 3 1 3 0
21310503 533 8 2 3 3 2 1 1 2 1 1 0 3 1 0 0 0 0 3 3 2 3 3 3 12 0 5 4 2 3 3 0 4 0 1 0 0
21310504 588 0 1 0 2 1 0 0 0 0 0 0 0 12 3 1 1 3 6 0 0 4 5 0 0 2 0 0 0
21310505 488 7 3 1 3 1 1 2 1 1 0 2 1 0 0 0 0 4 1 2 3 0 0 3 0 3 4 3 0 0 6 5 0 2 2 12
21310506 567 3 3 1 3 3 1 7 0.33333333333333331 8 0.33333333333333331 9 0.33333333333333331 1 0 2 12 7 2 1 3 5 4 0 2 4 0 0 2 1 0 0
21310508 521 11 1 2 1 1 3 3 1 3 2 2 3 1 0 2 1 0 0 0 0 4 3 4 2 3 0 0 3 5 0 0 3 1 7 2 12 4 3 1
21310509 460 0 3 1 5 0.33333333333333331 6 0.33333333333333331 7 0.33333333333333331 0 0 0 12 4 0 0 5 3 2 3 1 3 3 1 2 0 0 0
21310510 554 10 1 2 2 3 3 3 1 2 2 1 1 0 1 1 0 0 0 0 3 4 3 3 3 4 4 0 12 2 1 0 4 4 0 0 0 3 3
21310511 550 6 3 1 3 2 1 2 1 0 3 1 0 0 0 0 2 2 2 0 1 2 0 1 5 3 3 12 7 2 4 1 2 3 3
21310512 537 0 1 0 3 1 0 0 0 0 0 0 0 0 2 3 0 3 0 1 0 2 6 3 0 12 7 6 1
21310514 509 10 1 3 3 1 2 1 2 2 2 1 1 0 3 1 0 0 0 0 4 4 2 1 0 0 0 3 2 3 0 4 5 0 0 4 12 3 3
21310515 531 8 3 1 2 3 3 1 1 2 1 0 3 1 0 0 0 0 3 2 3 12 6 4 1 1 5 2 2 1 4 2 0 2 0 0 0
21310516 581 5 2 2 2 2 3 1 0 1 1 0 0 0 0 0 4 1 3 0 0 0 0 12 3 4 0 1 4 4 1 3 1 4
21310517 522 3 1 2 1 1 0 2 1 0 0 0 0 2 1 0 0 0 2 1 3 0 1 3 2 12 6 4 4 3 3 8
21310518 504 9 2 2 3 1 1 1 2 3 1 1 0 3 1 0 0 0 0 4 3 2 3 0 1 2 3 6 3 2 0 3 2 3 0 12 1 4
21310519 586 3 1 2 2 1 0 1 1 0 0 0 0 1 2 0 0 0 0 3 0 1 3 3 0 6 4 5 8 2 5 12
21310520 618 4 1 1 2 1 1 0 1 1 0 0 0 0 3 1 0 3 2 3 0 2 3 4 0 4 5 12 2 3 0 4 0
21310522 550 5 2 1 3 3 1 1 0 3 1 0 0 0 0 2 1 2 12 8 1 0 7 6 4 0 3 5 4 0 3 0 2 2
21310523 549 6 3 2 2 1 1 1 1 0 1 1 0 0 0 0 3 2 1 2 2 5 0 5 4 0 0 12 3 3 3 6 0 0 0
21310524 623 0 1 0 2 1 0 0 0 0 0 0 0 0 0 1 0 0 4 3 12 4 5 3 8 3 3 3 4
21310525 560 7 2 1 1 1 3 2 3 1 0 2 1 0 0 0 0 3 2 2 3 4 1 2 0 3 4 0 3 4 1 0 2 12 4 0
21310526 534 3 3 1 1 1 0 2 1 0 0 0 0 2 0 1 4 3 1 2 0 6 5 7 0 0 2 12 0 0 0 3
21310527 576 10 1 2 2 3 3 1 2 1 3 3 1 0 1 1 0 0 0 0 3 3 4 2 0 0 0 3 3 0 0 3 5 3 0 12 3 4 3
21310528 476 4 2 3 3 2 1 0 2 1 0 0 0 0 0 2 2 1 1 0 2 4 0 0 0 1 5 3 1 12 7 3 0
21310529 489 9 2 2 3 1 1 3 3 3 2 1 0 1 1 0 0 0 0 2 3 4 3 6 5 3 0 1 12 5 2 3 5 6 0 1 0 2
21310530 524 5 3 2 1 2 3 1 0 1 1 0 0 0 0 1 2 2 0 0 0 3 2 3 4 3 0 1 2 12 1 3 9 7
21310531 589 3 3 2 1 1 0 3 1 0 0 0 0 1 1 1 0 12 7 3 4 5 4 6 1 1 4 2 0 0 0 2
21310532 563 11 3 1 1 3 3 3 2 2 1 2 1 1 0 2 1 0 0 0 0 4 3 4 12 3 3 0 3 4 0 0 3 5 6 1 4 0 3 2
21310533 501 7 2 2 1 3 3 1 2 1 0 3 1 0 0 0 0 2 3 2 1 2 3 7 2 4 4 12 3 1 5 3 0 3 1 0
21310534 581 5 3 2 3 3 2 1 0 1 1 0 0 0 0 0 2 3 1 1 2 12 0 3 5 5 0 1 3 3 0 0 0 2
21310535 487 10 2 3 1 1 2 3 1 3 1 2 1 0 3 1 0 0 0 0 4 3 3 3 12 1 2 1 4 7 4 2 2 4 0 3 0 0 0
21310536 505 0 1 0 3 1 0 0 0 0 0 0 0 0 3 2 0 5 1 3 0 2 4 3 0 3 12 1 3
21310537 531 6 2 3 3 1 1 3 1 0 1 1 0 0 0 0 2 1 3 0 0 7 0 0 3 3 0 3 7 3 12 2 2 4 4
21310538 576 10 1 3 3 1 3 1 1 2 2 2 1 0 2 1 0 0 0 0 4 3 3 1 7 3 3 12 3 2 0 4 0 0 0 0 3 0 0
21310539 548 7 2 1 3 1 2 2 2 1 0 3 1 0 0 0 0 2 4 1 0 0 0 1 5 3 3 1 7 4 0 0 12 5 4 0
21310540 482 5 2 1 1 3 3 1 0 3 1 0 0 0 0 2 1 2 4 4 5 2 1 2 4 2 0 12 1 1 0 0 2 0
21310541 516 4 3 1 1 2 1 0 2 1 0 0 0 0 2 1 1 0 0 3 0 1 3 3 0 4 7 6 0 12 2 1 2
21310542 552 2 2 1 1 0 1 1 0 0 0 0 1 1 0 0 3 3 0 3 3 5 0 5 5 6 3 12 5 2 3
21310543 485 9 1 3 2 2 1 3 3 1 1 1 0 3 1 0 0 0 0 4 2 3 1 4 5 2 0 6 6 7 0 3 4 12 2 2 3 3
21310544 573 4 2 3 2 1 1 0 1 1 0 0 0 0 1 2 1 0 4 3 3 7 5 12 1 0 6 0 3 0 2 3 0
21310545 498 5 1 2 1 3 3 3 1 7 0.33333333333333331 8 0.33333333333333331 9 0.33333333333333331 2 1 2 0 3 6 1 3 2 5 7 2 0 2 12 0 0 0 1
21310546 482 5 2 2 1 1 2 1 0 1 1 0 0 0 0 2 3 0 3 3 1 4 0 1 5 5 2 4 2 12 0 3 0 0
21310547 494 2 1 3 1 0 1 1 0 0 0 0 1 0 1 3 4 2 2 0 2 6 3 3 12 1 0 2 0 1 0
21310548 540 3 2 1 1 1 0 1 1 0 0 0 0 2 1 0 1 2 5 2 3 12 4 2 2 0 1 0 3 0 0 3
21310549 472 2 1 1 1 0 2 1 0 0 0 0 2 0 0 12 7 3 0 4 4 4 2 2 3 3 0 1 0 0 0
21310550 573 9 3 1 1 2 3 1 2 2 2 1 0 1 1 0 0 0 0 3 4 2 0 0 2 3 0 2 6 1 1 3 5 4 3 12 5 3
21310551 555 1 3 1 0 2 1 0 0 0 0 0 0 1 0 0 0 3 1 0 3 12 2 3 5 7 0 1 5 4
21310552 503 0 1 0 2 1 0 0 0 0 0 0 0 0 0 3 0 0 3 6 3 2 1 4 1 0 3 12 6
21310553 488 11 1 3 2 1 2 3 1 2 2 3 3 1 0 1 1 0 0 0 0 3 4 4 0 0 2 0 1 1 4 12 0 4 6 3 0 2 3 4
21310554 563 0 1 0 2 1 0 0 0 0 0 0 0 3 1 3 3 1 5 2 2 0 3 1 12 0 0 3 0
21310555 492 9 3 1 2 1 3 2 2 3 1 1 0 3 1 0 0 0 0 3 3 3 0 2 0 0 3 1 1 8 2 4 4 0 5 7 12 0
21310556 608 1 3 1 0 2 1 0 0 0 0 0 0 1 0 0 3 12 0 4 1 8 0 1 1 4 2 0 2 3
21310557 585 7 3 2 2 2 1 3 3 1 0 1 1 0 0 0 0 1 3 3 12 7 4 4 5 5 6 3 1 0 1 0 2 0 0 0
21310558 538 3 1 1 1 1 0 3 1 0 0 0 0 3 0 0 0 2 0 0 0 4 2 2 3 6 3 3 3 4 7 12
21310559 471 3 3 3 1 1 0 2 1 0 0 0 0 1 0 2 2 3 0 2 0 4 1 3 1 6 4 2 0 5 12 1
21310560 480 10 1 2 1 2 3 3 2 1 3 1 1 0 2 1 0 0 0 0 4 3 3 12 8 4 0 3 4 4 0 4 3 1 3 0 0 2 3
21310561 486 0 1 0 3 1 0 0 0 0 0 0 0 0 12 1 3 5 7 4 2 0 4 4 2 5 0 1 0
21310562 492 7 1 2 1 1 3 2 3 1 0 1 1 0 0 0 0 3 2 2 0 0 0 2 0 2 1 4 6 0 5 3 3 2 12 3
21310563 543 1 2 1 0 1 1 0 0 0 0 0 1 0 0 3 4 12 3 4 6 3 0 0 4 3 0 0 2 1
21310564 579 8 3 3 3 3 1 1 2 2 1 0 1 1 0 0 0 0 2 2 4 2 2 0 0 12 4 0 1 8 5 3 1 4 4 2 0
21310565 497 11 3 3 3 1 2 1 2 2 1 2 1 1 0 3 1 0 0 0 0 4 4 3 5 8 12 2 5 4 1 3 2 3 0 0 1 0 0 0
21310566 480 5 2 3 3 3 1 1 0 2 1 0 0 0 0 1 1 3 0 5 3 4 3 12 5 3 1 2 1 1 0 2 0 0
21310567 491 6 3 1 2 1 1 2 1 0 3 1 0 0 0 0 3 2 1 0 1 1 2 0 5 4 3 7 5 4 3 2 12 3 2
21310568 524 6 2 3 2 2 3 1 1 0 1 1 0 0 0 0 1 3 2 0 4 5 12 0 4 6 3 0 2 4 1 3 1 0 0
21310569 485 10 3 1 3 1 2 1 2 3 3 2 1 0 1 1 0 0 0 0 3 3 4 2 0 3 3 0 4 6 4 0 3 12 4 0 0 3 0
21310570 462 11 3 1 2 2 3 3 1 3 2 1 2 1 0 1 1 0 0 0 0 3 4 4 0 12 7 5 1 7 4 4 0 0 3 4 0 2 0 0
21310571 590 7 3 2 3 3 1 1 3 1 0 2 1 0 0 0 0 2 1 4 0 2 5 0 1 3 3 1 0 12 4 2 0 2 3 1
21310572 557 4 3 3 3 2 1 0 1 1 0 0 0 0 0 1 3 0 0 3 2 0 4 5 1 0 3 1 3 3 12 2 4
21310573 498 9 2 3 1 3 1 2 3 1 2 1 0 3 1 0 0 0 0 3 3 3 0 0 1 0 4 2 1 2 4 5 5 0 3 12 4 0
21310574 521 8 3 2 2 1 1 2 1 3 1 0 1 1 0 0 0 0 3 3 2 0 3 4 3 0 3 5 4 2 0 9 4 0 3 7 12
21310575 616 6 1 2 1 2 3 3 1 0 2 1 0 0 0 0 2 2 2 12 1 3 0 7 4 3 0 3 7 5 0 0 1 2 3
21310576 603 11 3 2 1 3 1 2 3 3 1 2 1 1 0 2 1 0 0 0 0 4 3 4 0 0 2 0 1 1 2 0 3 6 0 4 12 7 7 3
21310577 592 6 2 3 1 1 2 3 1 0 1 1 0 0 0 0 2 2 2 12 3 3 0 4 6 2 0 2 3 0 0 0 1 0 3
21310578 586 5 1 3 3 3 2 1 0 2 1 0 0 0 0 1 1 3 4 6 4 3 1 2 5 3 12 5 6 3 0 3 7 1
21310579 563 6 2 1 2 1 3 3 1 0 3 1 0 0 0 0 2 2 2 0 0 0 2 1 3 0 0 4 6 0 0 12 8 6 3
21310580 547 5 1 3 2 1 2 1 0 3 1 0 0 0 0 2 2 1 1 0 2 0 0 2 0 3 0 12 5 2 1 7 4 1
21310581 580 2 1 3 1 0 1 1 0 0 0 0 1 0 1 3 6 6 0 5 4 3 3 12 2 4 0 0 2 0 0
21310582 502 1 2 1 0 2 1 0 0 0 0 0 1 0 1 3 0 0 2 5 3 3 1 6 3 1 3 4 12 0
21310583 604 7 3 3 3 2 1 2 1 1 0 2 1 0 0 0 0 2 2 3 7 5 5 12 0 0 4 3 0 1 2 0 0 1 0 0
21310584 577 9 1 3 3 2 2 3 3 1 1 1 0 2 1 0 0 0 0 3 2 4 0 1 2 0 0 0 4 3 2 3 3 5 0 4 1 12
21310585 459 2 2 1 1 0 2 1 0 0 0 0 1 1 0 12 4 3 0 4 3 2 3 2 1 4 1 3 0 1 0
21310586 605 6 2 1 3 2 1 3 1 0 2 1 0 0 0 0 2 2 2 0 0 3 0 2 0 1 4 3 5 4 5 0 1 4 12
21310587 596 4 3 2 2 1 1 0 3 1 0 0 0 0 1 2 1 0 1 0 0 0 2 12 1 0 5 4 3 3 1 2 4
21310588 546 4 1 3 2 3 1 0 1 1 0 0 0 0 1 1 2 12 7 3 3 3 6 2 0 4 4 0 0 2 1 0 0
21310590 544 10 1 1 3 1 3 1 2 3 2 2 1 0 3 1 0 0 0 0 4 3 3 0 0 3 1 0 3 0 6 2 3 6 2 0 4 7 12
21310591 587 5 3 1 2 3 2 1 0 3 1 0 0 0 0 1 2 2 2 1 1 12 8 3 5 2 0 6 4 3 0 0 1 3
21310592 518 4 2 2 3 1 1 0 3 1 0 0 0 0 1 2 1 0 2 0 1 0 3 3 1 0 3 5 3 3 4 5 12
21310593 559 2 3 1 1 0 1 1 0 0 0 0 1 0 1 4 0 2 0 0 2 6 12 3 4 5 7 5 3 3 9
21310594 537 5 2 2 1 3 3 1 0 3 1 0 0 0 0 1 2 2 2 1 0 0 2 1 0 0 4 6 7 1 12 8 3 0
21310595 608 5 1 3 1 2 3 1 0 1 1 0 0 0 0 2 1 2 0 0 3 0 12 3 2 1 5 4 2 2 4 3 3 0
21310596 514 2 3 2 1 0 1 1 0 0 0 0 0 1 1 3 12 7 5 2 4 6 4 0 1 7 1 3 0 2 0
21310597 589 2 3 3 1 0 1 1 0 0 0 0 0 0 2 2 6 6 12 3 1 4 3 0 0 3 2 0 2 1 0
21310598 501 6 2 3 3 1 1 1 1 0 1 1 0 0 0 0 3 1 2 0 2 0 0 0 2 3 3 6 12 5 2 0 6 4 4
21310599 503 11 3 1 2 1 2 2 3 1 3 1 3 1 0 2 1 0 0 0 0 4 3 4 2 3 3 12 1 5 4 3 0 3 5 0 0 0 0 3
21310600 572 4 2 1 2 2 3 1 7 0.33333333333333331 8 0.33333333333333331 9 0.33333333333333331 1 3 0 4 1 12 7 3 4 5 0 0 5 3 0 0 1 0 3
