21311505 1427 6 2 2 2 3 3 1 1 0 3 1 0 0 0 0 1 3 2 1 3 3 0 14 2 0 0 3 1 3 3 4 0 1 0
21311510 1108 1 2 1 0 2 1 0 0 0 0 0 1 0 3 5 1 1 0 5 14 4 0 3 5 4 1 3 7 2
21311514 1390 11 1 1 1 3 3 2 2 1 3 3 2 3 1 5 0.33333333333333331 6 0.33333333333333331 7 0.33333333333333331 4 3 4 2 6 2 5 4 1 3 2 0 1 14 9 0 0 7 3
21311523 1446 10 1 2 2 3 1 2 3 3 1 1 1 0 2 1 0 0 0 0 4 3 3 3 0 3 0 2 14 8 0 4 5 4 4 1 3 1 2
21311525 1185 4 3 2 2 1 1 0 2 1 0 0 0 0 1 2 1 3 4 14 2 1 5 6 4 8 4 9 1 0 1 0 4
21311536 1478 10 3 2 3 1 3 1 2 2 3 1 1 0 1 1 0 0 0 0 3 3 4 0 0 2 0 3 14 1 4 4 7 4 2 2 4 1 3
21311539 1439 8 3 2 2 2 2 1 3 1 1 0 1 1 0 0 0 0 2 4 2 0 3 0 0 3 6 3 5 3 14 8 7 0 4 4 1
21311545 1382 10 3 3 1 1 3 1 2 2 2 2 1 0 1 1 0 0 0 0 3 4 3 3 2 14 1 2 6 3 3 3 4 0 1 0 0 3 4
21311555 1297 6 1 1 3 3 2 2 1 0 3 1 0 0 0 0 2 2 2 1 0 2 0 4 3 4 1 4 5 7 3 0 2 14 3
21311561 1306 1 1 1 0 3 1 0 0 0 0 1 0 0 3 4 4 3 4 7 14 7 2 4 2 3 1 0 0 0
21311563 1668 4 3 3 3 1 1 0 2 1 0 0 0 0 1 0 3 2 3 1 0 6 3 3 1 1 14 8 0 8 4 2 2
21311564 1451 9 2 3 3 1 2 3 2 1 1 1 0 3 1 0 0 0 0 3 3 3 14 4 2 0 7 1 3 4 4 0 0 1 2 0 0 0
21311579 1329 2 1 1 1 0 3 1 0 0 0 0 2 0 0 3 0 3 2 6 3 0 0 8 7 4 2 14 3 3 0
21311592 1414 5 1 3 2 2 3 1 0 3 1 0 0 0 0 1 2 2 2 0 0 6 2 3 0 0 3 14 3 1 4 1 4 1
21311596 1706 8 3 1 1 3 1 2 3 3 1 0 2 1 0 0 0 0 3 1 4 0 0 2 0 0 0 2 3 1 5 0 5 4 2 14 1
21311599 1348 3 3 3 2 3 1 7 0.33333333333333331 8 0.33333333333333331 9 0.33333333333333331 0 1 2 1 3 14 3 7 8 0 8 3 3 3 1 2 6 3 0
21311603 1359 10 1 2 3 2 2 3 1 1 1 3 1 0 2 1 0 0 0 0 4 3 3 0 3 1 0 2 0 6 2 7 3 1 3 3 14 3 4
21311605 1210 8 3 2 3 2 1 1 3 1 1 0 2 1 0 0 0 0 3 2 3 1 14 5 2 8 6 4 6 3 7 0 4 0 0 0 8
21311617 1579 9 3 2 1 3 3 1 2 2 3 1 0 1 1 0 0 0 0 2 3 4 3 1 8 2 2 1 4 3 0 6 9 3 0 3 14 3
21311618 1664 9 2 3 1 3 1 2 3 3 2 1 0 1 1 0 0 0 0 2 3 4 7 14 4 2 4 3 1 2 3 0 3 0 1 0 0 0
21311619 1474 6 2 3 2 2 1 3 1 0 1 1 0 0 0 0 1 3 2 4 14 6 3 0 6 4 0 3 1 1 0 0 2 0 0
21311621 1378 9 2 3 1 1 3 1 2 3 1 1 0 3 1 0 0 0 0 4 2 3 3 2 3 0 14 1 4 0 10 9 4 0 3 2 4 2
21311629 1367 5 3 2 1 3 2 1 0 3 1 0 0 0 0 1 2 2 0 0 1 0 2 0 3 0 4 3 1 3 1 14 5 2
21311630 1381 2 2 2 1 0 3 1 0 0 0 0 0 2 0 1 4 2 3 3 3 0 14 1 3 4 1 0 0 0 4
21311646 1475 3 3 2 3 1 0 1 1 0 0 0 0 0 1 2 2 3 0 0 14 9 4 0 7 4 8 4 3 5 4 1
21311647 1523 1 1 1 0 3 1 0 0 0 0 1 0 0 5 3 5 3 3 14 7 0 4 3 2 0 3 2 0 1
21311651 1492 8 2 3 1 3 1 3 3 2 1 0 1 1 0 0 0 0 2 2 4 3 7 3 2 14 3 0 0 5 3 7 0 4 7 3 0
21311661 1398 7 3 1 2 2 2 1 3 1 0 3 1 0 0 0 0 2 3 2 3 1 14 3 1 1 2 2 0 0 3 5 2 0 0 1
