21110401 554 6 2 2 3 3 1 2 1 0 1 1 0 0 0 0 1 3 2 12 3 2 1 5 5 3 0 3 4 0 0 0 1 0 3
21110402 614 5 2 3 1 1 1 1 0 2 1 0 0 0 0 3 1 1 0 12 5 3 0 1 6 3 3 0 4 4 0 0 2 2
21110403 559 2 2 3 1 0 3 1 0 0 0 0 0 1 1 6 12 1 3 0 7 5 0 0 3 1 4 0 0 2 0
21110404 556 0 1 0 2 1 0 0 0 0 0 0 0 0 0 0 3 0 3 3 0 3 5 6 12 0 1 4 3
21110405 519 9 3 3 3 1 1 2 2 1 2 1 0 2 1 0 0 0 0 3 3 3 0 6 3 12 3 5 4 3 3 4 1 2 1 0 0 0
21110406 520 8 1 1 2 2 3 3 2 1 1 0 2 1 0 0 0 0 3 3 2 0 0 0 1 4 0 4 3 6 5 7 0 12 2 1 4
21110407 468 2 2 3 1 0 1 1 0 0 0 0 0 1 1 5 1 4 2 0 3 1 6 0 2 12 3 2 1 3 0
21110408 637 1 3 1 0 2 1 0 0 0 0 0 0 1 0 3 0 0 12 3 5 3 4 6 4 0 1 1 2 0
21110409 503 1 3 1 0 1 1 0 0 0 0 0 0 1 0 0 2 0 3 5 12 0 2 3 4 3 1 3 2 1
21110410 554 6 1 1 3 3 1 2 1 0 2 1 0 0 0 0 3 1 2 12 3 2 0 2 6 2 4 4 7 3 1 3 1 8 0
21110411 508 0 1 0 3 1 0 0 0 0 0 0 0 0 0 1 2 7 1 4 3 3 3 3 12 0 4 2 3
21110412 542 9 2 3 2 1 3 1 2 3 1 1 0 3 1 0 0 0 0 3 3 3 0 0 1 0 2 12 4 2 0 5 4 1 0 1 5 2
21110413 512 5 1 3 2 2 1 1 0 3 1 0 0 0 0 2 2 1 1 0 0 0 0 0 2 0 3 0 4 0 3 12 6 3
21110414 394 11 2 2 1 3 3 3 2 1 1 1 3 3 1 7 0.33333333333333331 8 0.33333333333333331 9 0.33333333333333331 4 3 4 4 12 1 0 5 3 4 2 0 4 3 0 2 3 0 0
21110415 538 9 3 1 3 3 1 1 1 2 3 1 0 2 1 0 0 0 0 4 1 4 0 2 0 0 0 3 4 3 1 4 5 12 2 6 3 2
21110416 552 9 3 1 2 3 3 2 2 1 1 1 0 1 1 0 0 0 0 3 3 3 0 0 0 3 3 4 3 12 2 2 6 3 4 7 4 1
21110417 592 9 1 3 2 2 1 1 2 2 3 1 0 3 1 0 0 0 0 3 4 2 4 6 12 0 0 4 1 3 0 2 0 0 1 3 0 0
21110418 486 7 2 3 1 2 1 1 3 1 0 1 1 0 0 0 0 3 2 2 0 0 3 3 0 2 6 3 0 3 4 5 3 12 3 2
21110419 513 5 2 1 3 2 1 1 0 3 1 0 0 0 0 2 2 1 0 0 2 3 1 3 3 3 0 4 5 3 0 12 7 5
21110420 504 3 1 2 1 1 0 3 1 0 0 0 0 2 1 0 12 4 4 3 5 6 0 0 3 2 2 0 0 1 0 0
21110421 566 0 1 0 1 1 0 0 0 0 0 0 0 2 2 7 0 7 6 3 0 12 4 1 1 2 0 0 0
21110422 584 10 1 1 2 2 2 3 3 3 3 1 1 0 1 1 0 0 0 0 3 3 4 0 1 5 2 4 6 3 0 12 7 5 4 2 1 3 2
21110423 529 2 2 2 1 0 3 1 0 0 0 0 0 2 0 1 3 3 12 1 2 7 4 0 4 4 3 0 1 1 2
21110424 558 5 3 1 2 3 3 1 0 1 1 0 0 0 0 1 1 3 1 0 0 0 5 7 12 0 5 6 3 2 2 2 1 0
21110425 526 6 1 3 1 2 3 3 1 0 1 1 0 0 0 0 2 1 3 0 2 0 0 4 2 4 1 0 4 7 12 6 3 2 7
21110426 523 9 2 1 2 2 3 1 1 2 3 1 0 3 1 0 0 0 0 3 4 2 0 3 3 3 3 1 12 2 0 3 3 0 0 5 1 0
21110428 578 9 2 1 2 3 1 3 3 1 1 1 0 2 1 0 0 0 0 4 2 3 0 0 1 3 0 2 1 4 2 3 6 5 0 2 12 3
21110429 461 11 1 3 2 3 3 3 1 2 2 1 1 1 0 2 1 0 0 0 0 4 3 4 0 0 2 0 1 1 0 4 3 2 5 6 0 5 12 3
21110430 556 11 2 2 1 3 2 3 2 3 1 1 1 1 0 3 1 0 0 0 0 4 4 3 0 2 1 0 4 5 3 0 3 1 2 0 3 2 12 1
21110431 531 4 1 3 3 1 1 0 3 1 0 0 0 0 2 0 2 0 1 0 2 1 3 2 0 7 6 2 2 12 2 3 1
21110432 479 4 2 3 2 1 1 0 3 1 0 0 0 0 1 2 1 0 3 4 12 0 1 5 4 0 1 0 3 2 0 3 0
21110433 580 7 1 1 3 2 2 1 3 1 0 3 1 0 0 0 0 3 2 2 0 0 0 8 12 4 2 0 4 4 3 3 2 1 1 2
21110434 534 5 1 2 3 2 2 1 0 1 1 0 0 0 0 1 3 1 12 4 3 0 9 5 4 3 3 1 1 0 0 0 0 2
21110435 591 10 1 2 2 1 1 3 1 3 3 2 1 0 2 1 0 0 0 0 4 3 3 1 7 8 12 2 2 1 3 0 0 4 3 0 0 0 3
21110436 611 6 2 1 3 3 3 2 1 0 1 1 0 0 0 0 1 2 3 0 0 3 3 0 5 5 6 2 3 3 7 0 1 5 12
21110437 587 11 1 1 2 1 3 3 2 2 2 3 1 1 0 3 1 0 0 0 0 4 4 3 1 3 12 5 6 5 5 0 4 3 3 0 3 2 3 0
21110438 598 4 1 1 3 3 1 0 1 1 0 0 0 0 2 0 2 12 6 1 0 8 7 1 3 3 2 2 2 0 2 2 3
21110439 573 4 1 1 2 3 1 0 2 1 0 0 0 0 2 1 1 1 3 2 12 0 6 7 6 3 3 5 5 2 0 1 0
21110440 469 4 2 3 3 1 1 0 2 1 0 0 0 0 1 1 2 6 0 3 0 4 3 2 4 3 6 12 0 1 1 3 3
21110441 628 1 1 1 0 1 1 0 0 0 0 1 0 0 3 5 0 0 12 4 1 0 2 3 1 2 2 2 0 0
21110442 550 6 1 2 3 2 2 3 1 0 3 1 0 0 0 0 1 3 2 12 6 5 0 1 5 4 1 4 7 3 2 1 0 0 0
21110443 534 6 3 2 1 1 1 3 1 0 3 1 0 0 0 0 3 1 2 12 4 3 2 5 4 2 3 4 1 0 2 0 0 3 0
21110444 501 10 1 1 3 2 3 2 2 2 1 3 1 0 3 1 0 0 0 0 3 4 3 1 3 5 12 0 2 5 1 0 0 2 3 0 0 1 0
21110445 583 3 1 1 3 1 0 2 1 0 0 0 0 2 0 1 1 1 3 3 4 6 5 2 0 2 2 12 3 0 0 0
21110446 509 6 3 1 2 1 3 3 1 0 2 1 0 0 0 0 2 1 3 0 0 3 0 1 4 2 0 3 5 5 1 3 12 2 0
21110447 482 0 1 0 2 1 0 0 0 0 0 0 0 3 3 1 2 0 1 4 3 0 4 4 12 2 1 0 0
21110448 517 3 2 2 3 1 0 2 1 0 0 0 0 0 2 1 3 1 3 1 5 5 2 1 12 3 5 0 4 1 0 0
21110449 601 2 3 1 1 0 1 1 0 0 0 0 1 0 1 0 1 0 0 0 2 3 0 0 4 5 3 2 12 5 2
21110450 514 1 1 1 0 1 1 0 0 0 0 1 0 0 2 12 2 3 0 4 5 2 0 4 2 3 0 1 0 1
21110451 585 4 2 1 3 1 1 0 1 1 0 0 0 0 2 1 1 1 0 2 0 12 2 3 0 7 6 5 2 5 4 3 3
21110452 574 9 3 2 1 1 3 1 3 2 2 1 0 1 1 0 0 0 0 3 3 3 2 0 2 0 3 4 2 1 0 1 4 3 0 3 6 12
21110453 576 10 2 1 2 3 3 1 3 2 2 1 1 0 1 1 0 0 0 0 3 4 3 3 4 1 1 4 6 4 2 12 3 2 0 0 3 0 0
21110454 507 5 2 2 3 3 1 3 1 7 0.33333333333333331 8 0.33333333333333331 9 0.33333333333333331 1 2 2 2 2 0 0 1 3 1 3 1 6 4 0 12 7 4 0
21110455 481 6 2 3 3 1 2 2 1 0 3 1 0 0 0 0 1 3 2 0 0 0 1 0 3 5 12 3 1 3 6 0 0 2 1
21110457 519 2 1 2 1 0 3 1 0 0 0 0 1 1 0 12 4 2 3 8 4 5 1 7 1 3 0 2 0 0 0
21110458 549 9 3 3 1 3 2 2 1 1 3 1 0 2 1 0 0 0 0 3 2 4 5 12 4 7 3 6 4 2 1 2 8 5 5 1 0 0
21110459 523 9 1 2 1 3 3 2 1 3 2 1 0 3 1 0 0 0 0 3 3 3 1 4 0 0 8 6 1 0 4 6 4 2 12 3 2 0
21110460 480 4 3 1 2 1 1 0 3 1 0 0 0 0 2 1 1 0 2 1 4 0 6 4 12 0 6 5 4 3 0 5 2
21110461 529 10 1 2 2 3 1 3 1 3 2 1 1 0 3 1 0 0 0 0 4 3 3 12 3 5 3 3 4 3 0 4 4 0 0 2 0 0 0
21110462 494 7 3 3 1 3 2 2 1 1 0 2 1 0 0 0 0 2 2 3 1 3 2 0 0 2 3 1 0 1 7 6 0 5 8 12
21110463 595 2 1 1 1 0 2 1 0 0 0 0 2 0 0 12 7 5 2 8 4 0 0 4 3 0 0 0 0 3 0
21110464 487 1 3 1 0 2 1 0 0 0 0 0 0 1 2 1 0 0 6 5 1 0 8 4 1 0 12 3 2 3
21110465 456 0 1 0 2 1 0 0 0 0 0 0 0 0 3 7 12 0 2 6 5 0 6 5 1 1 1 0 2
21110466 630 1 3 1 0 1 1 0 0 0 0 0 0 1 0 3 3 4 2 3 4 5 2 1 3 12 3 0 0 0
21110467 485 9 3 3 1 2 2 1 1 3 3 1 0 2 1 0 0 0 0 3 2 4 1 5 5 3 0 4 12 4 0 0 0 3 0 0 0 2
21110468 597 1 3 1 0 1 1 0 0 0 0 0 0 1 0 0 4 2 0 0 5 1 0 0 4 4 2 1 2 12
21110469 631 3 3 1 1 1 0 2 1 0 0 0 0 2 0 1 0 0 3 0 2 5 12 0 4 3 3 0 4 3 1 2
21110470 559 8 3 1 2 3 2 2 1 1 1 0 3 1 0 0 0 0 3 3 2 2 1 12 3 3 6 4 3 0 5 2 2 0 1 0 1
21110471 526 10 3 2 1 3 2 2 3 1 1 1 3 1 7 0.33333333333333331 8 0.33333333333333331 9 0.33333333333333331 4 3 3 0 0 0 2 3 0 3 3 3 5 4 3 0 12 5 4
21110472 585 0 1 0 1 1 0 0 0 0 0 0 0 2 0 0 0 4 5 0 5 12 4 3 0 3 2 4 1
21110473 553 11 3 3 2 1 2 1 1 2 1 2 3 1 0 3 1 0 0 0 0 4 4 3 2 4 1 12 1 6 5 1 0 4 4 3 0 2 4 2
21110474 463 11 1 2 3 3 1 3 3 1 2 1 2 1 0 2 1 0 0 0 0 4 3 4 3 4 7 12 0 1 5 3 0 1 4 0 0 0 2 2
21110475 578 6 3 2 1 3 1 2 1 0 2 1 0 0 0 0 2 2 2 0 2 0 0 7 4 1 0 6 4 3 1 12 8 6 3
21110476 501 8 2 2 3 2 2 1 1 1 1 0 1 1 0 0 0 0 3 4 1 3 0 0 0 0 0 3 4 0 4 5 12 3 4 3 3
21110477 607 0 1 0 2 1 0 0 0 0 0 0 0 0 0 0 2 0 1 0 3 1 7 5 4 3 4 6 12
21110478 574 2 2 3 1 0 3 1 0 0 0 0 0 1 1 3 6 12 1 4 2 0 4 2 5 1 2 0 1 1 3
21110479 496 0 1 0 2 1 0 0 0 0 0 0 0 0 4 1 3 0 0 5 12 3 3 5 6 0 3 4 3
21110480 484 7 2 3 3 2 3 1 1 3 1 7 0.33333333333333331 8 0.33333333333333331 9 0.33333333333333331 2 2 3 3 2 1 12 4 5 4 7 0 4 3 3 0 0 1 2
21110481 612 3 1 3 2 1 0 1 1 0 0 0 0 1 1 1 2 3 5 3 12 4 0 3 3 7 6 4 3 0 0 0
21110482 526 5 1 2 2 1 3 1 0 3 1 0 0 0 0 2 2 1 0 0 0 2 1 2 0 0 4 3 4 1 12 8 5 3
21110483 634 2 2 1 1 0 1 1 0 0 0 0 1 1 0 0 3 3 12 3 2 4 8 1 5 4 6 0 0 0 2
21110484 487 11 2 3 1 2 1 3 2 3 1 3 1 1 0 2 1 0 0 0 0 4 3 4 1 3 3 2 2 3 6 3 0 4 4 12 0 1 0 0
21110485 589 11 1 2 2 2 3 1 3 1 3 2 3 1 0 1 1 0 0 0 0 3 4 4 12 7 2 1 4 3 5 1 3 0 3 3 2 0 0 0
21110486 523 2 3 2 1 0 3 1 0 0 0 0 0 1 1 3 2 1 0 5 7 12 0 5 4 3 3 1 3 0 0
21110487 607 8 1 1 3 2 1 2 3 2 1 0 3 1 0 0 0 0 3 3 2 1 0 0 0 3 3 0 0 12 6 4 3 5 3 3 2
21110488 613 9 1 3 1 2 3 3 2 3 1 1 0 2 1 0 0 0 0 3 2 4 1 4 6 12 0 3 5 1 0 2 4 6 0 2 7 0
21110489 536 7 3 1 1 3 1 2 2 1 0 3 1 0 0 0 0 3 2 2 1 0 0 0 3 2 3 4 12 4 3 0 2 1 3 2
21110490 517 1 3 1 0 2 1 0 0 0 0 0 0 1 0 0 3 0 4 3 6 3 1 6 0 0 3 12 0 0
21110491 433 5 1 3 2 2 3 1 0 3 1 0 0 0 0 1 2 2 0 7 3 3 0 2 1 12 1 2 3 5 0 1 0 0
21110493 576 10 3 3 2 3 1 2 1 3 2 1 1 0 1 1 0 0 0 0 3 3 4 2 0 0 0 2 4 0 0 5 1 3 1 5 12 3 2
21110494 564 5 3 3 1 1 3 1 0 2 1 0 0 0 0 2 0 3 0 0 2 4 0 2 6 6 0 6 2 8 3 1 1 12
21110495 521 2 2 1 1 0 2 1 0 0 0 0 1 1 0 7 4 12 0 1 7 3 2 3 1 3 1 0 2 3 0
21110497 574 6 2 3 2 1 1 2 1 0 3 1 0 0 0 0 2 3 1 12 3 4 3 3 4 2 1 3 0 0 0 1 0 0 0
21110498 511 7 2 3 1 2 3 1 2 1 0 2 1 0 0 0 0 2 3 2 0 1 2 0 0 0 4 1 0 4 6 1 3 6 7 12
21110499 534 10 3 3 1 2 1 2 1 1 2 3 1 0 2 1 0 0 0 0 4 3 3 3 0 4 0 0 0 2 1 1 4 2 12 0 6 3 3
21110500 534 9 1 1 3 2 2 1 2 3 3 1 0 3 1 0 0 0 0 3 3 3 2 0 0 0 3 4 1 1 3 4 5 0 12 6 2 3
21110501 595 5 3 2 3 1 3 1 0 2 1 0 0 0 0 1 1 3 0 2 1 4 0 0 6 12 1 0 4 4 0 0 5 0
21110502 448 1 3 1 0 3 1 0 0 0 0 0 0 1 1 0 5 2 1 5 7 1 0 2 3 12 0 3 2 3
21110503 547 4 2 3 2 1 1 0 3 1 0 0 0 0 1 2 1 3 0 2 0 0 1 5 1 3 6 4 3 0 0 4 12
21110504 550 5 3 1 1 3 3 1 0 1 1 0 0 0 0 2 0 3 2 2 7 12 0 4 5 4 0 6 0 4 0 3 3 2
21110505 542 3 1 3 3 1 0 1 1 0 0 0 0 1 0 2 0 4 0 1 0 3 2 6 3 4 2 0 2 6 12 3
21110506 488 7 1 2 1 1 3 2 2 1 0 3 1 0 0 0 0 3 3 1 0 3 0 2 3 4 1 3 2 4 6 1 12 4 0 0
21110507 525 11 3 1 2 3 1 2 3 2 1 1 2 1 0 3 1 0 0 0 0 4 4 3 0 0 1 0 0 3 0 4 1 6 6 3 0 2 2 12
21110508 523 7 3 2 1 2 3 1 3 1 0 2 1 0 0 0 0 2 2 3 3 12 0 0 6 5 3 0 3 4 5 1 0 1 0 2
21110509 554 3 2 1 3 1 0 3 1 0 0 0 0 1 1 1 12 3 2 0 2 6 6 1 1 4 3 0 3 0 0 0
21110510 560 10 2 1 1 1 2 3 1 2 3 3 1 0 2 1 0 0 0 0 4 3 3 1 0 0 0 12 2 4 0 2 5 4 0 4 4 1 3
21110511 532 2 1 3 1 0 3 1 0 0 0 0 1 0 1 3 2 6 3 12 3 0 0 3 5 1 0 2 0 0 0
21110512 527 4 2 1 2 3 1 0 2 1 0 0 0 0 1 2 1 12 8 7 2 3 4 1 0 1 0 0 0 0 0 1 0
21110513 523 11 2 3 1 2 2 1 3 1 3 2 1 1 0 3 1 0 0 0 0 4 4 3 0 12 7 1 0 6 5 4 0 3 6 3 3 2 0 0
21110514 597 8 1 2 2 2 2 1 3 1 1 0 3 1 0 0 0 0 3 4 1 0 0 7 0 3 3 6 0 3 5 7 0 3 5 12 1
21110515 565 4 1 2 3 1 1 0 2 1 0 0 0 0 2 1 1 0 3 5 12 0 0 5 2 0 3 6 3 1 3 0 0
21110516 524 8 1 1 2 3 1 2 2 3 1 0 1 1 0 0 0 0 3 3 2 0 6 7 12 2 5 3 3 0 3 3 3 0 0 3 0
21110517 499 10 1 1 2 3 3 2 2 3 2 3 1 0 1 1 0 0 0 0 2 4 4 0 1 3 12 2 4 5 5 0 2 7 3 0 0 1 1
21110518 537 2 3 3 1 0 2 1 0 0 0 0 0 0 2 0 0 1 0 5 12 3 0 1 5 0 2 4 3 0 0
21110519 543 3 3 2 1 1 0 2 1 0 0 0 0 1 1 1 0 5 7 12 1 1 4 8 0 3 2 4 0 0 2 1
21110520 458 2 3 2 1 0 2 1 0 0 0 0 0 1 1 1 5 4 2 12 6 2 0 1 5 3 3 3 1 1 0
21110521 563 3 1 2 3 1 0 2 1 0 0 0 0 1 1 1 1 0 0 3 4 4 2 0 1 4 5 0 3 7 12 0
21110522 553 6 1 3 1 2 2 3 1 0 3 1 0 0 0 0 2 2 2 0 12 4 1 1 3 2 3 2 1 5 3 0 0 2 3
21110523 483 11 1 3 2 1 3 2 1 3 1 2 2 1 0 3 1 0 0 0 0 4 4 3 0 0 1 2 2 3 12 0 1 3 8 0 3 8 3 6
21110524 567 11 2 1 3 3 1 2 1 2 1 2 3 1 0 3 1 0 0 0 0 4 4 3 0 3 0 0 12 3 2 3 6 4 4 0 5 4 1 0
21110525 557 4 3 2 1 2 1 0 1 1 0 0 0 0 1 2 1 0 2 0 0 5 3 0 0 4 4 0 0 12 6 3 1
21110526 580 8 3 1 2 1 1 2 3 2 1 0 3 1 0 0 0 0 3 3 2 2 1 3 4 2 3 4 7 1 4 7 12 0 0 0 6
21110527 589 10 1 2 3 1 1 3 3 2 2 3 1 0 2 1 0 0 0 0 3 3 4 1 0 0 0 0 2 3 4 3 12 5 5 3 4 7 1
21110528 513 2 3 2 1 0 1 1 0 0 0 0 0 1 1 12 3 0 0 7 6 1 1 5 0 2 0 0 3 0 2
21110529 500 11 3 2 1 2 2 3 1 1 2 1 3 1 0 3 1 0 0 0 0 4 4 3 0 3 2 0 0 4 3 0 4 8 0 1 12 4 3 0
21110530 550 9 2 1 2 1 1 2 3 3 3 1 0 3 1 0 0 0 0 3 3 3 2 2 2 1 3 3 1 3 12 5 1 0 0 1 0 2
21110531 561 4 3 3 3 2 1 0 2 1 0 0 0 0 0 1 3 1 5 6 12 0 4 4 3 0 1 1 0 0 0 3 2
21110532 521 1 3 1 0 2 1 0 0 0 0 0 0 1 1 12 6 0 5 5 3 0 4 3 1 2 8 0 0 3
21110533 586 3 3 3 2 1 0 1 1 0 0 0 0 0 1 2 1 5 12 0 2 5 4 0 1 5 4 0 0 2 2 1
21110534 575 2 1 2 1 0 3 1 0 0 0 0 1 1 0 0 1 0 0 0 2 2 1 0 2 4 4 1 3 5 12
21110535 502 6 1 3 1 1 3 3 1 0 1 1 0 0 0 0 3 0 3 3 12 7 2 2 5 0 0 2 3 2 0 5 3 0 0
21110536 552 3 2 1 3 3 1 4 0.33333333333333331 5 0.33333333333333331 6 0.33333333333333331 1 1 1 0 0 1 1 2 2 4 3 2 6 3 1 12 5 3 0
21110537 539 0 1 0 2 1 0 0 0 0 0 0 0 2 0 1 0 0 3 5 3 3 6 4 3 1 4 7 12
21110538 606 3 3 1 2 1 0 2 1 0 0 0 0 1 1 1 2 1 5 4 0 3 4 12 0 1 1 4 0 2 0 0
21110539 529 0 1 0 3 1 0 0 0 0 0 0 0 0 0 0 1 0 3 3 2 2 6 5 5 3 1 7 12
21110540 511 7 3 3 3 2 2 1 2 1 0 1 1 0 0 0 0 1 3 3 1 2 0 0 1 5 4 3 2 3 3 0 1 3 12 0
21110541 497 1 3 1 0 1 1 0 0 0 0 0 0 1 12 8 5 4 6 5 4 1 2 1 0 2 0 2 0 0
21110542 528 0 1 0 2 1 0 0 0 0 0 0 0 0 0 0 3 0 0 2 3 0 1 1 6 2 1 3 12
21110543 580 10 2 2 3 1 1 3 1 3 3 2 3 1 6 0.33333333333333331 7 0.33333333333333331 8 0.33333333333333331 3 3 4 0 0 2 2 0 0 4 4 1 5 12 1 0 3 3 3
21110544 537 7 3 2 2 1 1 1 2 1 0 3 1 0 0 0 0 3 3 1 0 4 3 12 3 2 6 7 0 1 4 5 0 3 4 3
21110545 631 8 1 3 2 3 2 1 2 3 1 0 3 1 0 0 0 0 2 3 3 1 0 0 0 1 2 0 2 12 6 4 1 8 5 3 0
21110546 646 1 3 1 0 1 1 0 0 0 0 0 0 1 0 1 0 0 2 4 4 3 3 5 4 2 12 6 3 0
21110547 624 4 1 3 2 2 1 0 1 1 0 0 0 0 1 2 1 2 0 3 0 3 1 6 3 3 6 2 0 12 1 3 0
21110548 519 2 2 1 1 0 3 1 0 0 0 0 1 1 0 0 0 0 2 0 5 5 3 0 7 3 4 6 12 3 1
21110549 509 8 1 3 2 2 3 2 1 2 3 1 5 0.33333333333333331 6 0.33333333333333331 7 0.33333333333333331 2 4 2 0 0 0 3 0 4 5 12 1 6 5 4 0 1 2 1
21110550 592 6 2 3 3 1 2 1 1 0 3 1 0 0 0 0 2 2 2 3 8 12 0 7 5 6 3 2 1 1 3 2 0 0 0
21110551 545 10 1 1 2 3 3 2 3 2 3 1 1 0 1 1 0 0 0 0 3 3 4 0 0 0 2 0 1 3 12 2 3 6 6 0 4 4 3
21110552 494 2 1 1 1 0 3 1 0 0 0 0 2 0 0 0 0 2 3 1 0 5 3 2 4 4 7 2 5 7 12
21110553 629 5 2 3 3 2 1 1 0 2 1 0 0 0 0 1 2 2 0 0 0 2 0 0 1 6 3 1 6 1 3 4 6 12
21110554 549 4 2 1 2 1 1 0 1 1 0 0 0 0 2 2 0 0 0 2 3 0 5 3 4 1 3 5 4 2 3 4 12
21110555 525 7 3 3 2 1 2 1 1 1 0 3 1 0 0 0 0 3 2 2 12 1 5 2 3 5 4 2 1 3 4 0 0 0 2 0
21110556 547 11 3 1 1 3 1 1 2 2 2 2 3 1 0 3 1 0 0 0 0 4 4 3 2 3 1 3 0 5 1 4 2 6 4 12 0 3 3 0
21110557 557 6 2 3 1 1 3 1 1 0 2 1 0 0 0 0 3 1 2 0 0 0 3 0 1 3 12 2 3 6 4 0 1 2 2
21110558 536 2 3 1 1 0 2 1 0 0 0 0 1 0 1 1 3 0 1 1 2 2 0 3 5 3 2 12 3 3 0
21110559 470 9 1 3 1 2 2 1 1 3 2 1 0 3 1 0 0 0 0 4 3 2 3 0 0 0 1 3 6 2 2 4 4 0 12 6 4 0
21110560 503 6 3 1 2 1 3 2 1 0 1 1 0 0 0 0 2 2 2 4 3 3 0 2 3 12 0 5 2 3 3 3 0 1 0
21110561 528 9 1 2 1 3 2 3 3 1 2 1 0 3 1 0 0 0 0 3 3 3 0 0 1 0 4 3 0 0 1 2 1 2 12 3 5 2
21110562 544 10 2 1 2 3 1 3 3 2 1 2 1 0 3 1 0 0 0 0 3 4 3 0 0 3 12 1 0 3 5 0 3 2 4 0 0 1 0
21110563 629 10 2 1 3 1 3 2 3 2 2 1 3 1 6 0.33333333333333331 7 0.33333333333333331 8 0.33333333333333331 3 4 3 0 12 4 2 0 6 5 8 3 3 4 6 0 1 1 0
21110564 480 5 3 1 1 3 1 1 0 3 1 0 0 0 0 3 0 2 0 0 2 2 2 3 4 2 7 6 3 1 12 4 3 0
21110565 565 11 2 2 1 2 2 3 3 3 1 3 1 1 0 1 1 0 0 0 0 3 4 4 0 0 0 1 3 2 2 4 0 6 5 4 0 3 1 12
21110566 581 9 1 2 2 3 1 3 1 2 3 1 0 1 1 0 0 0 0 3 3 3 2 3 3 1 3 2 4 12 0 2 3 4 0 0 1 3
21110568 501 5 3 2 1 3 1 1 0 2 1 0 0 0 0 2 1 2 3 1 3 12 2 5 6 0 4 1 3 3 0 0 0 2
21110569 609 10 2 1 3 3 1 2 1 2 2 3 1 0 3 1 0 0 0 0 3 4 3 0 1 0 0 12 3 3 2 3 4 4 3 1 4 3 0
21110570 525 3 1 1 2 1 0 2 1 0 0 0 0 2 1 0 0 12 4 3 0 4 4 3 7 1 3 0 0 2 0 0
21110571 522 1 2 1 0 2 1 0 0 0 0 0 1 0 12 6 5 0 3 5 1 1 3 3 4 0 0 0 3 0
21110572 493 3 3 3 2 1 0 1 1 0 0 0 0 0 1 2 0 0 2 0 0 7 5 1 1 0 5 5 3 6 2 12
21110573 556 10 2 3 3 1 2 3 1 3 2 1 1 0 1 1 0 0 0 0 3 3 4 2 6 4 12 7 5 1 1 3 0 2 3 0 0 2 0
21110574 569 7 3 2 1 1 3 2 3 1 0 2 1 0 0 0 0 2 2 3 1 4 7 0 4 5 3 3 12 1 3 0 0 0 0 2
21110575 494 9 1 1 2 3 3 2 3 2 3 1 0 1 1 0 0 0 0 2 3 4 1 0 0 0 0 3 3 4 3 6 4 5 2 3 7 12
21110576 587 11 1 3 1 2 1 2 3 1 2 2 3 1 0 3 1 0 0 0 0 4 4 3 3 2 0 1 0 3 4 5 0 1 3 7 0 2 3 12
21110577 530 4 2 2 3 3 1 0 3 1 0 0 0 0 0 2 2 12 4 3 2 1 3 6 5 3 1 1 1 0 0 2 0
21110578 503 8 3 1 2 3 1 3 2 1 1 0 3 1 0 0 0 0 3 2 3 1 0 0 0 0 2 3 0 4 3 4 0 4 6 12 2
21110579 583 7 1 1 2 2 3 3 3 1 0 2 1 0 0 0 0 2 2 3 4 5 12 0 1 3 4 0 4 2 3 5 0 3 0 1
21110580 591 10 3 3 2 3 2 1 2 2 1 3 1 0 1 1 0 0 0 0 2 4 4 4 6 2 0 8 3 12 0 7 3 2 1 1 0 0 1
21110581 572 11 2 3 1 3 2 1 3 1 3 2 1 1 0 2 1 0 0 0 0 4 3 4 0 0 1 3 0 12 4 0 5 4 3 2 3 1 2 3
21110582 564 2 1 2 3 1 6 0.33333333333333331 7 0.33333333333333331 8 0.33333333333333331 1 1 0 0 5 0 4 0 3 3 2 5 4 3 4 3 0 1 12
21110583 566 7 2 1 3 2 3 1 1 1 0 3 1 0 0 0 0 3 2 2 0 0 0 5 12 8 0 0 5 4 5 1 2 2 1 2
21110584 486 4 2 1 1 3 1 0 2 1 0 0 0 0 2 1 1 0 0 3 0 0 2 3 1 3 5 1 3 2 3 4 12
21110585 506 0 1 0 2 1 0 0 0 0 0 0 0 2 3 3 5 1 4 6 5 0 0 12 3 0 2 1 1
21110587 580 2 2 3 1 0 3 1 0 0 0 0 0 1 1 0 0 1 0 1 3 2 5 0 0 3 6 0 0 4 12
21110590 523 4 3 3 1 2 1 0 1 1 0 0 0 0 1 1 2 0 3 0 0 2 3 3 12 1 5 4 6 2 3 3 4
21110591 517 1 2 3 1 5 0.33333333333333331 6 0.33333333333333331 7 0.33333333333333331 0 1 0 2 0 0 0 1 4 0 0 1 2 1 5 3 3 12 3
21110592 529 3 3 3 1 1 0 3 1 0 0 0 0 1 0 2 1 0 3 0 4 3 2 0 4 5 6 3 12 7 5 2
21110593 546 11 2 3 1 1 3 2 3 2 1 3 1 1 0 2 1 0 0 0 0 4 3 4 0 0 1 0 3 1 3 2 3 4 3 0 5 12 2 0
21110594 576 3 3 3 1 1 0 1 1 0 0 0 0 1 0 2 0 2 0 0 12 2 2 0 1 6 4 2 4 4 4 1
21110596 531 8 2 1 1 1 2 3 2 2 1 0 3 1 0 0 0 0 3 4 1 3 3 4 1 12 4 5 0 0 3 4 3 0 2 1 3
21110597 554 2 1 3 1 0 1 1 0 0 0 0 1 0 1 2 0 0 0 3 0 2 1 0 0 6 3 2 4 5 12
21110598 503 10 2 3 1 2 1 1 1 2 2 3 1 0 3 1 0 0 0 0 4 4 2 12 2 3 0 7 4 4 3 4 3 0 1 3 0 0 0
21110599 599 11 3 3 1 2 3 1 2 3 2 1 2 1 0 1 1 0 0 0 0 3 4 4 3 4 2 12 0 3 5 4 1 0 3 3 0 3 0 0
21110600 543 1 3 1 0 3 1 0 0 0 0 0 0 1 1 2 0 0 0 4 4 2 1 2 7 7 0 3 12 1
21110601 674 10 1 2 3 3 1 1 3 1 2 2 1 0 2 1 0 0 0 0 4 3 3 0 3 0 0 3 2 4 0 5 3 3 0 12 7 1 4
21110602 509 10 3 3 1 2 1 1 3 2 3 2 1 0 2 1 0 0 0 0 3 3 4 0 3 1 12 2 3 6 3 0 4 4 5 1 3 2 1
21110603 548 7 1 2 1 2 3 3 3 1 0 2 1 0 0 0 0 2 2 3 12 5 5 0 4 3 0 0 3 1 2 1 0 3 0 0
21110604 532 2 3 1 1 0 2 1 0 0 0 0 1 0 1 3 3 0 0 0 7 12 0 3 3 3 2 4 5 1 0
21110606 492 10 1 2 3 3 1 2 2 2 3 3 1 0 1 1 0 0 0 0 2 4 4 0 0 2 1 2 1 5 3 0 3 6 6 0 4 1 12
21110607 473 11 1 3 1 1 1 3 3 2 3 2 2 1 0 2 1 0 0 0 0 4 3 4 1 0 0 0 2 3 4 0 3 4 12 1 3 5 3 2
21110608 505 2 3 3 1 0 3 1 0 0 0 0 0 0 2 0 4 5 12 1 0 4 6 0 0 3 4 3 0 2 0
21110609 554 11 1 3 3 1 2 3 2 2 1 3 1 1 0 2 1 0 0 0 0 4 3 4 0 3 3 1 2 2 4 5 1 6 5 12 3 2 1 0
21110610 590 11 1 1 2 1 2 2 3 3 1 3 2 1 0 3 1 0 0 0 0 4 4 3 0 0 0 3 0 0 0 5 3 3 3 2 4 1 12 3
21110611 538 2 2 3 1 0 3 1 0 0 0 0 0 1 1 12 1 2 0 7 1 1 2 5 5 0 0 2 1 0 0
21110612 615 3 1 3 1 1 0 2 1 0 0 0 0 2 0 1 12 4 4 0 7 5 2 1 3 4 2 0 3 0 0 0
21110613 518 10 1 1 3 1 2 2 3 2 3 2 1 0 3 1 0 0 0 0 3 4 3 0 3 3 2 1 12 1 1 3 2 6 3 0 7 0 0
21110614 483 1 3 1 0 3 1 0 0 0 0 0 0 1 12 4 4 3 1 2 5 2 3 0 4 0 0 0 1 6
21110615 625 11 2 3 1 2 2 3 2 3 1 1 1 1 0 3 1 0 0 0 0 4 4 3 4 0 0 0 2 7 3 0 4 4 0 0 12 4 0 1
21110616 585 3 1 3 2 1 0 1 1 0 0 0 0 1 1 1 3 6 3 0 2 5 4 1 3 8 4 2 3 4 12 0
21110617 638 7 3 2 2 2 1 3 1 1 0 3 1 0 0 0 0 2 3 2 0 0 1 0 2 1 3 3 3 4 4 6 4 6 7 12
21110618 611 8 1 1 1 3 3 2 2 3 1 0 2 1 0 0 0 0 3 2 3 0 3 4 2 0 5 6 3 1 3 12 3 0 2 0 1
21110619 546 9 1 1 2 3 3 2 2 1 2 1 0 1 1 0 0 0 0 3 4 2 0 2 7 0 6 5 12 0 4 3 3 0 0 1 4 3
21110620 547 5 1 1 2 2 1 1 0 2 1 0 0 0 0 3 2 0 0 3 3 3 1 5 7 12 2 5 8 2 0 1 4 0
21110622 523 6 1 3 3 2 1 3 1 0 2 1 0 0 0 0 2 1 3 1 2 2 0 1 3 2 1 4 5 12 0 3 0 0 0
21110623 584 9 3 2 1 3 2 3 2 1 1 1 0 3 1 0 0 0 0 3 3 3 12 3 3 0 7 4 4 1 2 3 5 0 3 0 0 0
21110624 488 9 2 1 3 1 3 2 1 2 2 1 0 3 1 0 0 0 0 3 4 2 3 5 4 3 0 5 2 3 3 1 12 0 1 0 0 0
21110625 478 2 3 2 1 0 1 1 0 0 0 0 0 1 1 1 1 0 0 4 5 2 0 2 6 5 3 12 3 3 3
21110627 575 8 2 1 1 3 3 1 2 2 1 0 3 1 0 0 0 0 3 3 2 3 2 4 12 0 1 1 4 3 2 6 2 0 0 3 1
21110628 636 0 1 0 3 1 0 0 0 0 0 0 0 0 0 0 2 4 1 1 4 6 5 5 7 0 12 3 2
21110629 535 11 1 3 1 2 3 2 1 2 3 3 1 1 0 2 1 0 0 0 0 4 3 4 0 0 1 0 1 5 12 3 0 5 2 3 0 0 2 0
21110630 514 7 2 3 1 1 2 1 3 1 0 3 1 0 0 0 0 3 2 2 12 4 1 2 7 6 5 0 4 1 0 2 0 0 2 0
21110631 548 7 3 1 2 3 2 1 3 1 0 1 1 0 0 0 0 2 2 3 0 2 0 1 3 2 0 3 2 3 3 0 12 5 1 0
21110632 550 3 1 2 3 1 0 3 1 0 0 0 0 1 1 1 0 2 8 4 1 5 7 12 1 0 6 4 2 0 3 0
21110633 540 1 3 1 0 1 1 0 0 0 0 0 0 1 4 12 3 1 5 5 2 0 3 0 2 0 0 3 0 0
21110634 513 2 3 2 1 0 3 1 0 0 0 0 0 1 1 2 1 1 1 2 1 5 0 3 4 12 0 3 2 0 0
21110635 599 7 1 1 3 2 2 3 1 1 0 3 1 0 0 0 0 3 2 2 12 3 2 0 4 7 3 0 3 3 2 3 0 0 0 1
21110636 491 5 1 2 2 1 3 1 0 1 1 0 0 0 0 2 2 1 0 0 2 1 0 4 3 12 4 5 4 7 2 3 3 4
21110637 562 3 3 3 1 1 0 2 1 0 0 0 0 1 0 2 0 1 5 1 2 5 5 5 0 2 1 12 2 0 0 0
21110638 535 8 1 1 3 1 3 1 2 2 1 0 2 1 0 0 0 0 4 2 2 0 0 0 3 2 3 3 4 0 3 4 5 0 5 7 12
21110639 584 11 2 1 2 3 1 1 1 2 3 3 2 1 0 3 1 0 0 0 0 4 4 3 2 3 4 5 0 0 2 12 1 3 3 2 0 0 1 1
21110640 491 3 3 2 3 1 0 1 1 0 0 0 0 0 1 2 0 2 3 1 3 0 2 0 12 7 3 0 3 4 3 1
21110641 520 6 3 2 2 3 1 3 1 0 3 1 0 0 0 0 1 2 3 0 0 0 1 3 3 2 1 4 7 0 0 12 4 3 4
21110642 524 9 3 1 3 3 2 2 2 1 1 1 0 3 1 0 0 0 0 3 3 3 3 6 5 2 12 1 5 0 4 3 2 0 2 1 0 1
21110643 560 9 1 2 3 1 1 2 3 3 3 1 0 1 1 0 0 0 0 3 2 4 0 0 0 2 4 5 0 2 6 6 1 0 12 3 4 2
21110644 511 8 2 3 1 1 2 3 1 3 1 0 2 1 0 0 0 0 3 2 3 2 4 12 0 5 4 1 0 0 3 2 0 1 0 0 3
21110645 557 8 1 2 1 1 2 3 2 1 1 0 3 1 0 0 0 0 4 3 1 0 0 3 0 3 3 3 0 4 5 0 2 12 7 7 4
21110646 516 3 2 1 2 3 1 5 0.33333333333333331 6 0.33333333333333331 7 0.33333333333333331 1 2 0 12 4 1 3 5 4 4 0 1 3 3 0 2 0 0 0
21110647 599 10 3 3 1 2 3 1 2 2 1 3 1 0 1 1 0 0 0 0 3 3 4 12 7 5 3 4 4 0 0 2 1 0 0 0 0 2 0
21110648 628 6 1 2 3 1 3 2 1 0 1 1 0 0 0 0 2 2 2 0 1 2 2 0 4 0 7 3 3 0 1 5 2 12 3
21110649 492 7 1 1 2 1 1 3 3 1 0 2 1 0 0 0 0 4 1 2 0 0 0 2 0 0 0 3 2 3 3 5 3 12 7 5
21110650 533 8 2 3 3 1 2 3 2 1 1 0 3 1 0 0 0 0 2 3 3 0 1 0 0 5 2 0 2 5 4 1 0 12 1 3 0
21110651 520 0 1 0 2 1 0 0 0 0 0 0 0 2 0 3 4 0 1 6 12 0 4 7 1 0 1 4 2
21110652 500 6 1 3 2 2 1 3 1 0 2 1 0 0 0 0 2 2 2 0 1 0 0 1 4 3 5 0 0 12 3 7 0 5 2
21110653 586 2 3 2 1 0 2 1 0 0 0 0 0 1 1 1 1 0 0 3 2 4 6 0 0 4 8 0 3 1 12
21110654 570 4 1 1 1 1 1 0 2 1 0 0 0 0 4 0 0 5 0 2 0 2 4 0 3 12 1 0 0 2 4 2 0
21110656 530 4 1 2 2 1 1 0 1 1 0 0 0 0 2 2 0 3 0 0 0 3 2 3 3 3 7 4 0 12 6 5 0
21110657 504 4 2 1 3 1 1 0 3 1 0 0 0 0 2 1 1 0 0 3 12 0 3 6 3 2 3 0 3 0 3 0 4
21110658 572 3 3 3 1 1 0 1 1 0 0 0 0 1 0 2 2 0 0 0 2 3 6 7 0 6 5 2 0 12 1 5
21110659 533 1 2 1 0 2 1 0 0 0 0 0 1 0 0 0 12 4 1 7 5 3 0 5 2 1 3 0 3 1
21110660 542 1 2 1 0 1 1 0 0 0 0 0 1 0 0 2 0 4 0 0 3 1 0 0 1 5 2 5 5 12
21110661 555 10 3 1 3 2 2 1 3 1 3 1 1 0 2 1 0 0 0 0 4 2 4 12 8 5 0 5 6 4 1 4 4 4 2 0 3 0 2
21110662 647 11 2 3 2 3 2 1 1 1 2 1 3 1 0 3 1 0 0 0 0 4 4 3 0 2 4 4 4 3 6 1 3 5 4 12 0 1 2 0
21110663 566 10 1 1 3 3 2 3 2 2 1 1 1 0 2 1 0 0 0 0 4 3 3 0 0 3 3 3 3 5 4 4 7 6 2 3 3 1 12
21110664 585 4 1 3 3 1 3 1 5 0.33333333333333331 6 0.33333333333333331 7 0.33333333333333331 2 0 2 2 3 2 0 1 5 4 6 2 8 6 7 0 3 3 12
21110665 512 10 3 3 1 2 3 1 1 1 2 2 1 0 3 1 0 0 0 0 4 3 3 2 0 0 0 12 2 4 0 1 5 4 0 4 4 4 3
21110666 447 11 1 2 3 3 2 1 3 2 2 1 1 1 0 3 1 0 0 0 0 4 4 3 1 3 1 3 2 5 5 2 0 12 0 3 1 0 0 2
21110667 657 0 1 0 1 1 0 0 0 0 0 0 0 4 1 12 3 4 3 3 2 3 7 0 0 2 0 0 0
21110668 535 6 2 3 2 1 3 1 1 0 2 1 0 0 0 0 2 2 2 0 4 5 5 0 3 5 7 0 3 3 12 1 0 3 3
21110670 533 11 3 2 2 1 3 2 2 1 1 1 3 1 0 3 1 0 0 0 0 4 4 3 0 1 1 0 2 5 5 0 0 12 1 2 4 2 3 0
21110671 528 4 1 2 1 1 1 0 3 1 0 0 0 0 3 1 0 3 5 12 3 0 3 4 6 0 0 2 2 0 0 1 2
21110672 586 7 1 1 2 3 1 3 1 1 0 3 1 0 0 0 0 4 1 2 2 3 3 12 0 6 4 5 0 0 3 2 0 7 2 0
21110673 543 4 3 1 2 3 1 0 3 1 0 0 0 0 1 1 2 3 1 0 0 3 4 1 0 2 5 4 0 7 12 5 2
21110674 611 2 1 2 1 0 2 1 0 0 0 0 1 1 0 3 1 3 12 3 2 6 7 0 0 3 5 0 0 1 3
21110675 607 0 1 0 3 1 0 0 0 0 0 0 0 12 4 3 2 4 6 4 1 1 0 0 0 0 2 0 0
21110676 449 0 1 0 2 1 0 0 0 0 0 0 0 0 0 1 4 3 2 6 3 0 0 12 1 1 2 3 4
21110677 623 9 1 3 2 3 2 2 1 3 1 1 0 3 1 0 0 0 0 3 3 3 0 0 0 1 0 4 2 3 0 1 5 5 2 3 3 12
21110678 528 2 1 2 1 0 3 1 0 0 0 0 1 1 0 0 3 7 0 12 6 3 0 8 5 5 0 2 1 0 3
21110679 522 8 1 2 3 3 3 1 1 1 1 0 2 1 0 0 0 0 4 1 3 12 6 3 1 3 5 5 0 3 2 3 2 0 0 2 0
21110681 620 6 3 1 2 1 3 2 3 1 4 0.33333333333333331 5 0.33333333333333331 6 0.33333333333333331 2 2 2 3 3 3 12 0 7 3 4 0 5 2 3 1 6 0 0
21110682 559 0 1 0 1 1 0 0 0 0 0 0 0 0 3 3 0 12 5 0 0 5 3 0 3 4 2 3 0
21110683 503 7 3 1 3 2 2 1 2 1 0 1 1 0 0 0 0 2 3 2 0 1 0 0 3 0 2 12 0 0 5 5 0 3 3 3
21110685 602 1 2 1 0 3 1 0 0 0 0 0 1 0 12 1 6 1 6 4 0 0 3 4 0 2 0 0 4 0
21110686 543 2 3 1 1 0 1 1 0 0 0 0 1 0 1 2 2 3 1 3 2 5 5 12 6 4 1 2 5 3 0
21110687 575 9 3 1 3 3 2 3 1 2 2 3 1 5 0.33333333333333331 6 0.33333333333333331 7 0.33333333333333331 2 3 4 0 3 3 1 0 5 4 5 0 0 4 12 2 0 0 1
21110688 576 0 1 0 1 1 0 0 0 0 0 0 0 1 0 0 3 3 7 5 6 2 4 7 2 3 4 12 3
21110689 602 4 2 2 2 3 1 0 3 1 0 0 0 0 0 3 1 0 0 1 3 4 3 1 0 8 6 3 1 12 5 4 0
21110690 586 1 1 1 0 3 1 0 0 0 0 1 0 0 12 3 3 1 5 3 3 0 3 5 2 0 3 2 3 0
21110691 413 5 3 1 1 3 3 1 0 1 1 0 0 0 0 2 0 3 5 0 7 0 4 3 0 0 3 8 6 2 2 8 12 2
21110692 594 7 3 2 3 1 1 1 2 1 0 3 1 0 0 0 0 3 2 2 0 0 0 3 1 2 0 0 4 6 4 0 12 8 4 2
21110693 582 6 1 3 2 1 3 1 1 0 3 1 0 0 0 0 3 1 2 3 4 3 0 3 5 12 3 4 3 3 0 0 2 2 0
21110694 581 10 3 1 2 1 2 1 2 3 3 1 1 0 2 1 0 0 0 0 4 3 3 0 6 0 0 0 7 5 4 3 5 7 2 3 1 8 12
21110695 593 6 1 2 1 1 3 3 1 0 2 1 0 0 0 0 3 1 2 2 0 0 3 0 3 1 4 2 2 4 6 0 1 3 12
21110696 573 9 2 1 3 1 2 2 1 3 1 1 0 3 1 0 0 0 0 4 3 2 0 8 4 12 0 3 4 4 3 0 0 3 0 0 0 2
21110697 538 6 3 1 1 2 2 3 1 0 2 1 0 0 0 0 2 2 2 0 6 3 1 0 5 4 0 3 2 6 5 1 12 6 0
21110698 499 5 3 3 2 1 2 1 0 2 1 0 0 0 0 1 2 2 0 0 0 1 0 2 6 5 1 0 5 12 0 3 3 1
21110699 599 3 1 3 1 1 0 3 1 0 0 0 0 2 0 1 0 3 0 0 4 1 2 0 3 5 2 2 3 9 12 0
21110700 548 5 3 2 2 3 3 1 0 2 1 0 0 0 0 0 2 3 1 3 3 1 4 4 2 0 3 4 12 1 0 0 0 1
21110701 553 0 1 0 1 1 0 0 0 0 0 0 0 0 3 0 3 1 2 0 0 4 3 1 2 12 8 5 2
21110702 561 2 3 1 1 0 3 1 0 0 0 0 1 0 1 12 9 5 2 6 5 2 0 5 3 0 0 3 1 0 0
21110703 557 9 2 2 2 1 2 3 3 1 1 1 0 3 1 0 0 0 0 3 4 2 12 8 5 0 5 4 2 0 1 4 3 1 0 0 3 0
21110704 469 8 1 1 2 2 2 3 3 1 1 0 3 1 0 0 0 0 3 3 2 2 4 8 1 0 2 6 3 1 6 3 12 0 3 0 3
21110705 529 9 2 3 2 1 1 3 3 2 1 1 0 3 1 0 0 0 0 3 3 3 0 2 0 1 12 5 3 2 4 7 1 0 3 3 0 0
21110706 413 0 1 0 2 1 0 0 0 0 0 0 0 0 1 3 3 3 2 5 4 0 4 1 12 3 0 0 0
21110707 541 10 1 1 2 3 2 3 1 2 3 2 1 0 1 1 0 0 0 0 3 4 3 0 0 0 3 0 1 3 4 2 4 5 6 0 3 3 12
21110708 607 6 3 1 1 2 2 1 1 0 1 1 0 0 0 0 3 2 1 2 12 9 2 3 3 4 5 1 6 2 3 3 3 3 0
21110709 568 9 2 3 1 3 2 1 2 3 3 1 0 2 1 0 0 0 0 2 3 4 1 0 0 0 1 2 3 12 0 4 6 1 0 2 1 3
21110710 558 1 1 1 0 1 1 0 0 0 0 1 0 0 2 3 5 12 2 3 5 7 0 0 1 2 3 0 0 0
21110711 530 8 3 1 2 1 3 2 3 3 1 0 1 1 0 0 0 0 2 2 4 0 4 7 12 2 2 3 1 1 4 3 2 0 0 1 2
21110712 616 8 1 3 2 3 2 3 3 1 1 0 2 1 0 0 0 0 2 2 4 0 1 1 2 0 3 5 6 0 4 6 7 3 3 3 12
21110713 482 3 1 1 2 3 1 5 0.33333333333333331 6 0.33333333333333331 7 0.33333333333333331 2 1 0 12 4 1 0 6 1 4 2 2 5 4 0 2 0 0 0
21110714 520 9 1 3 2 2 2 1 3 1 2 1 0 3 1 0 0 0 0 3 4 2 1 12 3 0 4 3 3 1 1 8 2 4 4 2 4 0
21110715 508 7 3 2 1 1 2 2 3 1 0 2 1 0 0 0 0 2 3 2 0 0 1 3 0 0 3 0 1 5 7 4 3 5 3 12
21110716 528 11 3 1 2 3 2 1 3 3 1 1 2 1 0 2 1 0 0 0 0 4 3 4 1 0 0 0 0 4 3 6 0 2 3 12 3 5 3 3
21110717 544 0 1 0 1 1 0 0 0 0 0 0 0 0 5 6 12 0 3 4 5 3 0 0 4 0 0 3 2
21110718 490 11 2 1 1 3 2 2 3 1 2 3 3 1 0 1 1 0 0 0 0 3 4 4 3 0 2 2 0 4 3 1 0 5 6 1 0 3 3 12
21110719 619 7 2 2 2 3 3 1 3 1 0 1 1 0 0 0 0 1 3 3 1 0 0 0 12 3 2 0 9 5 1 0 5 4 3 3
21110720 536 7 3 2 2 3 1 2 3 1 0 1 1 0 0 0 0 1 3 3 0 0 1 1 0 2 5 3 4 5 3 5 3 3 3 12
21110721 597 2 1 1 1 0 2 1 0 0 0 0 2 0 0 4 0 1 2 1 6 1 2 4 4 5 4 2 12 3 2
21110722 460 10 3 3 1 1 2 1 2 2 1 3 1 0 3 1 0 0 0 0 4 3 3 0 3 0 0 0 12 3 7 0 5 6 1 2 1 2 2
21110723 539 6 3 2 2 3 3 3 1 0 1 1 0 0 0 0 0 2 4 0 0 3 1 3 2 4 0 12 3 1 0 1 3 5 2
21110724 485 1 1 3 1 4 0.33333333333333331 5 0.33333333333333331 6 0.33333333333333331 1 0 0 3 3 4 3 0 2 12 4 0 4 0 3 0 5 2 1
21110725 519 9 2 3 3 2 1 2 2 3 3 1 0 1 1 0 0 0 0 1 4 4 12 3 1 2 7 6 6 5 5 1 0 0 1 0 0 0
21110726 474 5 2 1 2 1 1 1 0 3 1 0 0 0 0 3 2 0 2 0 7 3 2 3 5 3 2 4 12 0 1 5 1 3
21110727 555 4 3 3 2 2 1 0 3 1 0 0 0 0 0 2 2 0 1 1 0 0 4 4 2 3 6 7 1 2 1 7 12
21110728 564 1 1 1 0 3 1 0 0 0 0 1 0 0 3 2 12 1 3 3 3 0 3 4 2 0 3 3 0 0
21110729 463 7 1 2 3 3 3 1 3 1 0 1 1 0 0 0 0 2 1 4 3 0 2 0 2 3 5 3 4 6 2 0 12 3 0 1
21110730 494 5 3 2 1 2 1 1 0 3 1 0 0 0 0 2 2 1 2 2 4 12 0 1 1 3 0 4 4 2 0 0 7 1
21110731 554 10 1 1 2 1 2 1 3 3 3 2 1 0 2 1 0 0 0 0 4 3 3 3 1 3 0 2 3 7 0 4 6 12 0 4 4 4 3
21110732 552 9 3 1 3 1 2 2 2 3 3 1 0 2 1 0 0 0 0 2 3 4 0 2 4 1 1 5 6 7 1 3 9 3 0 3 5 12
21110733 550 1 1 1 0 1 1 0 0 0 0 1 0 0 2 4 3 12 0 2 5 4 1 2 4 3 3 0 6 0
21110734 492 6 3 1 2 2 3 1 1 0 2 1 0 0 0 0 2 2 2 6 12 1 3 2 5 4 0 3 1 3 0 1 0 2 0
21110735 556 8 3 3 1 1 3 2 1 3 1 0 1 1 0 0 0 0 3 1 4 3 5 3 0 5 3 0 0 12 3 0 0 0 2 2 2
21110736 597 11 3 3 2 2 1 1 2 3 2 3 1 1 0 1 1 0 0 0 0 3 4 4 0 0 1 0 2 1 0 0 3 2 5 3 5 5 12 4
21110737 556 1 2 1 0 1 1 0 0 0 0 0 1 0 0 0 0 1 0 0 3 4 0 1 6 5 2 2 12 4
21110738 590 11 2 3 3 1 3 2 1 1 1 2 2 1 0 3 1 0 0 0 0 4 4 3 0 3 7 12 0 2 3 2 1 5 3 3 0 0 1 0
21110739 550 1 3 1 0 3 1 0 0 0 0 0 0 1 3 2 0 1 3 5 1 0 4 5 12 0 0 2 0 0
21110740 489 8 3 2 2 2 2 1 1 3 1 0 1 1 0 0 0 0 2 4 2 0 0 0 7 12 7 5 4 3 3 5 5 1 3 4 3
21110741 565 4 2 2 2 1 1 0 1 1 0 0 0 0 1 3 0 0 0 0 3 0 1 2 12 0 6 1 5 3 0 4 4
21110742 546 11 1 3 2 2 1 3 2 1 3 3 1 1 0 2 1 0 0 0 0 4 3 4 0 4 3 12 0 3 6 3 0 1 2 1 2 3 0 0
21110743 577 3 3 2 3 1 0 1 1 0 0 0 0 0 1 2 0 1 7 12 2 3 4 5 3 4 2 3 1 0 0 0
21110744 550 6 3 1 2 1 1 1 1 0 2 1 0 0 0 0 4 1 1 3 2 3 0 1 7 0 0 5 3 12 0 2 2 4 3
21110745 504 2 3 2 1 0 3 1 0 0 0 0 0 1 1 1 0 1 2 0 3 4 1 0 2 3 4 0 3 6 12
21110746 528 0 1 0 3 1 0 0 0 0 0 0 0 0 3 0 3 2 5 12 0 0 3 5 4 1 1 2 4
21110747 455 6 1 3 3 2 3 2 1 0 1 1 0 0 0 0 1 2 3 3 0 2 0 0 5 5 1 0 3 6 2 0 3 12 1
21110749 457 5 3 2 2 1 1 1 0 1 1 0 0 0 0 2 2 1 3 12 6 3 1 3 3 2 1 0 2 3 0 0 2 3
21110752 617 1 3 1 0 1 1 0 0 0 0 0 0 1 2 0 12 4 3 7 5 3 0 3 4 1 0 0 0 2
21110753 461 11 2 2 1 3 3 1 1 2 1 3 2 1 0 3 1 0 0 0 0 4 4 3 3 3 4 2 5 4 3 1 12 1 1 2 2 0 0 0
21110754 497 10 3 3 1 2 3 1 2 1 2 3 1 0 1 1 0 0 0 0 3 3 4 0 2 0 0 0 3 4 0 3 4 3 0 4 7 12 3
21110755 547 4 3 1 2 2 1 0 1 1 0 0 0 0 1 2 1 4 4 6 3 0 12 3 0 2 3 4 2 0 1 1 0
21110756 559 1 3 1 0 1 1 0 0 0 0 0 0 1 1 1 3 2 0 12 2 0 2 3 5 0 0 3 3 0
21110757 530 9 2 2 3 1 2 3 3 3 1 3 1 7 0.33333333333333331 8 0.33333333333333331 9 0.33333333333333331 2 3 4 0 0 1 3 0 1 4 2 2 0 4 5 0 1 5 12
21110758 548 10 2 1 1 2 3 1 3 2 2 1 1 0 3 1 0 0 0 0 4 4 2 12 1 3 3 5 3 2 0 5 1 0 0 2 0 0 0
21110759 477 2 3 3 1 0 2 1 0 0 0 0 0 0 2 12 6 5 3 8 5 3 0 1 3 3 0 2 1 0 0
21110760 568 8 1 2 2 1 2 1 3 3 1 0 1 1 0 0 0 0 3 3 2 3 5 6 6 3 5 12 0 3 4 2 0 0 0 3 0
21110761 586 1 2 1 0 3 1 0 0 0 0 0 1 0 12 3 1 3 6 3 4 2 5 3 3 0 1 0 0 0
21110762 512 3 2 3 3 1 0 1 1 0 0 0 0 0 1 2 12 4 3 0 6 1 6 0 8 3 2 0 3 0 0 3
21110764 571 6 1 1 3 2 2 2 3 1 6 0.33333333333333331 7 0.33333333333333331 8 0.33333333333333331 2 3 1 0 0 0 3 0 1 5 3 0 5 2 2 7 12 1 1
21110765 496 1 1 1 0 2 1 0 0 0 0 1 0 0 0 6 7 0 3 4 12 5 3 5 4 3 0 2 1 3
21110767 553 2 3 2 1 0 3 1 0 0 0 0 0 1 1 4 2 1 0 4 3 6 1 2 12 1 0 1 0 3 2
21110768 569 9 3 3 1 2 3 3 1 1 1 1 0 2 1 0 0 0 0 4 1 4 12 3 0 2 6 3 4 1 2 3 3 0 2 3 0 0
21110769 600 11 3 3 2 2 1 1 1 3 1 3 2 1 0 2 1 0 0 0 0 4 3 4 0 0 3 0 2 4 2 1 1 3 4 3 0 3 6 12
21110770 518 8 2 3 2 3 1 1 1 2 1 0 3 1 0 0 0 0 3 3 2 12 3 5 1 5 7 2 0 0 4 0 0 0 0 4 0
21110771 553 5 3 2 2 2 3 1 0 3 1 0 0 0 0 0 3 2 0 0 0 2 1 1 7 12 1 1 4 7 0 1 6 2
21110772 550 11 3 1 3 3 2 1 2 1 1 2 2 1 0 3 1 0 0 0 0 4 4 3 0 3 1 2 0 12 4 3 3 4 5 3 1 0 2 0
21110773 502 4 1 3 1 2 1 0 2 1 0 0 0 0 2 1 1 3 1 12 0 3 1 4 0 4 6 3 2 2 4 0 0
21110775 621 7 1 2 3 3 2 3 1 1 0 1 1 0 0 0 0 2 2 3 0 3 0 10 2 0 3 12 4 3 4 5 0 3 3 3
21110776 560 6 1 3 3 3 2 3 1 0 2 1 0 0 0 0 1 1 4 12 4 4 2 2 7 3 1 1 5 1 1 3 2 3 0
21110777 546 4 3 2 3 3 1 0 3 1 0 0 0 0 0 1 3 1 4 0 0 2 5 0 2 1 3 12 1 0 2 1 3
21110778 571 3 3 2 3 1 0 2 1 0 0 0 0 0 1 2 0 12 7 7 3 3 3 1 0 1 5 2 0 0 0 1
21110779 581 6 3 2 1 1 2 3 1 0 2 1 0 0 0 0 2 2 2 0 4 2 0 12 3 3 1 5 4 0 0 4 1 0 0
21110780 512 10 1 2 3 1 3 1 3 2 1 3 1 0 2 1 0 0 0 0 4 2 4 0 2 1 0 0 0 4 4 0 3 5 6 2 4 4 12
21110781 553 4 1 2 3 1 1 0 1 1 0 0 0 0 2 1 1 12 4 4 0 3 7 5 2 3 4 3 0 0 0 2 3
21110782 500 9 2 3 3 1 3 2 2 2 1 1 0 1 1 0 0 0 0 2 4 3 0 3 0 0 0 5 5 0 6 4 3 0 0 12 3 1
21110783 535 8 2 3 1 3 2 2 1 3 3 1 4 0.33333333333333331 5 0.33333333333333331 6 0.33333333333333331 2 3 3 12 4 2 1 7 1 3 0 3 2 4 0 0 0 0 1
21110784 489 1 3 1 0 1 1 0 0 0 0 0 0 1 12 8 4 0 3 3 4 2 3 1 0 0 0 0 2 0
21110785 512 5 3 3 2 1 3 1 0 2 1 0 0 0 0 1 1 3 12 4 1 3 7 4 0 0 3 5 1 0 0 2 0 0
21110786 568 10 2 3 1 2 1 1 1 3 3 3 1 0 2 1 0 0 0 0 4 2 4 0 0 0 8 0 4 6 3 2 3 4 3 0 3 5 12
21110787 568 11 1 3 2 2 2 3 2 3 1 1 1 1 0 3 1 0 0 0 0 4 4 3 0 0 0 1 1 3 3 6 0 2 2 7 0 4 5 12
21110788 625 10 1 3 2 2 1 2 2 3 3 1 1 0 1 1 0 0 0 0 3 4 3 12 2 3 0 1 4 5 2 4 5 7 3 4 1 0 3
21110789 536 10 3 1 2 1 2 2 3 3 1 2 1 0 3 1 0 0 0 0 3 4 3 0 3 8 12 0 5 7 3 1 0 4 3 0 1 2 0
21110790 555 5 1 3 1 3 1 1 0 2 1 0 0 0 0 3 0 2 3 2 0 0 0 2 3 1 0 0 7 3 0 3 2 12
21110791 563 0 1 0 3 1 0 0 0 0 0 0 0 1 0 2 2 3 4 4 0 7 5 4 1 12 7 5 0
21110792 576 11 1 2 3 2 1 3 3 2 3 1 1 1 0 2 1 0 0 0 0 4 3 4 2 0 0 0 0 2 1 3 3 12 4 3 0 3 6 1
21110793 555 7 1 2 3 1 3 2 1 1 0 1 1 0 0 0 0 3 2 2 3 0 2 3 3 1 2 6 0 3 3 12 6 0 2 0
21110794 587 3 2 1 2 1 0 2 1 0 0 0 0 1 2 0 3 1 1 4 2 1 5 3 0 12 4 3 0 0 3 0
21110795 506 2 1 3 1 0 2 1 0 0 0 0 1 0 1 3 0 0 1 0 0 2 12 3 2 4 6 0 0 1 5
21110796 602 2 1 3 1 0 2 1 0 0 0 0 1 0 1 0 1 2 12 0 3 6 8 1 4 5 1 2 0 0 2
21110797 596 2 1 3 1 0 1 1 0 0 0 0 1 0 1 0 2 0 0 1 2 12 2 1 4 7 3 3 4 3 2
21110798 525 10 1 1 3 3 3 2 2 1 1 3 1 0 2 1 0 0 0 0 4 2 4 12 6 5 3 4 5 3 2 3 1 0 0 2 0 0 0
21110799 606 10 2 2 1 1 3 3 3 1 1 2 1 0 2 1 0 0 0 0 4 3 3 0 2 0 3 5 3 3 0 8 4 4 3 12 1 3 3
21110800 524 4 3 2 1 2 1 0 2 1 0 0 0 0 1 2 1 1 0 0 0 4 2 0 0 5 5 7 1 12 3 1 0
