21111201 617 7 2 1 2 1 3 1 2 1 0 3 1 0 0 0 0 3 3 1 0 0 2 7 0 1 4 3 0 3 6 3 3 12 7 4
21111202 584 9 1 3 1 3 2 3 2 3 1 1 0 1 1 0 0 0 0 3 2 4 2 6 4 12 0 2 6 5 0 0 2 1 0 0 2 1
21111203 562 1 1 1 0 1 1 0 0 0 0 1 0 0 12 4 2 0 6 7 3 3 6 3 4 1 2 2 0 0
21111204 570 8 2 2 2 3 3 1 1 2 1 0 3 1 0 0 0 0 2 4 2 1 0 2 3 0 3 3 1 0 1 8 4 0 3 7 12
21111205 496 7 3 1 2 1 3 2 1 1 0 3 1 0 0 0 0 3 2 2 0 0 1 3 2 2 4 2 0 6 5 5 1 5 3 12
21111206 523 3 2 1 3 1 0 3 1 0 0 0 0 1 1 1 5 6 12 3 4 3 3 0 0 1 0 3 2 0 0 0
21111207 561 3 1 3 2 3 1 6 0.33333333333333331 7 0.33333333333333331 8 0.33333333333333331 1 1 1 0 0 3 2 0 0 0 12 1 1 5 6 0 2 3 4
21111208 507 4 2 2 1 3 1 0 2 1 0 0 0 0 1 2 1 3 4 3 3 12 1 3 0 3 1 1 6 0 0 0 2
21111209 555 9 3 1 3 1 2 1 2 1 2 1 0 3 1 0 0 0 0 4 3 2 3 2 3 5 0 4 1 2 0 12 3 1 0 0 2 0
21111210 539 3 1 3 2 1 0 1 1 0 0 0 0 1 1 1 3 4 4 12 3 1 4 7 2 3 2 4 0 3 0 0
21111211 562 7 2 2 2 1 1 1 3 1 0 3 1 0 0 0 0 3 3 1 2 0 3 0 1 4 12 0 1 5 4 0 2 3 4 3
21111212 516 9 1 2 1 2 2 3 3 3 1 1 0 3 1 0 0 0 0 3 3 3 1 2 5 2 4 5 12 3 4 0 1 0 0 0 8 0
21111213 595 9 3 3 2 1 1 3 2 2 2 1 0 3 1 0 0 0 0 2 4 3 0 5 7 12 1 2 3 5 0 1 4 1 0 0 3 3
21111214 531 11 3 2 1 1 3 2 3 2 3 2 1 1 0 1 1 0 0 0 0 3 4 4 2 4 12 4 0 4 1 3 2 1 2 0 0 0 0 1
21111215 534 6 3 2 3 3 2 3 3 1 5 0.33333333333333331 6 0.33333333333333331 7 0.33333333333333331 0 2 4 2 3 12 1 3 5 3 0 3 3 5 0 0 1 1 0
21111216 590 1 1 1 0 3 1 0 0 0 0 1 0 0 3 1 0 0 4 6 2 0 2 6 3 2 12 1 0 0
21111217 561 4 2 3 3 3 1 0 2 1 0 0 0 0 0 1 3 4 4 5 1 1 4 1 0 12 2 3 1 2 0 0 0
21111218 524 11 2 3 2 2 1 2 3 3 1 3 1 1 0 1 1 0 0 0 0 3 4 4 0 0 12 3 0 6 5 1 0 3 5 2 2 1 3 3
21111219 548 3 3 2 1 1 0 2 1 0 0 0 0 1 1 1 0 3 3 4 1 4 5 12 0 0 5 2 1 0 0 0
21111220 545 5 1 3 2 3 2 1 0 2 1 0 0 0 0 1 2 2 0 0 0 1 12 3 2 1 3 5 6 1 4 4 0 0
21111221 531 4 2 1 1 3 1 0 2 1 0 0 0 0 2 1 1 2 4 1 0 3 7 3 0 12 3 0 3 3 3 0 0
21111222 474 9 1 2 1 2 1 2 3 3 2 1 0 3 1 0 0 0 0 3 4 2 1 2 5 12 0 5 4 7 1 3 3 4 5 0 0 0
21111223 474 11 2 2 2 3 3 2 1 1 3 1 1 1 0 3 1 0 0 0 0 4 4 3 4 12 3 0 3 6 5 0 1 2 0 1 0 0 2 0
21111224 537 6 3 2 3 2 2 1 1 0 1 1 0 0 0 0 1 3 2 0 0 1 2 3 6 0 0 3 4 5 1 4 5 12 0
21111225 523 8 2 1 3 2 3 3 1 2 1 0 1 1 0 0 0 0 2 3 3 0 12 6 2 1 1 4 7 0 4 8 0 0 0 0 2
21111226 579 1 1 1 0 1 1 0 0 0 0 1 0 0 0 2 0 2 0 0 4 6 0 3 7 5 3 4 9 12
21111227 469 6 1 2 3 1 3 3 1 0 2 1 0 0 0 0 2 1 3 2 1 12 4 0 0 5 4 0 0 4 1 0 3 0 2
21111228 528 4 3 2 1 1 1 0 2 1 0 0 0 0 2 1 1 1 2 0 0 7 0 0 3 12 4 2 0 1 4 0 0
21111229 527 10 2 3 1 3 1 3 2 2 1 2 1 0 1 1 0 0 0 0 3 4 3 3 0 12 2 1 7 6 3 0 3 3 3 0 0 3 5
21111230 621 10 3 2 3 2 2 1 1 3 1 2 1 0 1 1 0 0 0 0 3 4 3 0 3 0 0 4 3 0 0 3 4 6 3 12 5 2 1
21111231 489 8 3 1 3 2 3 1 1 2 1 0 2 1 0 0 0 0 3 2 3 1 0 0 0 2 3 7 0 4 5 4 3 4 12 4 3
21111232 559 4 1 1 2 2 1 0 2 1 0 0 0 0 2 2 0 0 1 3 12 1 3 6 6 3 3 4 4 0 0 0 2
21111233 557 11 3 2 3 3 1 1 1 1 2 3 2 1 0 2 1 0 0 0 0 4 3 4 2 1 1 0 4 3 2 1 7 6 5 2 12 3 3 0
21111234 578 10 3 3 3 1 1 2 1 2 1 2 1 0 3 1 0 0 0 0 4 3 3 12 3 4 2 3 5 1 0 2 2 4 0 1 0 0 0
21111235 484 0 1 0 1 1 0 0 0 0 0 0 0 3 0 0 1 2 4 3 1 2 4 5 2 0 3 6 12
21111236 550 9 2 1 1 3 3 2 1 3 2 1 0 2 1 0 0 0 0 3 3 3 3 0 0 0 1 3 1 2 2 3 4 3 1 5 3 12
21111238 529 5 2 3 2 2 1 1 0 2 1 0 0 0 0 1 3 1 4 0 0 1 3 1 1 0 3 5 4 3 12 6 4 0
21111239 544 2 3 1 1 0 2 1 0 0 0 0 1 0 1 5 4 3 3 7 6 4 2 12 1 1 0 0 0 0 2
21111240 495 9 3 2 2 1 2 1 1 3 2 1 0 1 1 0 0 0 0 3 4 2 1 3 6 0 3 12 4 0 3 0 0 0 2 3 0 3
21111241 587 4 3 2 2 1 1 0 3 1 0 0 0 0 1 2 1 1 4 12 1 2 4 3 0 1 5 2 0 3 0 0 0
21111242 526 4 2 2 3 2 1 0 1 1 0 0 0 0 0 3 1 0 1 0 3 0 1 4 0 0 3 5 5 3 4 3 12
21111243 513 3 1 3 3 1 0 1 1 0 0 0 0 1 0 2 3 0 1 0 2 6 0 2 7 3 5 2 1 12 6 2
21111244 539 4 1 1 2 3 1 0 2 1 0 0 0 0 2 1 1 3 0 0 0 4 3 3 0 4 3 4 2 12 7 5 1
21111245 542 4 2 2 3 1 1 0 1 1 0 0 0 0 1 2 1 1 3 12 4 5 4 4 2 7 6 0 0 0 1 0 2
21111246 454 11 2 1 3 3 3 2 3 2 1 1 2 1 0 1 1 0 0 0 0 3 4 4 12 4 2 3 7 5 0 0 3 6 5 1 1 2 0 0
21111247 477 7 1 3 3 2 1 2 1 3 1 6 0.33333333333333331 7 0.33333333333333331 8 0.33333333333333331 3 2 2 0 12 5 4 3 5 2 3 2 3 1 0 0 0 0 3
21111248 607 11 2 2 1 1 1 3 2 1 3 2 3 1 0 3 1 0 0 0 0 4 4 3 0 3 1 2 1 2 12 4 0 0 0 6 0 1 0 2
21111249 575 5 1 2 1 3 1 1 0 1 1 0 0 0 0 3 1 1 0 3 4 3 2 12 5 2 0 2 7 7 3 0 0 0
21111250 601 6 1 2 1 2 1 1 1 0 3 1 0 0 0 0 4 2 0 2 0 0 0 4 4 3 3 2 3 3 0 12 5 3 0
21111251 528 3 2 1 3 1 0 1 1 0 0 0 0 1 1 1 2 4 4 12 0 3 6 4 1 3 0 6 0 2 0 0
21111252 528 4 3 1 1 1 1 0 3 1 0 0 0 0 3 0 1 0 5 8 12 0 2 5 2 0 0 3 3 2 3 0 0
21111253 554 8 1 2 2 3 3 1 2 3 1 0 3 1 0 0 0 0 2 3 3 0 12 7 5 0 8 6 3 1 3 5 1 0 2 0 0
21111254 499 5 1 1 1 1 3 1 0 3 1 0 0 0 0 4 0 1 2 4 4 12 2 6 5 2 0 0 3 6 0 0 3 2
21111255 591 7 1 2 1 3 3 2 2 1 0 1 1 0 0 0 0 2 3 2 3 0 0 0 0 1 2 3 3 4 6 6 1 2 4 12
21111256 598 1 2 1 0 2 1 0 0 0 0 0 1 0 2 4 12 1 4 5 0 3 3 1 0 1 0 0 0 3
21111257 571 6 2 1 2 3 2 3 1 0 2 1 0 0 0 0 1 3 2 1 1 0 0 5 4 0 1 3 6 4 0 12 4 3 0
21111258 566 11 2 3 2 1 3 1 2 1 2 3 3 1 0 1 1 0 0 0 0 3 4 4 1 2 4 12 2 3 4 5 0 0 1 1 0 0 0 2
21111259 589 0 1 0 3 1 0 0 0 0 0 0 0 0 0 0 3 6 4 1 3 0 4 12 0 1 2 3 2
21111260 619 3 3 3 1 1 0 3 1 0 0 0 0 1 0 2 0 2 1 0 3 0 4 12 2 5 4 3 0 1 4 2
21111261 531 9 2 3 1 1 1 3 3 2 3 1 0 2 1 0 0 0 0 3 2 4 12 4 3 1 6 5 2 0 4 3 3 1 0 0 5 2
21111262 533 11 2 3 3 1 1 1 2 3 3 1 2 1 0 2 1 0 0 0 0 4 3 4 0 0 0 3 3 3 1 6 2 1 7 0 12 3 2 4
21111263 594 8 3 1 1 3 1 3 2 3 1 0 2 1 0 0 0 0 3 1 4 12 3 4 6 2 5 3 1 4 3 3 0 0 0 0 2
21111264 519 11 1 2 3 1 2 1 2 1 3 3 2 1 0 3 1 0 0 0 0 4 4 3 7 4 12 1 6 3 4 0 4 2 1 3 0 0 2 0
21111265 566 8 3 2 1 3 3 1 2 2 1 0 2 1 0 0 0 0 2 3 3 0 0 0 6 0 3 6 12 0 3 7 4 1 3 1 7
21111266 636 0 1 0 3 1 0 0 0 0 0 0 0 2 5 0 0 12 3 0 3 1 7 5 1 3 4 7 2
21111267 565 4 1 1 3 2 1 0 3 1 0 0 0 0 2 1 1 0 2 0 0 5 1 3 2 8 6 3 0 12 5 3 0
21111268 573 5 1 2 2 3 2 1 0 3 1 0 0 0 0 1 3 1 12 3 4 0 1 6 4 5 4 3 6 2 0 1 1 0
21111269 606 7 2 1 1 2 3 2 1 1 0 1 1 0 0 0 0 3 3 1 0 0 3 3 5 6 2 0 8 5 4 0 12 5 3 0
21111270 580 8 3 1 1 1 3 2 2 3 1 0 1 1 0 0 0 0 3 2 3 2 4 1 0 1 12 3 2 2 2 3 5 3 0 0 0
21111271 487 8 1 1 2 3 3 3 1 3 1 0 2 1 0 0 0 0 3 1 4 0 1 0 0 2 3 1 2 0 2 4 4 0 12 5 8
21111272 563 2 2 2 3 1 4 0.33333333333333331 5 0.33333333333333331 6 0.33333333333333331 0 2 0 0 3 3 3 0 4 3 4 1 1 3 12 0 4 3 0
21111273 535 8 2 1 3 1 1 2 3 2 1 0 2 1 0 0 0 0 3 3 2 3 3 0 3 6 4 3 0 12 5 4 0 1 0 0 0
21111274 600 4 3 2 3 1 1 0 1 1 0 0 0 0 1 1 2 1 2 2 3 3 2 3 12 1 5 4 1 0 2 8 0
21111275 500 2 2 3 1 0 3 1 0 0 0 0 0 1 1 1 3 0 0 4 3 2 0 4 4 3 1 12 7 3 0
21111276 492 7 1 1 3 3 2 2 2 1 0 3 1 0 0 0 0 2 3 2 3 1 1 12 0 0 6 7 3 2 4 5 0 1 2 0
21111277 528 3 3 3 1 1 0 2 1 0 0 0 0 1 0 2 6 12 3 1 2 3 4 2 5 3 3 0 3 1 0 0
21111278 569 6 2 1 2 3 3 1 1 0 2 1 0 0 0 0 2 2 2 0 3 1 0 1 7 2 3 3 5 6 4 12 7 4 3
21111279 558 5 2 2 3 1 3 1 0 1 1 0 0 0 0 1 2 2 3 0 0 0 3 0 3 3 0 3 5 7 3 7 7 12
21111280 570 5 1 2 3 2 3 1 0 2 1 0 0 0 0 1 2 2 1 5 12 0 7 3 3 0 3 1 2 4 3 1 0 0
21111281 499 1 2 1 0 2 1 0 0 0 0 0 1 0 1 0 0 0 2 4 1 3 1 5 4 6 3 4 3 12
21111282 535 8 3 3 2 2 3 1 2 3 1 0 1 1 0 0 0 0 1 3 4 0 1 0 0 5 12 7 5 0 4 4 2 0 3 3 1
21111283 493 4 3 1 1 2 1 0 2 1 0 0 0 0 2 1 1 0 0 0 3 0 1 3 5 2 6 5 12 0 4 6 8
21111284 517 1 1 1 0 1 1 0 0 0 0 1 0 0 3 1 2 0 12 1 2 3 2 4 5 0 0 0 2 0
21111285 541 2 1 3 1 0 2 1 0 0 0 0 1 0 1 2 4 3 12 0 0 3 7 3 1 3 1 0 7 5 2
21111287 649 8 3 3 2 2 3 1 2 1 1 0 2 1 0 0 0 0 2 3 3 4 0 0 0 3 1 0 0 8 3 4 1 12 5 2 1
21111288 586 5 3 2 2 3 2 3 1 5 0.33333333333333331 6 0.33333333333333331 7 0.33333333333333331 0 3 2 1 3 6 12 1 1 5 4 0 2 3 3 0 1 0 3
21111289 566 10 1 1 3 3 2 1 3 3 2 2 1 0 2 1 0 0 0 0 3 3 4 2 0 0 0 12 3 1 1 7 4 4 0 5 0 0 0
21111290 501 8 2 3 3 1 3 2 1 2 1 0 2 1 0 0 0 0 2 3 3 1 6 3 4 2 3 5 3 0 0 4 12 1 3 0 1
21111291 510 5 1 3 2 1 3 1 0 3 1 0 0 0 0 2 1 2 0 0 0 2 3 12 5 4 0 1 5 2 0 1 2 0
21111292 637 6 2 3 2 2 1 1 1 0 2 1 0 0 0 0 2 3 1 1 3 4 12 0 1 5 7 0 4 3 4 0 0 0 3
21111293 496 11 3 2 1 2 2 1 3 1 2 3 1 1 0 3 1 0 0 0 0 4 4 3 4 4 0 2 3 4 6 1 3 12 4 0 0 3 0 0
21111294 425 7 2 2 1 1 2 1 3 1 0 2 1 0 0 0 0 3 3 1 4 12 3 1 1 4 1 0 6 2 3 4 2 0 3 0
21111295 594 10 3 3 1 2 3 2 2 1 1 1 1 0 2 1 0 0 0 0 4 3 3 12 4 0 0 2 4 5 0 4 1 2 3 0 1 0 0
21111296 478 3 3 1 3 1 0 2 1 0 0 0 0 1 0 2 12 4 1 0 3 6 1 3 2 2 5 2 0 0 4 1
21111297 618 6 1 3 2 2 1 1 1 0 2 1 0 0 0 0 3 2 1 4 3 0 0 7 4 12 3 5 5 2 0 3 1 0 0
21111298 516 6 3 2 2 1 1 1 1 0 3 1 0 0 0 0 3 2 1 0 12 4 3 0 6 5 3 0 4 4 1 8 2 0 2
21111299 469 6 1 2 3 2 1 1 1 0 3 1 0 0 0 0 3 2 1 0 2 0 0 0 4 0 3 0 3 6 3 3 12 3 4
21111300 514 3 1 2 2 1 0 3 1 0 0 0 0 1 2 0 5 9 12 0 6 4 5 1 2 3 5 3 7 5 1 0
21111301 561 3 2 1 2 1 0 3 1 0 0 0 0 1 2 0 3 2 8 12 0 6 3 5 1 3 3 3 0 1 3 0
21111302 596 3 2 3 1 1 0 1 1 0 0 0 0 1 1 1 12 2 2 3 6 5 4 0 3 7 3 1 3 4 0 0
21111303 452 0 1 0 3 1 0 0 0 0 0 0 0 12 6 4 2 7 5 4 1 2 4 0 0 1 3 0 0
21111304 529 3 2 2 1 1 0 2 1 0 0 0 0 1 2 0 1 4 4 1 3 6 5 2 1 12 5 0 3 0 0 0
21111305 513 2 2 3 1 0 3 1 0 0 0 0 0 1 1 0 1 0 0 0 3 3 4 3 7 5 6 3 2 1 12
21111306 570 0 1 0 2 1 0 0 0 0 0 0 0 3 5 6 1 2 3 4 7 1 4 5 12 0 0 0 7
21111307 583 2 1 1 1 0 2 1 0 0 0 0 2 0 0 0 3 0 0 0 0 2 12 2 3 4 7 1 0 3 4
21111308 478 8 3 3 1 2 3 2 3 2 1 0 1 1 0 0 0 0 1 3 4 12 6 1 2 4 4 2 0 3 5 1 0 1 4 0 0
21111309 563 3 1 2 3 1 0 2 1 0 0 0 0 1 1 1 0 3 1 0 5 0 3 3 3 3 5 12 1 5 2 3
21111310 506 3 3 3 2 1 0 3 1 0 0 0 0 0 1 2 2 1 1 3 0 4 3 3 0 12 4 5 0 7 6 0
21111312 496 6 2 3 2 1 1 2 1 0 3 1 0 0 0 0 2 3 1 1 3 2 3 0 0 5 1 3 2 12 4 0 0 1 0
21111313 541 1 1 1 0 2 1 0 0 0 0 1 0 0 2 5 8 12 0 2 5 8 1 0 3 5 0 1 4 0
21111314 515 1 2 1 0 3 1 0 0 0 0 0 1 0 0 0 3 1 0 3 5 3 0 3 4 7 1 2 3 12
21111315 584 2 2 1 1 0 3 1 0 0 0 0 1 1 0 0 3 0 0 12 3 0 0 5 5 6 0 4 3 2 1
21111316 547 8 3 3 1 2 1 1 1 3 1 0 3 1 0 0 0 0 4 1 3 12 6 3 2 5 4 1 0 4 2 2 0 0 0 2 0
21111317 602 4 2 2 1 2 1 0 1 1 0 0 0 0 1 3 0 12 6 4 1 9 5 0 0 4 0 3 3 0 0 3 0
21111318 588 11 2 3 2 1 1 1 3 3 3 2 1 1 0 2 1 0 0 0 0 4 3 4 0 1 0 0 12 4 3 2 6 5 3 0 3 3 3 0
21111319 612 5 1 3 1 2 3 1 0 2 1 0 0 0 0 2 1 2 3 5 12 0 2 3 3 0 0 4 1 2 1 0 3 0
21111320 600 11 3 1 3 2 1 2 3 2 1 2 1 1 0 3 1 0 0 0 0 4 4 3 12 2 3 3 5 6 4 2 1 7 5 3 3 4 1 0
21111321 569 3 2 2 2 1 0 3 1 0 0 0 0 0 3 0 12 3 1 1 3 5 5 0 1 4 3 0 2 1 0 0
21111322 633 5 3 3 2 1 2 1 0 1 1 0 0 0 0 1 2 2 0 3 0 1 0 4 12 3 1 4 5 6 3 2 3 2
21111323 587 3 3 3 3 1 0 2 1 0 0 0 0 0 0 3 0 1 0 0 2 3 4 1 0 0 5 3 3 7 6 12
21111324 514 6 3 2 3 3 2 1 1 0 1 1 0 0 0 0 1 2 3 0 12 8 4 0 4 5 4 0 3 2 0 3 0 0 1
21111325 575 4 2 3 1 3 1 0 1 1 0 0 0 0 1 1 2 12 3 1 1 8 6 5 2 2 5 4 0 0 3 0 2
21111326 565 5 2 1 3 1 3 1 0 2 1 0 0 0 0 2 1 2 0 2 0 0 2 3 1 3 0 0 5 6 3 1 3 12
21111327 488 0 1 0 3 1 0 0 0 0 0 0 0 0 0 0 3 3 1 0 3 2 7 3 4 4 7 12 0
21111328 538 10 3 2 2 3 1 3 1 2 1 1 1 0 3 1 0 0 0 0 4 3 3 0 0 0 2 3 0 0 0 4 3 1 3 5 12 2 0
21111329 486 8 2 3 1 2 2 3 3 1 1 0 1 1 0 0 0 0 2 3 3 1 0 0 0 0 3 2 4 3 4 3 6 3 3 6 12
21111330 548 7 1 2 2 3 1 3 2 1 0 1 1 0 0 0 0 2 3 2 12 3 3 2 8 6 4 0 1 6 3 0 0 2 1 0
21111331 481 9 1 1 2 3 2 1 1 3 2 1 0 2 1 0 0 0 0 4 3 2 0 4 3 0 3 1 3 0 5 5 3 0 12 2 6 3
21111332 492 7 1 2 3 3 3 1 1 1 0 2 1 0 0 0 0 3 1 3 3 1 3 0 3 5 12 0 4 3 8 2 2 2 4 1
21111333 521 7 1 2 3 3 2 2 1 1 0 1 1 0 0 0 0 2 3 2 0 0 2 4 0 3 4 3 1 4 12 3 0 3 0 0
21111334 559 10 3 1 1 3 3 2 2 1 3 2 1 0 2 1 0 0 0 0 3 3 4 0 3 4 0 12 4 0 0 6 5 1 0 2 4 4 1
21111335 590 2 3 1 1 0 1 1 0 0 0 0 1 0 1 3 0 4 0 2 5 5 3 2 3 4 12 1 0 2 3
21111336 525 2 1 2 1 0 1 1 0 0 0 0 1 1 0 2 5 12 2 3 5 6 1 0 0 3 0 3 0 0 0
21111337 591 4 1 2 3 1 1 0 2 1 0 0 0 0 2 1 1 2 12 1 8 3 9 3 4 0 1 5 4 0 2 3 6
21111338 530 0 1 0 2 1 0 0 0 0 0 0 0 2 2 0 0 5 4 1 1 7 5 4 0 12 3 1 0
21111339 492 7 3 3 1 2 3 2 2 1 0 1 1 0 0 0 0 1 3 3 0 0 1 0 4 0 2 0 6 4 3 1 12 4 4 0
21111340 529 8 3 2 1 1 2 3 2 1 1 0 2 1 0 0 0 0 3 3 2 0 0 0 3 0 1 0 1 2 2 5 6 3 0 1 12
21111341 567 6 1 3 2 1 2 3 1 0 2 1 0 0 0 0 2 2 2 2 0 0 0 3 1 5 1 12 5 3 3 2 4 1 0
21111342 497 9 1 3 3 2 1 3 3 1 1 1 0 2 1 0 0 0 0 4 1 4 0 0 2 1 0 0 4 6 0 2 3 7 2 4 6 12
21111343 533 9 1 2 1 2 3 1 3 3 1 3 1 7 0.33333333333333331 8 0.33333333333333331 9 0.33333333333333331 4 2 3 3 3 3 0 6 6 1 2 12 7 3 0 0 0 2 2
21111344 514 4 1 2 2 3 1 0 1 1 0 0 0 0 1 2 1 0 0 1 0 3 12 2 3 0 4 5 1 0 3 4 2
21111345 520 6 3 2 3 1 3 2 1 0 2 1 0 0 0 0 1 2 3 0 3 0 0 0 3 5 12 1 5 5 6 1 2 1 3
21111346 530 5 3 2 3 3 1 1 0 1 1 0 0 0 0 1 1 3 12 2 1 4 6 5 6 0 3 2 0 1 2 0 0 0
21111347 560 4 1 3 2 1 1 0 2 1 0 0 0 0 2 1 1 0 3 4 5 3 0 5 8 0 4 1 12 0 2 0 0
21111348 597 6 2 3 1 2 3 1 1 0 2 1 0 0 0 0 2 2 2 5 12 7 1 1 4 3 2 2 5 3 0 1 3 0 0
21111349 586 1 1 1 0 1 1 0 0 0 0 1 0 0 2 2 2 1 3 6 5 3 12 5 5 0 6 3 0 0
21111350 522 5 3 2 1 1 3 1 0 1 1 0 0 0 0 2 1 2 0 12 5 2 1 2 6 6 0 5 3 6 0 0 2 3
21111351 566 5 3 3 3 2 1 1 0 3 1 0 0 0 0 1 1 3 2 2 1 3 0 3 3 4 1 5 3 12 1 2 0 0
21111352 598 3 1 1 2 1 0 1 1 0 0 0 0 2 1 0 3 0 3 3 2 2 4 0 4 5 6 0 4 5 12 0
21111353 583 1 1 1 0 2 1 0 0 0 0 1 0 0 3 1 0 0 4 4 3 0 5 1 2 1 12 2 2 0
21111354 526 3 1 3 1 1 0 3 1 0 0 0 0 2 0 1 1 2 3 0 0 2 4 5 0 3 6 8 3 4 2 12
21111355 566 4 1 3 2 1 1 0 2 1 0 0 0 0 2 1 1 0 0 2 8 0 1 7 5 3 3 5 4 2 1 12 3
21111356 551 11 3 3 1 2 2 3 1 1 3 2 2 1 0 1 1 0 0 0 0 3 4 4 3 1 0 0 3 0 4 0 1 6 4 5 2 12 4 2
21111357 553 0 1 0 1 1 0 0 0 0 0 0 0 2 5 7 12 0 4 6 4 0 3 5 3 0 0 0 3
21111358 564 1 2 1 0 2 1 0 0 0 0 0 1 0 1 1 12 0 8 6 5 3 0 3 3 0 0 0 3 0
21111359 461 1 3 1 0 1 1 0 0 0 0 0 0 1 0 1 8 0 0 2 5 4 2 3 4 6 0 4 4 12
21111360 517 6 2 2 3 1 3 1 1 0 1 1 0 0 0 0 2 2 2 4 8 12 3 2 5 1 0 5 2 2 3 3 0 1 0
21111361 582 10 1 1 3 2 3 1 2 2 3 1 1 0 2 1 0 0 0 0 4 3 3 0 0 0 3 2 0 3 4 0 4 5 6 1 6 7 12
21111362 545 5 1 3 3 3 1 1 0 2 1 0 0 0 0 2 0 3 0 2 0 2 0 1 4 3 1 4 6 4 2 5 7 12
21111363 625 11 2 1 2 3 1 1 3 3 1 3 2 1 0 2 1 0 0 0 0 4 3 4 0 1 0 0 2 2 1 0 0 1 6 2 0 12 3 4
21111364 564 8 2 1 3 1 3 2 1 3 1 0 2 1 0 0 0 0 3 2 3 0 0 1 0 2 2 4 0 4 6 1 0 12 1 3 2
21111365 506 1 1 1 0 2 1 0 0 0 0 1 0 0 1 0 0 0 3 4 12 0 5 3 2 4 2 1 3 0
21111366 616 6 1 2 3 2 3 2 1 0 1 1 0 0 0 0 1 3 2 12 8 5 1 3 7 4 0 3 2 0 0 0 0 1 0
21111367 553 9 3 1 3 2 2 1 1 2 3 1 0 3 1 0 0 0 0 3 3 3 12 4 3 4 4 5 3 1 1 3 0 0 2 2 0 0
21111368 512 7 1 3 2 2 2 2 1 1 0 3 1 0 0 0 0 2 4 1 0 0 3 0 3 4 3 1 3 2 4 1 1 12 5 3
21111369 460 1 1 1 0 2 1 0 0 0 0 1 0 0 12 1 3 0 6 4 5 0 4 4 1 2 0 0 2 0
21111370 495 0 1 0 1 1 0 0 0 0 0 0 0 0 0 2 1 0 3 3 4 2 3 6 12 0 2 1 0
21111371 545 0 1 0 3 1 0 0 0 0 0 0 0 1 0 0 0 2 3 0 7 3 5 6 3 3 4 12 0
21111372 534 11 2 1 1 1 2 3 1 3 3 2 3 1 0 2 1 0 0 0 0 4 3 4 0 0 3 4 0 1 4 6 2 12 6 3 0 0 8 3
21111373 516 0 1 0 1 1 0 0 0 0 0 0 0 1 3 0 3 12 2 0 0 7 6 2 3 1 5 4 2
21111374 554 2 3 3 1 0 1 1 0 0 0 0 0 0 2 3 12 3 2 3 5 3 1 3 2 5 4 3 0 0 0
21111375 597 2 2 3 1 0 1 1 0 0 0 0 0 1 1 0 8 4 2 2 1 3 3 0 1 12 9 0 4 4 4
21111376 481 1 2 1 0 1 1 0 0 0 0 0 1 0 0 1 0 0 3 4 2 2 3 5 1 1 12 2 3 3
21111377 554 9 1 2 2 1 1 3 2 2 1 1 0 3 1 0 0 0 0 4 4 1 0 3 0 0 3 2 0 0 5 5 7 3 12 1 5 4
21111378 617 8 3 2 1 2 1 1 2 3 1 0 3 1 0 0 0 0 3 3 2 0 2 4 12 0 4 6 4 0 0 3 3 3 0 1 4
21111379 603 11 2 2 3 1 3 3 2 1 1 3 1 1 0 2 1 0 0 0 0 4 3 4 1 3 3 12 0 2 4 5 2 3 1 1 0 0 0 2
21111380 550 7 2 3 1 1 1 2 2 1 0 3 1 0 0 0 0 3 3 1 3 5 12 0 3 1 2 2 4 6 4 0 0 1 3 0
21111381 566 0 1 0 2 1 0 0 0 0 0 0 0 0 0 1 2 1 3 4 3 3 5 3 0 3 3 6 12
21111383 588 7 2 2 2 3 1 1 1 1 0 2 1 0 0 0 0 3 3 1 0 3 3 0 0 1 3 0 4 5 5 4 0 7 12 4
21111384 612 10 1 1 3 2 1 2 2 3 2 3 1 0 3 1 0 0 0 0 3 4 3 4 5 12 0 6 5 5 1 1 4 4 0 0 3 2 0
21111386 563 11 2 2 1 3 2 3 1 1 3 2 1 1 0 3 1 0 0 0 0 4 4 3 0 1 4 12 3 3 3 7 3 4 5 4 0 2 0 3
21111387 493 3 3 2 1 1 0 1 1 0 0 0 0 1 1 1 3 12 6 3 0 1 3 3 3 6 2 2 0 0 0 3
21111388 490 8 3 1 2 3 3 2 1 2 1 0 1 1 0 0 0 0 2 3 3 3 0 4 0 3 1 2 0 12 5 3 0 5 3 2 1
21111389 656 10 2 2 1 3 1 3 1 2 3 1 1 0 3 1 0 0 0 0 4 3 3 1 3 4 2 0 0 2 5 2 0 3 12 0 0 0 1
21111390 521 11 1 3 2 3 1 1 2 3 2 1 2 3 1 4 0.33333333333333331 5 0.33333333333333331 6 0.33333333333333331 4 4 3 3 0 5 1 0 3 1 12 1 4 2 2 0 0 4 2
21111392 509 0 1 0 1 1 0 0 0 0 0 0 0 1 2 0 0 3 2 3 0 3 4 6 3 12 3 2 1
21111393 576 10 1 3 3 2 3 1 2 2 1 1 1 0 2 1 0 0 0 0 4 3 3 0 2 0 0 4 3 3 0 1 3 6 1 12 3 2 3
21111394 566 6 1 3 2 3 2 1 1 0 1 1 0 0 0 0 2 2 2 3 0 2 6 1 1 4 0 4 2 5 0 2 7 12 0
21111395 646 2 2 3 1 0 3 1 0 0 0 0 0 1 1 4 1 12 3 4 5 2 0 2 1 1 5 0 3 0 3
21111396 484 8 2 3 2 2 3 1 1 1 1 0 3 1 0 0 0 0 3 3 2 1 0 0 0 2 3 2 12 3 2 4 4 3 0 1 1
21111397 492 8 1 1 2 3 3 3 2 3 1 0 2 1 0 0 0 0 2 2 4 12 3 1 2 5 4 4 0 3 5 3 0 1 3 7 0
21111398 564 2 1 3 1 0 2 1 0 0 0 0 1 0 1 0 0 0 2 2 0 0 3 0 1 12 5 0 1 3 4
21111399 627 7 2 2 1 2 3 3 1 1 0 1 1 0 0 0 0 2 3 2 0 3 5 12 1 2 3 8 1 3 5 2 0 0 3 3
21111400 618 9 1 2 3 3 2 3 1 2 3 1 0 1 1 0 0 0 0 2 3 4 12 6 6 0 3 6 2 6 1 4 1 0 0 2 0 0
21111401 549 0 1 0 3 1 0 0 0 0 0 0 0 12 5 2 3 6 4 5 0 4 3 3 1 2 1 0 0
21111402 462 3 1 2 2 1 0 3 1 0 0 0 0 1 2 0 3 0 0 0 4 4 0 0 5 7 0 0 12 5 4 1
21111403 603 8 2 3 1 3 1 1 3 2 1 0 3 1 0 0 0 0 3 2 3 0 0 0 2 0 4 12 3 2 2 5 1 1 0 3 3
21111404 482 8 3 2 3 1 3 1 3 2 3 1 7 0.33333333333333331 8 0.33333333333333331 9 0.33333333333333331 2 2 4 0 0 0 2 12 1 4 2 2 4 4 1 3 1 7 5
21111406 611 9 1 1 3 3 3 1 1 2 2 1 0 2 1 0 0 0 0 4 2 3 0 6 12 2 3 5 1 2 3 4 1 3 0 0 0 2
21111408 551 3 1 2 3 1 0 2 1 0 0 0 0 1 1 1 4 12 0 0 1 8 5 1 3 4 4 0 0 3 0 2
21111409 522 0 1 0 2 1 0 0 0 0 0 0 0 0 0 4 3 0 2 6 3 0 1 5 3 3 4 1 12
21111410 524 0 1 0 1 1 0 0 0 0 0 0 0 0 8 2 2 4 7 3 1 1 6 3 0 2 12 3 0
21111411 589 10 3 2 1 2 1 3 1 3 3 2 1 0 2 1 0 0 0 0 3 3 4 0 1 0 1 3 2 0 0 4 5 3 0 5 12 3 0
21111412 491 5 1 2 2 1 3 1 0 1 1 0 0 0 0 2 2 1 3 4 5 2 3 5 3 3 0 2 3 12 0 0 0 1
21111413 522 6 1 1 2 2 3 1 1 0 3 1 0 0 0 0 3 2 1 3 2 4 12 0 3 5 7 3 3 2 8 0 0 1 0
21111414 607 6 2 2 1 1 1 3 1 0 3 1 0 0 0 0 3 2 1 2 0 0 3 4 3 0 0 4 6 3 0 12 5 4 0
21111415 568 7 2 2 3 1 1 1 3 1 0 1 1 0 0 0 0 3 2 2 0 2 0 0 3 5 3 2 0 7 5 3 0 12 4 3
21111416 575 3 3 1 1 1 0 1 1 0 0 0 0 2 0 1 4 2 0 0 5 5 2 0 6 3 3 2 12 3 3 0
21111417 529 2 3 2 1 0 1 1 0 0 0 0 0 1 1 0 1 0 2 2 4 3 0 7 1 3 1 12 3 2 0
21111419 473 9 2 3 3 1 2 2 2 1 1 1 0 1 1 0 0 0 0 3 4 2 3 3 6 3 0 3 4 3 0 2 4 12 0 3 1 3
21111420 678 1 1 1 0 3 1 0 0 0 0 1 0 0 0 1 0 1 3 2 9 4 3 5 2 0 6 12 2 0
21111421 591 0 1 0 3 1 0 0 0 0 0 0 0 2 3 4 12 0 1 5 3 1 3 2 3 0 0 2 1
21111422 536 7 3 2 1 2 2 2 3 1 0 1 1 0 0 0 0 1 4 2 3 0 0 0 1 5 3 1 3 5 3 0 12 6 7 0
21111423 549 10 2 2 3 3 1 2 3 1 3 2 1 0 1 1 0 0 0 0 2 4 4 1 0 2 0 12 2 4 0 4 6 5 1 1 2 1 3
21111424 590 11 3 2 2 3 1 1 3 3 2 1 1 1 0 2 1 0 0 0 0 4 3 4 3 0 0 0 4 3 3 0 3 6 2 0 12 3 0 1
21111425 585 3 3 1 2 1 0 1 1 0 0 0 0 1 1 1 0 0 3 1 2 4 2 0 0 6 5 4 0 3 4 12
21111426 610 4 1 3 1 1 3 1 6 0.33333333333333331 7 0.33333333333333331 8 0.33333333333333331 3 0 1 0 2 1 0 3 2 3 5 2 6 4 2 3 7 12 0
21111428 485 1 1 1 0 2 1 0 0 0 0 1 0 0 2 1 5 12 0 4 1 5 0 0 2 4 0 0 3 0
21111429 580 0 1 0 2 1 0 0 0 0 0 0 0 2 3 0 1 0 3 4 5 0 1 5 4 0 4 4 12
21111430 545 10 1 2 1 3 3 1 3 2 1 2 1 0 2 1 0 0 0 0 4 3 3 1 4 3 4 3 2 5 12 0 1 8 0 0 3 2 0
21111431 602 4 3 1 2 1 1 0 2 1 0 0 0 0 2 1 1 12 5 3 3 1 5 6 2 5 4 3 0 0 1 2 0
21111432 476 7 1 2 3 3 1 2 2 1 0 3 1 0 0 0 0 2 3 2 0 6 3 1 2 3 2 0 4 6 4 0 1 1 12 0
21111433 578 6 2 1 2 3 3 1 1 0 3 1 0 0 0 0 2 2 2 0 0 2 1 3 4 4 12 0 4 2 4 0 1 3 3
21111434 550 0 1 0 1 1 0 0 0 0 0 0 0 3 2 2 1 0 4 4 3 0 4 5 12 0 0 8 7
21111435 501 9 1 3 3 1 2 2 3 2 1 1 0 3 1 0 0 0 0 3 3 3 2 1 0 0 3 1 0 2 1 7 4 2 12 3 4 4
21111436 521 10 3 1 2 2 3 2 2 3 1 3 1 0 1 1 0 0 0 0 2 4 4 0 0 1 0 4 1 3 2 0 2 4 5 4 12 1 3
21111437 530 11 3 2 2 3 1 2 1 1 1 3 2 1 0 3 1 0 0 0 0 4 4 3 2 6 1 2 7 6 3 0 12 4 3 0 0 0 1 0
21111438 480 3 1 2 2 1 0 1 1 0 0 0 0 1 2 0 2 4 1 2 1 5 6 4 3 6 3 2 12 1 3 0
21111439 476 0 1 0 1 1 0 0 0 0 0 0 0 0 2 12 3 3 5 3 3 0 3 0 4 0 0 0 5
21111440 469 6 2 1 2 2 3 3 1 0 3 1 0 0 0 0 1 3 2 5 0 0 0 1 1 3 12 0 0 4 5 0 0 3 4
21111441 532 9 1 2 2 2 3 1 3 3 1 1 0 1 1 0 0 0 0 3 3 3 1 3 1 3 12 2 6 0 3 4 0 0 2 2 0 0
21111442 577 11 1 2 2 1 3 3 3 3 1 2 2 1 0 1 1 0 0 0 0 3 4 4 12 2 3 2 4 1 0 0 2 4 1 3 1 3 0 0
21111443 577 1 1 1 0 3 1 0 0 0 0 1 0 0 0 0 0 1 3 2 4 3 2 3 5 6 12 4 3 3
21111444 549 6 2 1 2 3 1 3 1 0 3 1 0 0 0 0 2 2 2 0 3 7 12 2 4 5 5 0 1 3 3 0 0 1 2
21111445 551 11 1 2 3 2 3 1 2 3 1 2 3 1 0 1 1 0 0 0 0 3 4 4 0 0 2 1 0 2 2 1 0 3 5 4 1 12 7 4
21111446 573 6 3 2 1 2 3 3 1 0 3 1 0 0 0 0 1 2 3 0 7 0 1 3 5 12 0 3 5 6 1 2 4 3 0
21111447 527 1 2 1 0 1 1 0 0 0 0 0 1 0 0 3 2 1 4 3 5 3 1 2 4 12 0 0 3 3
21111448 578 9 3 1 2 3 3 2 3 2 1 3 1 7 0.33333333333333331 8 0.33333333333333331 9 0.33333333333333331 2 3 4 1 0 2 0 5 3 2 3 12 3 0 0 4 0 1 1
21111449 507 7 3 3 1 3 1 3 1 1 0 2 1 0 0 0 0 3 0 4 2 4 7 12 1 3 5 2 0 0 3 4 0 0 0 2
21111450 512 6 3 1 2 3 1 1 1 0 1 1 0 0 0 0 3 1 2 0 0 2 2 0 3 6 2 3 2 5 1 3 4 5 12
21111451 420 0 1 0 3 1 0 0 0 0 0 0 0 0 2 0 3 12 3 4 1 7 4 3 0 4 2 1 0
21111452 565 6 1 3 1 3 1 2 1 0 2 1 0 0 0 0 3 1 2 0 3 9 12 1 3 6 2 0 3 4 4 3 0 2 0
21111453 568 8 1 2 3 2 3 1 2 2 1 0 3 1 0 0 0 0 2 4 2 0 2 3 1 1 5 1 6 1 3 3 4 0 4 2 12
21111454 530 2 1 3 1 0 3 1 0 0 0 0 1 0 1 0 0 1 3 0 3 7 12 2 5 3 5 2 1 2 6
21111455 598 7 3 1 2 1 3 1 2 1 0 3 1 0 0 0 0 3 2 2 2 2 3 12 0 1 4 5 0 8 2 3 0 0 0 1
21111456 504 8 2 3 3 3 1 2 3 1 3 1 6 0.33333333333333331 7 0.33333333333333331 8 0.33333333333333331 2 2 4 0 1 1 12 0 0 6 4 0 0 3 4 2 0 2 3
21111457 497 0 1 0 3 1 0 0 0 0 0 0 0 12 7 3 0 5 1 2 0 4 5 2 0 2 1 3 1
21111458 529 5 2 1 3 3 1 1 0 3 1 0 0 0 0 2 1 2 0 0 2 0 0 4 5 12 2 1 4 5 0 0 3 3
21111459 573 10 3 3 2 3 3 1 1 2 1 2 1 0 2 1 0 0 0 0 3 3 4 0 6 1 0 2 1 0 0 3 4 12 0 1 2 5 3
21111460 584 3 2 3 1 1 0 1 1 0 0 0 0 1 1 1 0 12 5 3 0 4 5 2 0 4 3 4 7 0 0 3
21111462 509 4 2 2 2 3 1 0 1 1 0 0 0 0 0 3 1 0 1 0 0 1 3 4 3 0 2 3 4 1 5 4 12
21111463 635 6 3 3 3 2 2 2 1 0 2 1 0 0 0 0 0 3 3 1 1 1 3 3 6 4 0 2 6 1 0 12 6 1 0
21111464 515 3 2 3 3 1 0 3 1 0 0 0 0 0 1 2 3 3 4 2 12 5 1 0 0 1 4 0 2 0 1 0
21111465 583 0 1 0 1 1 0 0 0 0 0 0 0 0 0 4 2 1 3 6 12 3 2 4 3 0 1 2 4
21111466 612 10 2 3 1 2 1 3 1 1 3 2 1 0 2 1 0 0 0 0 4 3 3 5 7 2 2 7 4 3 0 1 5 12 3 3 1 4 0
21111467 519 2 2 1 1 0 3 1 0 0 0 0 1 1 0 3 12 6 7 0 4 4 3 0 1 0 2 0 0 3 0
21111468 562 6 2 3 2 3 1 3 1 0 1 1 0 0 0 0 1 2 3 1 0 0 0 2 2 3 0 4 5 1 3 12 6 1 2
21111469 499 11 2 3 2 3 1 1 3 2 2 1 1 1 0 3 1 0 0 0 0 4 4 3 1 3 3 0 0 12 5 3 2 2 3 4 0 0 0 1
21111470 593 8 1 2 1 2 1 3 3 3 1 0 3 1 0 0 0 0 3 2 3 7 12 3 4 0 3 3 3 0 5 5 3 0 0 2 0
21111471 446 2 1 3 1 0 3 1 0 0 0 0 1 0 1 3 3 12 2 2 6 6 3 0 1 0 1 0 0 2 0
21111472 596 3 1 2 1 1 0 2 1 0 0 0 0 2 1 0 6 4 3 3 0 0 4 4 0 0 6 12 0 0 3 3
21111474 565 4 3 3 2 2 1 0 1 1 0 0 0 0 0 2 2 0 2 4 12 0 8 5 3 0 3 0 4 1 3 0 1
21111475 515 0 1 0 2 1 0 0 0 0 0 0 0 3 1 3 0 3 3 4 0 3 5 3 0 12 6 4 3
21111476 528 2 2 2 1 0 1 1 0 0 0 0 0 2 0 2 1 3 4 3 3 6 7 1 1 8 12 2 0 3 0
21111477 522 6 3 3 1 1 2 2 1 0 2 1 0 0 0 0 2 2 2 0 12 2 7 8 5 4 3 5 3 3 3 0 1 1 5
21111478 591 10 2 3 1 2 3 2 2 1 3 1 1 0 3 1 0 0 0 0 3 4 3 2 2 0 0 3 1 3 1 1 3 5 2 12 5 0 1
21111479 560 2 1 1 1 0 3 1 0 0 0 0 2 0 0 0 0 0 2 2 4 2 3 3 3 3 4 0 12 5 1
21111480 529 2 2 2 1 0 3 1 0 0 0 0 0 2 0 5 1 1 0 7 4 5 3 12 6 1 4 0 3 0 2
21111481 573 8 1 3 2 1 3 2 3 2 1 0 3 1 0 0 0 0 2 3 3 3 5 12 0 1 4 4 0 2 2 0 1 1 0 0 0
21111482 551 2 3 1 1 0 3 1 0 0 0 0 1 0 1 0 0 4 0 0 0 5 12 0 3 7 5 2 3 3 4
21111483 547 6 3 2 1 1 2 1 1 0 2 1 0 0 0 0 3 2 1 0 12 7 5 0 1 5 1 3 4 2 0 0 3 0 2
21111484 544 6 3 2 1 2 3 1 1 0 1 1 0 0 0 0 2 2 2 0 12 3 1 2 3 6 2 0 1 4 3 0 3 2 3
21111485 502 5 1 2 2 2 3 1 0 1 1 0 0 0 0 1 3 1 4 2 1 0 4 2 4 0 1 3 12 1 0 4 0 3
21111486 549 1 3 1 0 1 1 0 0 0 0 0 0 1 0 2 1 0 1 4 2 0 2 6 6 3 3 7 12 0
21111487 589 0 1 0 2 1 0 0 0 0 0 0 0 1 0 0 0 5 12 3 3 4 6 4 5 2 1 5 0
21111488 515 8 1 2 2 3 1 2 3 2 1 0 3 1 0 0 0 0 2 4 2 12 5 1 1 4 4 5 2 3 2 3 3 1 0 1 0
21111489 510 2 3 1 1 0 3 1 0 0 0 0 1 0 1 4 2 1 3 12 5 3 0 1 6 5 2 0 3 2 0
21111490 633 9 2 2 1 2 3 3 2 3 1 1 0 1 1 0 0 0 0 2 4 3 12 4 5 4 2 4 3 0 4 1 0 1 3 0 0 0
21111491 564 9 2 1 2 3 2 3 1 1 3 1 0 2 1 0 0 0 0 3 3 3 1 0 2 0 3 3 3 3 0 4 5 12 1 2 1 3
21111492 597 7 1 2 3 1 2 1 3 1 0 3 1 0 0 0 0 3 2 2 0 0 0 6 3 2 5 12 0 3 5 3 0 1 2 4
21111493 591 2 2 3 1 0 3 1 0 0 0 0 0 1 1 3 7 12 0 3 3 3 0 4 6 1 0 5 1 0 2
21111494 532 9 2 1 3 1 3 2 3 1 2 1 0 1 1 0 0 0 0 3 3 3 3 3 5 12 0 4 4 6 0 2 1 3 0 2 0 3
21111495 606 3 2 3 1 1 0 1 1 0 0 0 0 1 1 1 0 0 0 3 0 0 5 1 0 4 4 2 2 12 6 3
21111496 503 4 1 3 2 2 1 0 2 1 0 0 0 0 1 2 1 0 4 2 12 4 5 1 4 0 4 7 0 3 1 1 0
21111497 563 0 1 0 2 1 0 0 0 0 0 0 0 1 0 0 0 3 3 0 3 2 12 0 0 1 3 6 5
21111499 514 7 3 2 3 1 2 3 2 1 0 1 1 0 0 0 0 1 3 3 3 1 1 0 6 4 4 2 0 6 12 0 0 3 0 3
21111500 431 8 2 3 1 1 2 3 3 2 1 0 1 1 0 0 0 0 2 3 3 3 0 0 0 3 1 6 2 0 2 3 12 1 5 5 3
21111501 482 7 2 2 1 1 1 3 1 1 0 3 1 0 0 0 0 4 2 1 3 2 6 0 2 7 5 4 8 2 7 5 12 5 1 0
21111502 517 3 1 3 2 1 0 2 1 0 0 0 0 1 1 1 3 12 3 3 1 5 5 2 0 4 3 6 0 1 0 0
21111503 583 6 3 3 2 2 2 2 1 0 3 1 0 0 0 0 0 4 2 0 1 0 1 3 1 3 1 5 5 0 0 12 7 3 0
21111504 509 0 1 0 3 1 0 0 0 0 0 0 0 12 3 3 0 8 4 5 3 4 1 2 1 2 0 0 0
21111505 533 8 1 2 1 3 2 2 3 1 1 0 2 1 0 0 0 0 3 3 2 0 0 3 0 3 4 4 0 4 6 2 0 3 1 12 1
21111506 542 1 3 1 0 1 1 0 0 0 0 0 0 1 0 0 3 0 0 0 4 0 2 1 4 2 0 12 6 4
21111507 514 6 2 2 2 1 3 2 1 0 1 1 0 0 0 0 1 4 1 1 0 0 3 0 0 5 3 3 1 5 4 0 5 6 12
21111508 569 0 1 0 1 1 0 0 0 0 0 0 0 0 3 0 2 3 2 3 6 0 1 5 8 0 3 5 12
21111509 498 6 1 3 2 1 2 2 1 0 3 1 0 0 0 0 2 3 1 3 3 0 0 5 4 1 1 3 2 4 2 1 12 4 0
21111510 546 2 3 3 1 0 2 1 0 0 0 0 0 0 2 2 1 4 12 0 3 4 7 0 1 3 3 0 0 0 3
21111511 588 10 1 1 1 3 3 3 2 2 1 2 1 0 2 1 0 0 0 0 4 3 3 3 4 8 12 0 4 5 4 0 3 3 3 0 2 1 0
21111512 529 9 1 1 2 1 3 2 3 2 2 1 0 3 1 0 0 0 0 3 4 2 3 1 0 1 0 2 3 4 3 7 4 3 0 4 4 12
21111513 547 3 1 2 3 1 0 3 1 0 0 0 0 1 1 1 3 2 12 0 5 3 1 3 2 3 3 0 1 0 0 0
21111514 524 0 1 0 3 1 0 0 0 0 0 0 0 0 0 3 1 3 2 1 0 4 5 3 2 12 5 4 0
21111515 567 2 2 1 1 0 1 1 0 0 0 0 1 1 0 3 2 2 3 0 1 6 12 3 5 3 1 3 4 2 3
21111516 531 10 1 1 1 2 3 3 1 3 2 2 1 0 3 1 0 0 0 0 4 3 3 0 0 2 0 12 5 3 0 6 3 1 0 4 2 1 2
21111517 575 11 2 3 3 2 2 1 3 1 2 3 1 1 0 1 1 0 0 0 0 3 4 4 0 12 7 5 1 6 3 1 3 1 2 2 0 0 3 2
21111519 567 8 3 1 3 2 1 3 2 2 1 0 2 1 0 0 0 0 2 3 3 4 6 12 1 2 4 7 3 1 3 4 0 3 1 3 0
21111520 538 6 3 1 3 2 2 1 1 0 3 1 0 0 0 0 2 2 2 0 0 0 1 1 4 3 4 2 6 5 12 0 0 2 8
21111521 504 8 1 2 2 3 2 3 1 3 1 0 1 1 0 0 0 0 2 3 3 12 5 6 1 4 3 2 0 5 0 3 0 3 0 0 0
21111522 509 11 1 1 1 2 1 3 3 2 2 3 3 1 0 2 1 0 0 0 0 4 3 4 3 4 1 3 0 3 12 2 3 3 3 5 3 0 0 6
21111524 627 6 1 2 2 3 3 3 1 0 1 1 0 0 0 0 1 2 3 12 8 5 0 3 7 5 0 3 5 3 1 3 2 0 0
21111525 565 0 1 0 3 1 0 0 0 0 0 0 0 3 3 4 4 3 7 3 3 0 2 3 12 1 0 0 0
21111526 564 3 3 1 1 1 0 3 1 0 0 0 0 2 0 1 2 2 0 0 0 2 7 4 1 3 7 4 0 4 4 12
21111527 561 3 1 2 2 1 0 1 1 0 0 0 0 1 2 0 2 1 12 4 0 4 6 4 0 2 0 0 0 1 0 0
21111528 547 7 2 1 3 2 1 3 1 1 0 1 1 0 0 0 0 3 2 2 0 4 6 12 0 4 4 3 2 0 5 2 0 0 1 2
21111529 560 0 1 0 3 1 0 0 0 0 0 0 0 3 3 0 0 4 6 0 0 7 5 1 0 12 4 4 2
21111530 490 5 1 3 2 1 3 1 0 2 1 0 0 0 0 2 1 2 3 12 2 0 1 5 5 0 4 6 4 0 0 1 2 3
21111531 520 6 2 1 2 1 1 3 3 1 5 0.33333333333333331 6 0.33333333333333331 7 0.33333333333333331 3 2 1 0 3 0 0 12 7 5 3 4 5 3 0 1 2 2 4
21111532 545 5 2 1 3 1 3 1 0 2 1 0 0 0 0 2 1 2 1 4 4 12 2 4 6 7 0 2 4 6 0 1 0 0
21111534 517 10 2 3 1 2 2 3 2 3 1 1 1 0 3 1 0 0 0 0 3 4 3 0 2 6 1 1 3 5 12 0 2 4 4 0 0 3 1
21111535 531 0 1 0 2 1 0 0 0 0 0 0 0 0 2 12 1 0 6 6 5 1 4 5 1 3 4 2 0
21111536 498 10 2 1 1 3 2 2 1 3 3 1 1 0 3 1 0 0 0 0 4 3 3 2 3 3 6 0 4 5 4 0 3 6 12 2 3 1 3
21111537 560 10 3 1 1 2 2 3 3 2 1 2 1 0 3 1 0 0 0 0 3 4 3 1 0 0 0 3 2 0 6 1 4 2 1 12 6 5 3
21111538 568 3 1 1 2 1 0 2 1 0 0 0 0 2 1 0 3 0 5 0 0 4 7 12 3 4 5 1 5 2 2 1
21111540 595 6 2 1 2 3 1 1 1 0 3 1 0 0 0 0 3 2 1 2 3 2 0 4 3 3 4 12 1 3 3 0 0 3 0
21111541 479 3 3 2 1 1 0 1 1 0 0 0 0 1 1 1 12 4 1 0 6 5 3 0 4 2 2 0 0 1 0 2
21111542 459 3 1 2 2 1 0 3 1 0 0 0 0 1 2 0 4 4 12 0 3 3 5 1 3 1 3 0 2 0 0 0
21111544 543 2 2 3 1 0 3 1 0 0 0 0 0 1 1 0 1 0 0 12 2 2 0 1 7 5 1 3 5 3 3
21111545 536 7 2 3 3 3 2 1 1 1 0 3 1 0 0 0 0 2 2 3 12 5 3 2 4 5 1 0 4 3 2 0 0 0 1 0
21111546 535 9 3 1 3 1 2 2 3 2 1 1 0 3 1 0 0 0 0 3 3 3 1 1 2 12 0 3 2 5 2 5 4 3 0 0 1 7
21111547 570 9 1 3 3 1 3 2 3 1 1 1 0 2 1 0 0 0 0 4 1 4 2 3 4 1 3 3 5 0 6 9 5 3 12 3 2 2
21111548 513 8 2 2 3 3 3 1 1 1 1 0 3 1 0 0 0 0 3 2 3 2 12 2 0 1 5 7 3 2 6 3 2 1 1 4 0
21111550 537 6 3 1 1 2 2 2 1 0 1 1 0 0 0 0 2 3 1 4 12 3 0 3 4 3 0 3 0 0 3 8 3 0 0
21111551 604 7 3 1 3 3 2 2 2 1 0 1 1 0 0 0 0 1 3 3 0 0 1 3 0 2 0 5 1 1 1 12 0 4 2 2
21111552 594 0 1 0 2 1 0 0 0 0 0 0 0 0 0 0 1 1 2 2 1 3 6 7 12 5 3 4 3
21111553 503 4 2 1 1 2 1 0 2 1 0 0 0 0 2 2 0 0 5 3 0 0 8 4 3 0 1 3 0 3 1 12 2
21111554 478 3 2 3 1 1 0 3 1 0 0 0 0 1 1 1 4 3 3 1 6 5 1 2 12 2 4 0 0 3 0 0
21111555 509 9 2 1 3 3 1 3 3 2 2 1 0 1 1 0 0 0 0 2 3 4 1 3 5 12 0 2 3 5 6 8 1 3 0 2 0 0
21111556 557 7 1 1 3 1 1 2 2 1 0 3 1 0 0 0 0 4 2 1 0 0 7 12 0 6 5 5 0 0 4 4 2 0 2 0
21111557 576 2 1 1 1 0 2 1 0 0 0 0 2 0 0 3 1 0 0 2 4 2 5 0 3 5 1 0 2 7 12
21111558 542 2 1 3 1 0 3 1 0 0 0 0 1 0 1 0 3 3 12 0 4 3 4 0 1 5 3 2 2 0 0
21111559 532 0 1 0 3 1 0 0 0 0 0 0 0 12 3 3 5 3 5 5 1 0 2 5 2 0 0 1 0
21111560 542 6 3 3 2 1 1 1 1 0 1 1 0 0 0 0 3 1 2 0 2 4 0 2 3 3 5 0 0 6 6 0 12 7 2
21111561 540 11 2 3 3 2 1 3 2 1 3 1 1 1 0 2 1 0 0 0 0 4 3 4 0 4 7 12 0 3 5 7 2 3 3 5 0 3 3 1
21111562 505 8 1 2 2 1 3 1 1 2 1 0 2 1 0 0 0 0 4 3 1 3 0 3 0 0 0 4 5 0 1 5 8 0 2 5 12
21111563 527 7 3 1 3 2 2 3 3 1 0 1 1 0 0 0 0 1 2 4 0 0 0 1 2 3 2 2 5 1 5 3 1 3 5 12
21111564 563 4 3 2 3 2 1 0 1 1 0 0 0 0 0 2 2 3 1 4 1 0 7 4 0 5 8 12 0 5 0 0 2
21111565 562 0 1 0 2 1 0 0 0 0 0 0 0 12 2 5 3 1 5 3 0 1 3 0 1 0 4 2 0
21111566 560 10 3 1 2 2 3 1 2 2 1 1 1 0 3 1 0 0 0 0 4 4 2 0 3 0 0 12 4 3 2 6 5 4 1 3 0 0 3
21111567 543 0 1 0 2 1 0 0 0 0 0 0 0 0 0 1 4 2 0 2 3 4 5 1 1 0 3 12 3
21111568 575 4 1 1 2 3 1 0 3 1 0 0 0 0 2 1 1 4 1 5 4 12 4 4 0 0 7 5 2 2 2 1 0
21111569 538 0 1 0 1 1 0 0 0 0 0 0 0 4 6 12 0 4 5 3 0 4 2 2 0 0 0 3 1
21111570 482 10 1 3 2 2 3 3 2 3 2 1 3 1 7 0.33333333333333331 8 0.33333333333333331 9 0.33333333333333331 2 4 4 4 4 4 6 12 1 4 0 4 3 2 1 0 1 0 0
21111571 552 2 3 2 1 0 1 1 0 0 0 0 0 1 1 3 2 0 0 2 3 1 3 0 1 4 5 0 4 3 12
21111572 569 5 3 1 3 2 1 3 1 5 0.33333333333333331 6 0.33333333333333331 7 0.33333333333333331 2 1 2 0 3 8 3 0 6 7 7 1 2 3 12 2 0 0 0
21111573 519 1 3 1 0 3 1 0 0 0 0 0 0 1 2 5 0 0 3 3 1 1 12 4 0 0 5 2 0 0
21111574 550 10 2 1 2 1 3 3 3 2 1 3 3 1 4 0.33333333333333331 5 0.33333333333333331 6 0.33333333333333331 3 3 4 1 5 2 3 4 4 3 0 12 0 0 2 3 1 0 0
21111575 590 0 1 0 2 1 0 0 0 0 0 0 0 4 2 12 0 3 3 3 3 3 5 7 1 3 1 0 0
21111576 573 2 3 2 1 0 3 1 0 0 0 0 0 1 1 1 1 0 0 12 3 3 2 5 5 3 0 0 1 0 2
21111577 504 10 3 3 2 2 1 2 3 2 3 1 1 0 1 1 0 0 0 0 2 4 4 7 12 3 1 2 4 3 0 3 2 3 1 0 0 1 0
21111578 556 4 1 3 2 3 1 0 1 1 0 0 0 0 1 1 2 0 1 3 12 2 4 5 3 0 3 0 5 0 0 2 0
21111579 691 9 1 1 3 2 3 2 2 2 1 1 0 1 1 0 0 0 0 3 4 2 0 12 4 3 3 2 3 5 0 0 3 1 0 0 3 0
21111580 484 10 3 3 1 1 1 3 2 2 1 2 1 0 3 1 0 0 0 0 4 3 3 12 5 3 3 5 3 4 0 6 7 3 0 2 0 0 0
21111581 618 4 3 3 1 1 1 0 1 1 0 0 0 0 2 0 2 0 0 0 2 0 0 0 2 0 2 1 4 2 6 5 12
21111582 508 9 3 3 3 2 1 1 2 2 1 1 0 3 1 0 0 0 0 3 3 3 0 0 0 7 0 0 2 3 1 0 5 3 3 3 4 12
21111583 478 10 3 2 1 3 2 1 1 3 1 2 1 0 3 1 0 0 0 0 4 3 3 3 3 3 3 3 5 3 2 0 1 3 12 0 2 0 0
21111584 578 3 3 2 3 1 0 1 1 0 0 0 0 0 1 2 3 4 1 2 4 6 3 0 12 3 5 0 2 0 1 0
21111585 629 3 2 2 1 1 0 3 1 0 0 0 0 1 2 0 12 1 3 1 3 7 3 2 3 4 0 0 0 6 0 0
21111586 511 6 1 1 2 3 2 1 1 0 1 1 0 0 0 0 3 2 1 0 0 0 2 3 4 3 2 0 4 4 3 0 4 7 12
21111587 508 10 2 3 3 1 2 3 1 2 3 1 1 0 2 1 0 0 0 0 3 3 4 0 0 0 2 0 0 1 3 1 3 4 5 0 3 6 12
21111588 566 0 3 1 4 0.33333333333333331 5 0.33333333333333331 6 0.33333333333333331 0 0 0 2 4 4 3 0 0 1 12 0 3 3 3 0 0 0 3
21111589 556 2 2 3 1 0 1 1 0 0 0 0 0 1 1 3 3 3 3 4 6 12 0 4 4 3 0 0 3 0 0
21111591 508 8 2 1 3 1 2 2 3 3 1 0 1 1 0 0 0 0 2 3 3 0 4 3 3 3 5 3 4 3 1 5 12 0 0 2 0
21111592 569 11 3 3 2 3 1 1 2 2 2 1 1 1 0 3 1 0 0 0 0 4 4 3 12 4 3 0 5 6 4 1 3 4 2 0 2 1 0 0
21111594 544 9 2 1 2 3 3 2 1 3 1 1 0 1 1 0 0 0 0 3 3 3 0 0 3 0 0 3 1 0 3 5 2 4 12 4 3 2
21111595 512 8 2 2 2 1 1 1 3 3 1 0 3 1 0 0 0 0 3 3 2 0 12 3 1 0 3 6 2 2 1 4 3 0 0 0 3
21111596 558 6 2 3 1 1 2 1 1 0 3 1 0 0 0 0 3 2 1 3 1 2 3 0 4 5 3 0 2 4 3 0 0 4 12
21111597 532 7 3 3 1 2 1 3 3 1 0 2 1 0 0 0 0 2 1 4 1 0 0 1 2 3 6 0 3 3 2 0 12 4 3 0
21111598 522 10 3 3 2 3 3 1 2 1 2 1 1 0 2 1 0 0 0 0 3 3 4 0 1 2 0 1 3 3 3 3 5 4 4 0 1 2 12
21111600 600 0 1 0 1 1 0 0 0 0 0 0 0 0 1 0 1 12 4 2 0 2 4 3 0 4 2 0 0
