21311201 490 8 3 3 3 2 1 1 1 2 1 0 1 1 0 0 0 0 3 2 3 4 12 2 2 2 6 4 3 3 1 3 1 0 2 7 0
21311202 571 8 3 2 1 3 2 3 1 2 1 0 2 1 0 0 0 0 2 3 3 4 3 0 1 5 5 3 0 12 3 7 0 0 1 0 0
21311204 549 8 3 1 1 2 2 3 3 1 1 0 2 1 0 0 0 0 3 2 3 0 3 3 12 1 4 4 6 8 6 5 3 0 0 0 2
21311205 571 4 1 3 2 3 1 0 3 1 0 0 0 0 1 1 2 0 2 0 0 0 1 4 12 5 3 4 4 2 0 1 3
21311206 596 6 3 2 3 2 2 3 1 0 1 1 0 0 0 0 0 3 3 0 0 1 2 0 0 4 1 12 6 6 0 3 7 1 4
21311207 573 1 3 1 0 3 1 0 0 0 0 0 0 1 12 3 2 0 3 6 6 0 3 8 2 1 0 1 0 3
21311208 477 2 2 2 1 0 3 1 0 0 0 0 0 2 0 4 3 1 0 5 3 1 1 12 2 0 0 0 3 0 3
21311209 567 8 2 3 1 2 3 2 2 1 1 0 3 1 0 0 0 0 2 4 2 0 1 1 0 2 2 1 3 5 4 1 0 12 4 4 0
21311211 556 5 3 3 1 2 2 1 0 1 1 0 0 0 0 1 2 2 2 1 3 12 4 5 3 5 0 4 3 8 0 0 5 0
21311212 515 2 1 1 1 0 2 1 0 0 0 0 2 0 0 0 2 0 0 0 6 3 0 3 6 2 1 3 5 12 0
21311213 526 4 1 2 1 2 1 0 2 1 0 0 0 0 2 2 0 12 1 0 0 5 4 1 3 2 4 0 3 3 1 2 0
21311214 580 7 1 2 3 2 1 3 2 1 0 1 1 0 0 0 0 2 3 2 0 0 1 0 3 2 5 0 4 5 0 0 12 4 6 3
21311215 526 9 2 1 3 1 1 1 3 2 3 1 0 2 1 0 0 0 0 4 2 3 0 3 5 0 0 3 2 12 1 6 5 2 2 0 1 3
21311216 577 1 1 1 0 3 1 0 0 0 0 1 0 0 2 4 8 12 0 4 5 4 0 0 4 3 0 2 1 0
21311217 532 9 2 2 1 2 1 2 1 1 3 3 1 7 0.33333333333333331 8 0.33333333333333331 9 0.33333333333333331 4 4 1 0 0 3 3 0 2 4 4 3 4 3 3 3 1 7 12
21311218 545 11 1 2 2 1 3 3 2 1 2 3 1 1 0 3 1 0 0 0 0 4 4 3 3 4 3 0 12 0 0 3 6 3 2 0 3 1 0 0
21311220 506 8 2 3 3 1 3 2 1 3 1 0 2 1 0 0 0 0 2 2 4 0 1 0 0 0 4 6 3 0 3 3 12 2 1 3 4
21311221 494 2 1 2 1 0 2 1 0 0 0 0 1 1 0 1 6 3 3 1 4 6 5 12 2 4 4 3 0 0 0
21311222 503 5 2 3 2 3 3 1 0 1 1 0 0 0 0 0 2 3 1 0 2 1 0 0 4 0 3 5 4 3 0 12 6 5
21311223 592 8 1 1 3 1 3 2 2 3 1 0 1 1 0 0 0 0 3 2 3 3 2 0 2 4 4 5 1 12 2 1 3 0 3 0 2
21311224 630 3 1 2 2 3 1 6 0.33333333333333331 7 0.33333333333333331 8 0.33333333333333331 1 2 0 4 0 6 3 1 4 4 0 3 5 6 1 2 12 3 0
21311225 588 11 1 3 2 1 3 1 2 3 2 3 1 1 0 2 1 0 0 0 0 4 3 4 0 0 4 3 0 3 6 12 2 5 3 4 1 3 1 2
21311226 533 2 3 2 1 0 2 1 0 0 0 0 0 1 1 0 0 2 0 1 6 3 1 3 4 3 1 2 1 4 12
21311227 579 6 3 2 1 2 1 3 1 0 3 1 0 0 0 0 2 2 2 2 1 4 12 1 5 7 3 0 5 6 2 0 3 1 2
21311228 567 3 1 1 2 1 0 2 1 0 0 0 0 2 1 0 0 0 3 3 1 2 6 12 0 3 4 4 0 2 3 1
21311229 566 0 1 0 2 1 0 0 0 0 0 0 0 0 3 1 2 3 4 3 3 3 4 6 1 0 2 1 12
21311230 474 7 2 3 2 1 1 1 2 1 0 3 1 0 0 0 0 3 3 1 4 1 1 2 2 6 7 12 4 3 3 2 0 0 4 1
21311231 543 4 2 1 2 2 1 0 2 1 0 0 0 0 1 3 0 3 0 0 3 0 1 5 1 0 0 0 12 3 4 3 1
21311232 519 3 1 1 3 1 0 3 1 0 0 0 0 2 0 1 1 2 0 2 12 6 2 3 5 2 3 4 0 0 0 1
21311233 580 11 2 3 1 1 1 3 3 2 3 1 2 1 0 2 1 0 0 0 0 4 3 4 12 4 3 3 4 4 3 0 3 1 3 0 0 2 0 0
21311234 496 2 3 1 1 0 2 1 0 0 0 0 1 0 1 1 3 1 0 2 8 4 0 12 4 2 2 1 0 0 0
21311235 590 11 3 1 2 1 2 1 3 2 3 1 2 1 0 3 1 0 0 0 0 4 4 3 0 2 3 12 0 2 3 8 0 1 6 4 1 0 3 3
21311236 534 9 1 3 3 1 2 1 2 3 1 1 0 2 1 0 0 0 0 4 2 3 0 4 3 3 3 12 4 4 0 5 6 0 0 2 0 0
21311237 507 3 2 2 1 1 0 1 1 0 0 0 0 1 2 0 2 0 4 1 0 1 5 2 0 4 6 3 0 6 12 3
21311238 588 4 1 1 2 1 1 0 1 1 0 0 0 0 3 1 0 4 0 3 0 4 3 0 2 6 4 2 0 12 2 4 0
21311239 596 3 1 3 1 1 0 2 1 0 0 0 0 2 0 1 2 0 2 3 5 0 3 0 1 7 5 2 12 3 1 0
21311240 536 11 1 2 3 3 2 2 1 1 3 3 1 1 0 2 1 0 0 0 0 4 3 4 0 3 0 0 12 4 3 0 4 4 4 2 1 7 1 2
21311241 523 8 2 2 1 1 1 3 2 3 1 0 1 1 0 0 0 0 3 3 2 2 4 12 0 4 4 1 0 3 5 4 0 3 2 0 3
21311242 517 5 1 3 3 2 2 1 0 3 1 0 0 0 0 1 2 2 12 4 0 0 1 7 4 1 2 2 4 2 0 1 1 0
21311243 585 0 1 0 3 1 0 0 0 0 0 0 0 0 1 0 0 12 2 0 0 6 6 2 0 3 3 3 1
21311244 494 11 3 2 3 3 1 2 1 3 1 2 1 1 0 2 1 0 0 0 0 4 3 4 3 4 1 0 6 12 5 2 4 1 3 0 0 0 0 2
21311245 601 0 1 0 2 1 0 0 0 0 0 0 0 3 3 0 6 0 4 5 4 0 1 2 12 0 0 1 0
21311246 530 0 1 0 2 1 0 0 0 0 0 0 0 3 1 0 0 1 5 1 3 2 6 3 1 2 3 12 2
21311247 474 6 1 1 2 2 3 1 1 0 2 1 0 0 0 0 3 2 1 4 3 6 1 4 3 4 2 12 4 0 0 0 3 0 0
21311248 479 2 3 1 1 0 3 1 0 0 0 0 1 0 1 0 1 0 2 0 4 0 1 12 3 0 2 5 4 2 0
21311249 544 1 3 1 0 1 1 0 0 0 0 0 0 1 2 5 3 2 3 2 1 12 0 3 3 4 8 1 0 0
21311250 595 6 2 2 3 1 2 1 1 0 3 1 0 0 0 0 2 3 1 3 2 4 4 0 1 4 6 0 3 4 12 0 1 0 0
21311251 578 11 3 1 1 1 3 1 2 2 2 2 3 1 0 3 1 0 0 0 0 4 4 3 0 2 0 3 0 3 0 5 3 4 1 0 12 8 4 0
21311252 565 4 1 2 2 1 1 0 1 1 0 0 0 0 2 2 0 0 7 0 3 12 5 1 0 4 2 1 3 2 3 4 2
21311254 533 1 3 1 0 3 1 0 0 0 0 0 0 1 0 0 0 2 3 3 1 0 4 6 1 2 12 4 5 0
21311255 603 5 1 3 1 3 1 1 0 3 1 0 0 0 0 3 0 2 4 12 2 0 2 4 5 4 7 4 0 2 2 3 4 1
21311256 570 1 3 1 0 2 1 0 0 0 0 0 0 1 3 0 0 0 12 6 5 0 6 6 5 2 1 4 0 1
21311257 559 3 2 3 3 1 0 2 1 0 0 0 0 0 1 2 12 6 5 3 1 4 1 0 2 1 1 3 2 0 0 0
21311258 479 5 3 1 1 2 1 1 0 3 1 0 0 0 0 3 1 1 12 5 4 4 2 4 2 0 3 3 0 1 2 0 0 0
21311259 527 5 3 1 3 1 1 1 0 2 1 0 0 0 0 3 0 2 0 2 0 2 1 2 4 4 3 5 4 2 0 12 5 1
21311260 555 10 3 1 1 1 1 2 3 3 2 3 1 0 2 1 0 0 0 0 4 2 4 2 4 5 12 0 2 3 7 0 0 1 3 0 0 0 3
21311262 487 9 3 1 2 2 1 2 2 1 1 1 0 3 1 0 0 0 0 4 4 1 3 2 4 3 1 4 4 0 3 12 5 0 3 4 3 0
21311263 612 2 3 1 1 0 1 1 0 0 0 0 1 0 1 2 3 4 0 0 2 3 0 0 3 7 3 0 4 12 3
21311264 448 6 1 1 2 2 1 2 1 0 3 1 0 0 0 0 3 3 0 3 0 0 0 3 4 12 3 3 4 5 3 2 0 1 0
21311265 496 10 3 2 1 1 2 1 3 3 2 2 1 0 1 1 0 0 0 0 3 4 3 12 5 4 0 5 4 3 0 3 3 0 3 2 1 0 0
21311266 561 4 1 3 2 2 1 0 3 1 0 0 0 0 1 2 1 3 6 12 1 1 5 7 1 2 3 0 3 0 0 3 2
21311267 444 3 3 2 3 1 0 1 1 0 0 0 0 0 1 2 1 3 4 12 3 5 3 3 7 3 2 2 0 1 0 0
21311268 525 4 1 3 3 2 1 0 1 1 0 0 0 0 1 1 2 12 4 2 3 4 5 0 0 4 4 2 0 1 7 0 0
21311269 547 4 3 1 2 1 1 0 1 1 0 0 0 0 2 1 1 0 3 4 12 3 2 4 7 0 4 5 3 0 3 0 2
21311270 505 11 3 1 2 3 2 1 1 1 3 2 3 1 0 2 1 0 0 0 0 4 3 4 3 3 4 6 0 0 5 12 0 0 0 3 0 0 0 3
21311271 560 11 1 3 1 3 3 1 2 3 2 2 2 1 0 1 1 0 0 0 0 3 4 4 3 4 6 3 2 0 2 12 0 1 4 6 0 1 0 0
21311272 523 7 2 1 2 1 3 1 3 1 0 3 1 0 0 0 0 3 2 2 2 1 12 2 3 5 5 0 3 4 0 0 2 1 0 0
21311273 580 8 2 1 2 1 3 3 2 3 1 0 1 1 0 0 0 0 2 3 3 3 3 3 0 3 4 6 0 5 3 12 7 6 4 3 0
21311274 589 2 2 3 1 0 3 1 0 0 0 0 0 1 1 3 4 3 0 2 7 5 3 12 1 1 2 0 0 1 0
21311276 546 4 1 2 3 1 1 0 3 1 0 0 0 0 2 1 1 1 3 12 0 2 5 3 3 3 1 2 0 2 0 0 0
21311277 544 10 2 2 3 1 2 3 3 2 3 1 1 0 1 1 0 0 0 0 2 4 4 4 12 0 0 5 6 3 0 1 5 3 0 0 2 3 1
21311278 544 9 2 3 3 2 2 1 1 1 2 1 0 3 1 0 0 0 0 3 4 2 1 0 3 0 0 0 2 4 3 0 6 5 1 12 7 5
21311279 531 2 3 3 1 0 1 1 0 0 0 0 0 0 2 3 0 0 0 12 2 1 2 5 4 5 0 3 5 4 0
21311281 542 2 1 1 1 0 3 1 0 0 0 0 2 0 0 3 0 1 0 7 0 4 0 5 4 3 2 2 12 7 2
21311282 518 4 2 3 2 1 1 0 3 1 0 0 0 0 1 2 1 0 1 3 2 0 5 3 4 1 12 5 1 0 2 3 3
21311283 607 1 2 1 0 3 1 0 0 0 0 0 1 0 3 12 4 3 0 5 4 1 0 4 1 3 0 2 0 0
21311284 590 6 2 1 1 1 3 2 1 0 3 1 0 0 0 0 3 2 1 0 1 4 12 0 0 4 5 0 2 6 3 2 0 3 0
21311285 539 2 1 2 1 0 3 1 0 0 0 0 1 1 0 0 0 0 1 0 3 3 2 0 1 5 3 2 3 5 12
21311286 568 0 1 0 2 1 0 0 0 0 0 0 0 0 1 0 0 2 3 7 12 1 3 5 5 0 0 4 6
21311287 585 5 2 2 3 1 3 1 0 1 1 0 0 0 0 1 2 2 3 2 2 0 4 4 4 0 1 6 8 0 3 1 12 7
21311288 602 10 3 2 2 1 3 1 3 3 2 2 1 0 1 1 0 0 0 0 2 4 4 1 3 5 12 2 4 5 1 0 0 1 3 0 0 0 2
21311289 489 6 3 1 2 3 2 2 1 0 1 1 0 0 0 0 1 3 2 3 4 12 0 4 4 4 0 1 5 1 7 3 2 0 0
21311290 567 0 1 0 3 1 0 0 0 0 0 0 0 4 0 0 0 3 0 1 0 3 5 4 2 5 8 12 0
21311291 590 0 1 0 3 1 0 0 0 0 0 0 0 3 3 0 0 3 4 3 0 1 2 5 4 12 3 1 2
21311292 545 9 2 1 1 3 3 2 1 2 2 1 0 3 1 0 0 0 0 3 4 2 3 8 12 1 1 2 3 5 3 0 0 4 2 0 1 0
21311293 540 6 1 3 1 2 3 3 1 0 2 1 0 0 0 0 2 1 3 12 6 4 0 4 5 4 2 4 2 3 0 0 0 1 1
21311294 562 3 2 1 1 1 0 2 1 0 0 0 0 2 1 0 0 3 1 12 0 2 4 7 3 1 4 2 3 0 3 0
21311296 514 8 2 2 3 3 1 2 1 1 1 0 2 1 0 0 0 0 3 3 2 12 3 3 0 3 4 6 7 1 2 3 3 0 0 1 0
21311297 503 0 3 1 5 0.33333333333333331 6 0.33333333333333331 7 0.33333333333333331 0 0 0 0 0 5 2 0 3 4 1 0 3 7 3 3 5 3 12
21311298 525 6 2 1 2 3 1 2 1 0 3 1 0 0 0 0 2 3 1 3 4 12 1 0 4 3 4 0 4 2 0 0 0 0 1
21311299 546 8 2 1 3 1 1 3 2 2 1 0 1 1 0 0 0 0 3 3 2 2 3 4 12 0 4 3 5 0 0 3 4 0 0 3 0
21311300 553 6 2 3 3 3 2 2 3 1 7 0.33333333333333331 8 0.33333333333333331 9 0.33333333333333331 0 3 3 1 4 12 3 1 3 5 7 1 3 6 2 1 5 0 0
21311301 564 10 2 1 3 1 3 3 2 1 2 1 1 0 2 1 0 0 0 0 4 3 3 0 2 0 1 1 3 6 4 2 3 5 12 0 3 0 0
21311302 610 2 3 3 1 0 3 1 0 0 0 0 0 0 2 0 0 2 0 0 0 1 1 2 3 5 4 0 6 8 12
21311303 594 7 1 2 3 1 1 3 2 1 0 3 1 0 0 0 0 3 2 2 2 0 2 0 0 1 1 4 2 3 4 5 0 3 9 12
21311304 453 11 1 3 2 2 1 1 3 3 2 3 2 1 0 1 1 0 0 0 0 3 4 4 0 0 1 0 3 2 12 3 2 4 1 0 1 5 2 3
21311305 506 1 3 1 0 3 1 0 0 0 0 0 0 1 0 3 3 1 3 4 5 5 0 3 7 8 0 2 3 12
21311306 538 6 2 2 3 1 2 1 1 0 3 1 0 0 0 0 2 3 1 0 0 1 5 3 3 3 0 3 5 5 0 3 6 12 0
21311307 550 1 3 1 0 3 1 0 0 0 0 0 0 1 12 5 3 3 8 5 3 0 3 1 3 0 2 0 0 0
21311308 465 8 3 1 3 3 1 2 1 2 1 0 2 1 0 0 0 0 3 2 3 1 3 1 3 3 2 3 0 12 2 3 0 0 5 1 2
21311309 538 10 2 1 2 2 3 2 1 3 1 3 1 0 3 1 0 0 0 0 3 4 3 0 2 12 2 0 8 8 1 1 2 6 1 0 4 3 1
21311310 536 6 2 2 1 1 1 3 1 0 2 1 0 0 0 0 3 2 1 0 12 6 4 0 5 5 2 3 1 5 1 0 0 2 3
21311311 645 2 2 1 1 0 1 1 0 0 0 0 1 1 0 2 1 0 0 3 3 0 0 3 2 2 1 12 7 4 3
21311312 464 10 1 3 1 2 2 1 3 3 3 1 3 1 6 0.33333333333333331 7 0.33333333333333331 8 0.33333333333333331 4 2 4 0 2 0 0 3 3 3 1 2 5 5 7 2 4 6 12
21311313 497 5 1 2 3 2 3 1 0 1 1 0 0 0 0 1 2 2 3 0 2 1 0 3 1 5 0 4 5 3 0 2 12 3
21311314 551 0 1 0 2 1 0 0 0 0 0 0 0 0 4 12 7 0 2 4 7 1 4 3 4 0 0 1 3
21311315 521 3 2 1 2 3 1 5 0.33333333333333331 6 0.33333333333333331 7 0.33333333333333331 1 2 0 2 3 4 1 12 3 5 1 2 7 4 3 3 0 1 0
21311316 523 6 2 1 2 1 3 3 1 0 2 1 0 0 0 0 2 2 2 0 0 0 3 0 12 4 3 1 6 5 3 6 0 4 4
21311317 565 2 2 2 1 0 3 1 0 0 0 0 0 2 0 1 3 1 0 4 5 1 5 6 3 3 2 12 4 3 0
21311318 609 0 1 0 3 1 0 0 0 0 0 0 0 12 7 4 1 1 5 4 0 2 4 3 8 0 0 2 0
21311319 542 6 1 3 2 1 2 2 1 0 3 1 0 0 0 0 2 3 1 1 4 0 0 3 5 4 0 3 12 0 1 4 2 0 0
21311320 543 0 1 0 2 1 0 0 0 0 0 0 0 12 8 4 2 6 1 0 0 3 4 1 0 1 2 0 0
21311321 581 7 2 1 2 2 1 1 2 1 0 3 1 0 0 0 0 3 4 0 0 0 1 0 4 2 3 3 3 6 4 1 3 12 4 0
21311322 567 2 3 3 1 0 1 1 0 0 0 0 0 0 2 0 0 0 2 0 4 6 3 1 3 4 2 2 3 1 12
21311323 587 3 2 2 2 1 0 1 1 0 0 0 0 0 3 0 0 0 0 1 0 3 3 1 3 2 3 6 1 4 4 12
21311324 575 1 3 1 0 1 1 0 0 0 0 0 0 1 0 0 1 1 2 2 7 0 3 5 4 12 2 2 1 4
21311325 560 6 1 2 3 1 3 1 1 0 3 1 0 0 0 0 3 1 2 2 3 2 3 8 3 12 0 4 8 5 3 2 4 1 3
21311326 540 5 3 1 2 2 2 1 0 2 1 0 0 0 0 1 3 1 5 12 7 4 1 4 6 4 0 0 1 0 0 1 3 0
21311327 567 9 1 2 1 3 1 3 2 2 1 1 0 3 1 0 0 0 0 4 3 2 0 3 2 12 0 0 6 3 0 3 5 1 3 0 2 0
21311328 601 1 3 1 0 1 1 0 0 0 0 0 0 1 0 2 0 3 0 3 6 3 0 2 5 4 1 5 6 12
21311329 528 3 2 1 3 1 0 3 1 0 0 0 0 1 1 1 0 0 2 0 1 3 1 0 7 3 2 3 12 3 3 0
21311330 522 7 3 2 1 3 3 2 2 1 0 3 1 0 0 0 0 1 3 3 1 0 3 0 12 5 1 2 6 2 3 0 3 1 1 0
21311331 515 4 3 1 2 2 1 0 1 1 0 0 0 0 1 2 1 2 0 1 12 0 6 3 4 0 3 5 4 0 0 3 3
21311332 494 3 2 1 1 3 1 4 0.33333333333333331 5 0.33333333333333331 6 0.33333333333333331 2 1 0 4 7 12 3 4 4 4 3 0 2 1 0 0 2 0 3
21311333 549 6 1 3 2 2 2 3 1 0 2 1 0 0 0 0 1 3 2 1 1 3 0 3 3 4 0 1 6 3 1 12 2 2 1
21311334 561 4 2 1 3 3 1 0 1 1 0 0 0 0 1 1 2 12 2 1 3 6 5 7 2 1 4 3 0 0 0 2 0
21311335 505 4 3 2 1 1 1 0 3 1 0 0 0 0 2 1 1 0 6 8 12 2 6 8 7 2 2 3 5 0 1 3 1
21311336 683 10 1 3 2 3 2 2 2 1 1 3 1 0 3 1 0 0 0 0 3 4 3 0 1 2 0 2 3 4 6 1 8 6 3 5 6 12 1
21311337 586 0 1 0 3 1 0 0 0 0 0 0 0 0 0 1 0 3 2 3 0 0 0 3 4 3 5 7 12
21311338 535 9 2 2 1 2 2 1 3 1 3 1 0 3 1 0 0 0 0 3 4 2 12 8 6 0 8 4 5 3 0 1 2 1 3 0 0 0
21311339 408 6 2 1 2 2 3 3 1 0 2 1 0 0 0 0 1 3 2 12 3 1 0 2 6 1 1 3 4 6 0 3 3 3 1
21311340 528 1 1 1 0 1 1 0 0 0 0 1 0 0 0 0 3 0 0 3 4 2 0 4 4 5 2 3 3 12
21311341 581 1 3 1 0 2 1 0 0 0 0 0 0 1 0 0 3 3 0 0 1 3 0 1 6 1 2 12 2 3
21311342 580 9 3 1 1 3 2 1 2 2 1 1 0 3 1 0 0 0 0 4 3 2 12 4 5 3 4 6 0 0 3 0 0 2 0 0 3 0
21311343 536 5 2 1 3 2 3 1 0 3 1 0 0 0 0 1 2 2 1 0 0 0 1 2 2 12 0 1 6 7 3 5 3 3
21311344 576 2 1 3 1 0 2 1 0 0 0 0 1 0 1 3 0 2 3 0 1 3 5 0 3 5 12 2 0 1 0
21311345 483 11 3 3 1 2 1 1 2 3 2 3 2 1 0 1 1 0 0 0 0 3 4 4 1 3 2 4 2 3 1 0 3 6 1 0 3 12 3 2
21311346 585 11 3 3 2 3 1 1 2 2 3 1 1 1 0 2 1 0 0 0 0 4 3 4 1 0 0 0 0 2 2 0 4 5 5 4 1 5 12 0
21311347 516 1 3 1 0 3 1 0 0 0 0 0 0 1 0 1 0 0 3 2 5 3 12 4 3 1 2 5 1 2
21311348 551 5 2 2 1 1 3 1 0 3 1 0 0 0 0 2 2 1 0 5 3 12 2 4 4 4 0 3 2 1 1 0 0 0
21311349 538 7 3 2 1 1 2 3 3 1 0 1 1 0 0 0 0 2 2 3 2 0 2 1 0 4 5 3 0 0 3 5 0 3 4 12
21311350 472 2 1 2 1 0 2 1 0 0 0 0 1 1 0 0 3 1 2 0 4 4 3 1 1 6 12 0 0 0 2
21311351 565 1 1 1 0 3 1 0 0 0 0 1 0 0 0 0 0 1 0 5 2 2 0 6 5 4 5 12 6 3
21311352 500 2 1 3 1 0 1 1 0 0 0 0 1 0 1 0 0 0 2 0 1 0 4 3 2 4 6 0 2 3 12
21311353 563 8 2 1 3 1 1 2 3 2 3 1 6 0.33333333333333331 7 0.33333333333333331 8 0.33333333333333331 3 3 2 1 5 8 12 3 3 7 2 2 3 1 0 2 0 1 3
21311354 491 6 1 3 2 1 3 2 1 0 2 1 0 0 0 0 2 2 2 4 3 7 4 1 3 12 2 0 3 1 0 0 0 0 3
21311355 567 0 1 0 3 1 0 0 0 0 0 0 0 0 7 3 12 1 4 1 3 0 0 2 5 0 0 2 3
21311356 506 2 1 3 1 0 3 1 0 0 0 0 1 0 1 3 0 0 0 4 2 4 5 5 4 0 0 12 3 1 2
21311357 495 0 1 0 2 1 0 0 0 0 0 0 0 1 0 0 0 0 3 2 4 1 0 5 4 1 5 12 2
21311359 558 4 1 3 1 3 1 0 1 1 0 0 0 0 2 0 2 12 6 7 2 4 4 4 2 0 3 2 1 3 2 0 0
21311360 526 6 2 1 3 2 1 2 1 0 2 1 0 0 0 0 2 3 1 0 6 0 0 1 12 7 6 0 5 6 4 0 5 1 3
21311362 537 1 1 1 0 2 1 0 0 0 0 1 0 0 4 4 1 0 5 6 3 2 12 7 0 0 0 0 3 0
21311363 555 3 1 3 1 1 0 3 1 0 0 0 0 2 0 1 0 0 0 3 0 2 4 8 2 5 6 12 3 3 4 3
21311364 579 11 3 2 2 2 3 1 3 2 1 3 1 1 0 1 1 0 0 0 0 3 4 4 2 3 2 0 1 6 1 5 3 12 4 3 4 3 6 0
21311365 533 3 1 2 3 3 1 4 0.33333333333333331 5 0.33333333333333331 6 0.33333333333333331 1 1 1 0 2 0 7 1 3 6 4 2 5 4 3 1 0 12 7
21311366 680 2 1 2 1 0 2 1 0 0 0 0 1 1 0 3 3 3 3 3 4 7 1 0 2 5 12 0 0 1 0
21311367 541 4 3 3 1 1 1 0 1 1 0 0 0 0 2 0 2 3 3 3 12 0 2 5 6 2 6 4 2 3 0 3 0
21311368 531 11 2 2 2 3 3 1 3 3 2 1 1 1 0 1 1 0 0 0 0 3 4 4 0 12 6 5 0 3 3 4 1 3 3 2 0 0 0 3
21311369 576 11 3 3 1 2 2 2 1 1 3 3 2 3 1 5 0.33333333333333331 6 0.33333333333333331 7 0.33333333333333331 3 4 4 0 1 0 0 2 7 0 0 12 6 3 1 5 3 0 3
21311370 577 10 3 2 3 2 3 1 1 2 1 2 1 0 3 1 0 0 0 0 3 4 3 0 2 0 1 6 5 3 1 8 6 4 0 12 1 3 2
21311371 557 1 1 1 0 1 1 0 0 0 0 1 0 0 12 8 6 0 2 7 5 2 3 3 5 3 1 2 0 0
21311372 570 9 1 2 3 1 1 2 2 2 3 1 0 3 1 0 0 0 0 3 4 2 1 3 1 3 0 2 4 2 5 7 5 3 0 7 12 1
21311373 599 8 2 1 1 3 3 1 1 3 1 0 2 1 0 0 0 0 4 1 3 0 3 2 0 0 3 5 2 0 3 4 4 2 12 3 1
21311374 549 10 3 1 2 3 2 1 3 1 3 2 1 0 2 1 0 0 0 0 3 3 4 3 0 0 0 3 5 0 1 3 4 2 3 3 1 12 0
21311375 546 8 1 1 3 2 2 2 3 2 1 0 3 1 0 0 0 0 2 4 2 0 0 0 1 0 4 4 3 0 6 4 5 1 3 3 12
21311376 501 2 1 3 1 0 2 1 0 0 0 0 1 0 1 3 1 2 0 0 0 5 3 0 3 3 4 0 3 6 12
21311378 498 6 2 2 3 2 1 1 1 0 3 1 0 0 0 0 2 3 1 12 1 4 3 4 8 3 0 4 5 0 0 0 2 0 1
21311379 542 3 2 1 1 1 0 3 1 0 0 0 0 2 1 0 0 3 0 4 2 0 4 12 3 5 4 3 0 2 3 1
21311380 532 4 2 2 2 1 1 0 1 1 0 0 0 0 1 3 0 12 4 4 0 8 6 0 0 3 7 3 0 3 0 1 7
21311381 468 2 3 1 1 0 1 1 0 0 0 0 1 0 1 0 0 0 2 12 3 0 2 6 5 3 2 3 3 4 1
21311382 555 11 3 3 2 3 3 1 2 1 1 2 1 1 0 2 1 0 0 0 0 4 3 4 0 4 4 12 0 3 2 8 1 3 2 6 0 0 1 0
21311383 594 7 1 3 2 2 1 2 3 1 0 3 1 0 0 0 0 2 3 2 12 6 3 0 7 3 3 0 3 1 1 3 2 0 0 0
21311384 559 4 1 1 2 3 1 0 3 1 0 0 0 0 2 1 1 0 3 5 2 0 3 4 3 3 3 1 12 0 0 0 2
21311386 526 5 1 1 3 1 1 1 0 2 1 0 0 0 0 4 0 1 2 2 5 12 0 3 2 6 0 6 3 4 0 0 0 3
21311387 622 1 1 1 0 3 1 0 0 0 0 1 0 0 2 0 3 2 0 3 8 12 1 1 2 3 0 0 3 0
21311388 555 0 3 1 5 0.33333333333333331 6 0.33333333333333331 7 0.33333333333333331 0 0 0 0 2 0 0 4 0 4 2 1 4 3 1 12 5 3 0
21311389 593 6 1 2 2 2 2 3 1 0 3 1 0 0 0 0 1 4 1 3 2 1 3 1 5 3 1 0 2 4 12 1 3 1 0
21311391 542 3 2 3 1 1 0 2 1 0 0 0 0 1 1 1 1 0 3 0 3 3 0 0 12 5 3 0 4 4 0 3
21311392 431 3 1 3 1 1 0 3 1 0 0 0 0 2 0 1 12 6 3 0 4 4 2 3 2 1 0 0 2 3 0 0
21311393 492 9 3 2 1 2 3 1 1 3 3 1 0 1 1 0 0 0 0 3 2 4 0 0 2 0 2 3 1 12 3 2 3 6 0 0 0 5
21311394 508 9 2 1 2 3 2 3 3 2 1 1 0 3 1 0 0 0 0 2 4 3 12 6 4 1 1 3 4 2 4 5 0 0 1 0 0 0
21311395 524 4 1 1 2 1 1 0 3 1 0 0 0 0 3 1 0 3 2 12 3 4 4 3 0 3 7 5 4 3 3 2 0
21311396 528 2 2 1 1 0 3 1 0 0 0 0 1 1 0 1 3 2 0 0 1 3 0 3 2 6 2 0 5 12 1
21311397 564 5 1 2 2 3 3 1 0 1 1 0 0 0 0 1 2 2 0 1 6 2 0 2 5 4 0 4 12 3 1 0 0 3
21311398 592 9 2 3 3 1 1 2 1 3 2 1 0 3 1 0 0 0 0 3 3 3 1 0 0 0 5 5 0 0 6 2 0 0 12 3 1 2
21311399 579 8 3 2 2 1 1 3 2 1 1 0 1 1 0 0 0 0 3 3 2 12 1 1 3 5 5 4 2 2 2 0 0 0 3 0 0
21311400 513 5 3 1 1 2 2 1 0 1 1 0 0 0 0 2 2 1 0 3 2 0 1 0 2 0 0 4 5 4 0 12 6 4
21311401 574 3 1 3 1 1 0 3 1 0 0 0 0 2 0 1 0 2 0 0 0 6 3 5 0 0 6 12 3 2 3 3
21311402 512 7 1 1 1 2 3 2 2 1 0 3 1 0 0 0 0 3 3 1 3 0 3 2 5 6 0 0 12 3 1 0 3 0 0 0
21311403 596 5 3 1 3 3 2 1 0 3 1 0 0 0 0 1 1 3 2 4 6 8 4 4 12 2 1 5 2 0 1 1 0 0
21311404 502 7 2 2 3 2 1 1 2 1 0 3 1 0 0 0 0 2 4 1 0 7 0 0 3 5 12 0 3 1 4 1 1 2 4 3
21311405 508 10 1 1 1 2 2 3 3 1 2 3 1 0 2 1 0 0 0 0 4 3 3 0 2 3 0 0 3 1 3 0 1 4 7 2 4 6 12
21311406 581 7 2 3 2 3 1 1 2 1 0 3 1 0 0 0 0 2 3 2 0 2 6 3 3 6 5 2 1 3 1 4 1 3 12 0
21311407 576 6 3 2 1 1 3 2 1 0 1 1 0 0 0 0 2 2 2 1 0 0 0 3 2 0 0 3 4 3 5 5 12 3 2
21311408 549 2 2 1 1 0 2 1 0 0 0 0 1 1 0 0 4 12 5 3 1 5 3 3 0 4 1 0 0 0 2
21311410 545 8 2 2 1 3 2 3 1 3 1 0 3 1 0 0 0 0 2 3 3 6 12 3 1 5 0 3 0 0 2 0 0 0 0 0 1
21311411 561 6 2 2 1 3 3 2 1 0 2 1 0 0 0 0 1 3 2 0 0 1 0 3 1 3 1 12 5 2 2 1 4 4 1
21311412 551 2 1 1 1 0 3 1 0 0 0 0 2 0 0 2 2 2 0 1 4 2 0 4 5 3 1 5 6 12 0
21311413 548 8 1 3 1 1 3 2 2 3 1 0 2 1 0 0 0 0 3 2 3 12 4 5 3 3 6 3 2 3 1 0 0 3 0 0 0
21311414 573 9 1 1 3 2 3 2 1 3 1 1 0 3 1 0 0 0 0 4 2 3 0 0 4 3 0 0 3 4 0 2 5 3 2 12 3 7
21311415 549 3 1 3 3 1 0 2 1 0 0 0 0 1 0 2 0 3 0 1 1 3 0 0 2 5 3 2 12 5 4 0
21311416 536 8 2 1 3 1 1 2 3 3 1 0 2 1 0 0 0 0 3 2 3 0 3 5 12 3 3 4 7 0 1 0 6 0 0 2 0
21311417 556 10 1 2 3 3 2 1 1 3 2 3 1 0 1 1 0 0 0 0 3 3 4 0 2 0 0 2 3 3 12 1 6 3 7 0 4 3 3
21311418 507 2 2 1 1 0 1 1 0 0 0 0 1 1 0 0 0 0 6 1 3 2 12 0 3 4 7 0 2 5 3
21311419 506 10 3 2 2 2 1 1 1 1 3 3 1 0 3 1 0 0 0 0 4 3 3 0 0 0 2 0 3 6 4 2 0 4 6 1 5 4 12
21311420 544 6 3 2 3 1 2 2 1 0 3 1 0 0 0 0 1 3 2 0 2 0 0 3 0 1 4 0 1 4 12 0 1 4 4
21311421 654 9 3 3 2 3 3 1 2 2 2 1 0 1 1 0 0 0 0 1 4 4 0 0 0 1 3 2 1 1 6 6 4 2 12 1 3 0
21311422 509 10 2 3 1 2 2 3 1 3 2 1 1 0 1 1 0 0 0 0 3 4 3 3 12 8 7 0 4 5 4 1 2 3 3 0 3 0 0
21311423 532 0 1 0 2 1 0 0 0 0 0 0 0 0 4 1 12 5 3 6 3 3 3 5 4 0 2 0 1
21311424 562 2 1 2 1 0 3 1 0 0 0 0 1 1 0 0 0 0 3 0 0 2 3 0 3 1 1 3 2 8 12
21311425 553 0 1 0 1 1 0 0 0 0 0 0 0 3 4 7 12 0 2 4 5 0 3 3 3 0 2 0 1
21311426 557 8 3 1 1 2 2 3 1 3 1 0 2 1 0 0 0 0 3 2 3 3 2 1 2 0 4 6 7 0 3 6 12 0 0 0 1
21311427 483 1 1 1 0 3 1 0 0 0 0 1 0 0 0 0 0 3 0 2 1 4 1 2 5 2 0 3 7 12
21311428 590 8 1 2 3 1 3 2 2 2 1 0 3 1 0 0 0 0 2 4 2 1 0 1 0 3 2 7 12 0 5 4 3 1 3 3 4
21311429 592 10 2 1 1 3 3 1 2 3 2 1 1 0 2 1 0 0 0 0 4 3 3 1 2 1 3 0 5 6 12 0 3 2 1 0 2 3 3
21311430 521 9 3 3 1 2 1 3 3 1 2 1 0 1 1 0 0 0 0 3 2 4 3 6 12 0 4 2 4 2 3 1 3 0 2 0 0 0
21311431 590 5 1 2 2 1 1 1 0 3 1 0 0 0 0 3 2 0 12 7 3 3 2 6 4 5 3 3 3 0 3 0 0 0
21311432 539 2 1 1 1 0 1 1 0 0 0 0 2 0 0 0 0 2 0 3 5 2 2 6 5 3 3 12 6 4 0
21311433 512 4 2 1 1 3 1 0 1 1 0 0 0 0 2 1 1 3 3 4 5 0 2 2 12 0 0 3 2 0 0 0 1
21311434 464 9 2 1 3 3 2 2 2 1 3 1 0 1 1 0 0 0 0 2 4 3 0 0 0 3 4 3 4 1 5 3 5 2 6 12 3 1
21311435 582 2 2 3 1 0 2 1 0 0 0 0 0 1 1 6 4 7 12 0 4 7 1 0 4 5 1 0 0 0 3
21311436 555 0 1 0 3 1 0 0 0 0 0 0 0 3 6 3 2 0 2 6 4 1 5 1 12 0 3 0 0
21311437 513 4 1 1 2 3 1 0 1 1 0 0 0 0 2 1 1 0 0 0 3 0 6 3 12 1 4 5 4 2 3 2 2
21311438 524 11 2 3 1 3 2 1 3 1 1 2 2 1 0 3 1 0 0 0 0 4 4 3 0 1 0 0 1 0 3 0 3 2 4 3 12 6 3 2
21311439 526 2 2 3 1 0 2 1 0 0 0 0 0 1 1 0 0 2 0 0 5 3 12 1 5 7 5 5 3 1 1
21311440 550 0 3 1 6 0.33333333333333331 7 0.33333333333333331 8 0.33333333333333331 0 0 0 0 2 3 12 1 1 6 7 0 3 3 4 2 1 0 2
21311441 495 10 2 3 3 1 2 2 2 1 3 3 1 0 1 1 0 0 0 0 2 4 4 3 3 12 8 0 0 3 1 3 6 2 5 1 0 0 3
21311442 551 3 2 1 1 1 0 3 1 0 0 0 0 2 1 0 2 3 12 8 4 7 3 3 6 5 2 0 2 1 1 0
21311443 424 2 3 2 1 0 1 1 0 0 0 0 0 1 1 12 4 3 3 6 6 1 2 3 1 3 0 0 0 0 2
21311444 529 2 1 3 1 0 3 1 0 0 0 0 1 0 1 1 0 3 0 0 0 2 3 0 0 4 5 0 2 6 12
21311445 531 0 1 0 3 1 0 0 0 0 0 0 0 12 3 5 0 5 4 3 3 5 2 3 0 0 0 0 1
21311446 594 10 1 3 2 3 1 1 2 2 1 2 1 0 3 1 0 0 0 0 4 4 2 3 1 0 3 0 2 2 4 4 5 4 8 0 1 3 12
21311447 485 3 3 2 2 3 1 4 0.33333333333333331 5 0.33333333333333331 6 0.33333333333333331 0 2 1 1 4 0 3 1 3 1 1 2 5 5 0 3 12 2 0
21311448 568 0 1 0 1 1 0 0 0 0 0 0 0 4 12 0 2 3 1 4 0 1 3 2 3 0 2 0 0
21311449 604 9 1 1 2 1 2 2 3 1 3 1 0 3 1 0 0 0 0 4 3 2 0 5 3 12 2 2 5 4 0 1 0 3 0 0 3 3
21311450 551 7 1 3 1 2 3 2 3 3 1 7 0.33333333333333331 8 0.33333333333333331 9 0.33333333333333331 2 2 3 0 2 0 0 0 2 0 8 5 4 4 6 1 12 1 3
21311451 592 0 1 0 1 1 0 0 0 0 0 0 0 4 4 6 2 6 4 6 2 12 3 3 0 1 0 0 0
21311452 532 8 3 1 3 1 2 2 1 2 1 0 1 1 0 0 0 0 3 3 2 0 2 2 0 3 0 4 1 0 0 3 1 2 5 5 12
21311453 502 6 2 3 2 1 1 2 1 0 2 1 0 0 0 0 2 3 1 0 0 3 0 3 5 3 12 0 1 6 4 0 1 3 3
21311454 480 6 1 2 2 3 1 3 1 0 1 1 0 0 0 0 2 2 2 0 1 0 0 2 2 0 3 5 6 1 0 12 5 2 0
21311455 530 2 2 1 1 0 2 1 0 0 0 0 1 1 0 1 3 0 0 1 3 1 4 0 2 6 2 0 7 12 4
21311456 586 3 3 1 2 1 0 1 1 0 0 0 0 1 1 1 0 1 0 0 2 3 2 0 3 6 6 7 12 3 2 1
21311457 633 10 1 1 2 2 3 1 3 2 3 3 1 0 2 1 0 0 0 0 3 3 4 3 1 4 2 7 5 4 0 12 6 5 0 0 0 1 0
21311458 614 2 1 2 1 0 2 1 0 0 0 0 1 1 0 0 2 0 4 0 3 5 1 0 1 5 6 1 2 3 12
21311459 565 11 2 1 2 1 2 3 1 3 2 3 1 1 0 3 1 0 0 0 0 4 4 3 3 1 2 3 2 1 3 0 12 5 3 0 2 4 3 1
21311460 577 11 2 3 3 3 1 1 1 1 3 2 2 1 0 2 1 0 0 0 0 4 3 4 5 3 2 0 4 5 0 1 3 12 0 0 0 3 0 0
21311461 540 4 1 2 3 1 1 0 1 1 0 0 0 0 2 1 1 4 12 8 2 0 1 6 6 0 0 4 5 0 2 2 3
21311462 565 1 3 1 0 1 1 0 0 0 0 0 0 1 2 1 0 1 0 3 0 4 2 3 7 2 0 5 7 12
21311463 553 0 1 0 3 1 0 0 0 0 0 0 0 0 0 2 0 7 0 1 0 5 4 3 2 12 5 4 1
21311464 553 5 3 2 2 1 2 1 0 1 1 0 0 0 0 1 3 1 0 0 0 6 0 3 4 12 3 2 5 4 1 1 4 3
21311465 588 10 2 3 3 3 2 3 1 1 1 2 1 0 2 1 0 0 0 0 3 3 4 0 0 2 0 4 1 3 0 3 5 4 0 3 6 12 1
21311466 551 6 3 2 3 2 1 3 1 0 1 1 0 0 0 0 1 2 3 1 0 0 0 12 3 3 2 8 4 2 0 3 4 1 0
21311467 617 10 2 2 2 3 3 2 1 3 3 1 1 0 1 1 0 0 0 0 2 4 4 0 2 0 1 1 3 5 6 0 6 5 5 5 5 7 12
21311468 581 8 1 3 3 2 3 3 2 1 1 0 1 1 0 0 0 0 2 2 4 0 0 2 0 6 1 3 1 2 12 0 2 4 0 0 0
21311469 531 10 3 1 1 3 1 2 3 1 3 2 1 0 2 1 0 0 0 0 4 2 4 0 3 4 12 3 0 4 6 0 7 0 5 0 0 2 0
21311470 565 9 1 1 3 2 3 3 3 2 1 1 0 2 1 0 0 0 0 3 2 4 0 3 4 3 0 2 12 3 1 3 1 3 0 0 2 0
21311471 611 6 3 2 1 2 3 1 1 0 2 1 0 0 0 0 2 2 2 3 3 0 3 0 3 4 12 0 1 4 6 0 2 4 1
21311472 560 4 2 2 1 2 1 0 1 1 0 0 0 0 1 3 0 0 1 3 0 3 4 4 0 3 5 12 1 6 4 3 2
21311473 517 9 1 3 2 3 3 1 2 2 2 1 0 1 1 0 0 0 0 2 4 3 0 6 3 1 4 3 2 0 1 6 4 0 12 3 3 0
21311474 531 11 1 2 1 1 3 3 2 3 3 2 1 1 0 2 1 0 0 0 0 4 3 4 1 4 1 2 2 12 4 3 0 0 5 2 3 0 1 3
21311475 630 3 2 2 2 1 0 1 1 0 0 0 0 0 3 0 1 3 1 0 3 6 0 3 12 4 2 0 3 1 4 0
21311476 573 4 1 3 1 2 1 0 2 1 0 0 0 0 2 1 1 5 1 0 0 4 3 3 2 12 4 3 6 0 0 3 0
21311477 558 1 3 1 0 2 1 0 0 0 0 0 0 1 1 5 1 0 0 6 5 2 0 12 5 4 0 0 0 3
21311478 593 1 3 1 0 1 1 0 0 0 0 0 0 1 0 3 0 0 2 2 4 3 1 5 4 7 0 3 5 12
21311479 579 1 2 1 0 2 1 0 0 0 0 0 1 0 0 3 0 3 1 5 3 12 3 2 4 5 0 3 1 1
21311480 473 0 1 0 3 1 0 0 0 0 0 0 0 0 1 3 5 4 3 2 6 3 6 2 12 1 0 0 0
21311481 572 2 3 3 1 0 2 1 0 0 0 0 0 0 2 2 0 2 1 1 5 5 1 0 4 4 12 0 0 3 0
21311482 541 10 3 3 1 1 3 2 3 2 1 1 1 0 2 1 0 0 0 0 4 2 4 1 3 1 0 12 2 4 2 3 5 3 0 2 3 0 0
21311483 552 10 1 3 2 2 3 2 1 2 1 3 1 0 1 1 0 0 0 0 3 4 3 0 0 3 3 3 4 12 1 0 4 4 2 0 4 4 3
21311484 471 0 1 0 1 1 0 0 0 0 0 0 0 0 4 6 12 2 4 5 5 1 3 3 4 0 0 2 0
21311485 520 1 2 1 0 2 1 0 0 0 0 0 1 0 0 1 4 2 0 5 4 1 3 3 12 3 0 0 0 1
21311486 497 0 1 0 3 1 0 0 0 0 0 0 0 1 2 4 0 12 4 6 0 7 3 1 0 2 2 1 3
21311487 576 0 1 0 2 1 0 0 0 0 0 0 0 3 3 1 0 2 1 3 0 0 3 5 3 0 6 3 12
21311488 601 0 1 0 2 1 0 0 0 0 0 0 0 1 2 0 0 3 6 5 0 3 4 1 1 4 12 3 2
21311489 535 8 3 2 2 3 2 3 1 1 3 1 6 0.33333333333333331 7 0.33333333333333331 8 0.33333333333333331 2 3 3 3 4 4 12 0 3 5 3 0 5 1 0 0 2 0 1
21311490 523 7 3 2 2 1 1 2 1 1 0 1 1 0 0 0 0 3 3 1 3 3 3 12 0 7 5 5 0 0 2 4 0 5 0 0
21311491 517 0 1 0 1 1 0 0 0 0 0 0 0 0 0 0 3 3 0 5 4 0 3 4 4 0 2 4 12
21311492 580 2 3 1 1 0 2 1 0 0 0 0 1 0 1 0 4 3 12 0 3 5 3 0 5 1 3 3 2 0 0
21311493 548 9 1 1 2 2 3 3 3 1 3 1 0 2 1 0 0 0 0 3 2 4 0 0 3 12 2 3 3 8 0 3 5 6 0 5 4 1
21311494 545 0 1 0 2 1 0 0 0 0 0 0 0 1 2 5 4 3 12 5 3 0 2 3 4 0 1 0 1
21311495 456 11 2 2 1 3 3 1 1 2 3 3 1 1 0 2 1 0 0 0 0 4 3 4 2 4 4 0 1 1 6 3 0 4 7 12 0 2 5 3
21311496 561 3 3 1 2 1 0 3 1 0 0 0 0 1 1 1 12 6 3 3 1 4 6 5 2 5 2 0 1 3 0 0
21311497 549 10 3 3 2 1 1 1 2 2 3 1 1 0 2 1 0 0 0 0 4 3 3 0 0 0 2 0 1 0 5 3 0 5 6 0 0 3 12
21311498 542 9 2 3 2 1 1 3 3 2 3 1 0 2 1 0 0 0 0 2 3 4 0 1 0 0 0 0 3 4 1 2 6 4 1 4 6 12
21311500 488 8 3 2 1 2 1 3 1 1 1 0 2 1 0 0 0 0 4 2 2 0 0 3 3 0 2 4 2 3 3 4 8 0 1 12 3
21311501 568 11 2 1 3 2 3 3 2 2 3 1 1 1 0 1 1 0 0 0 0 3 4 4 0 1 3 0 12 4 2 0 5 5 5 4 6 3 2 1
21311502 502 1 1 1 0 2 1 0 0 0 0 1 0 0 3 4 4 2 1 12 0 0 4 2 3 0 3 0 1 0
21311503 568 6 2 1 2 2 1 1 1 0 3 1 0 0 0 0 3 3 0 0 3 5 2 2 1 5 12 0 4 6 1 0 0 3 0
21311504 512 7 1 3 2 2 1 3 1 1 0 3 1 0 0 0 0 3 2 2 2 2 0 0 3 5 0 3 4 7 3 1 3 4 12 3
21311505 540 2 3 2 1 0 3 1 0 0 0 0 0 1 1 1 0 3 0 0 1 4 2 0 12 5 4 2 3 1 3
21311507 529 4 1 1 2 2 1 0 3 1 0 0 0 0 2 2 0 12 2 4 1 0 7 3 1 1 2 3 5 0 2 3 3
21311508 553 11 1 3 3 2 2 3 2 2 3 1 1 1 0 1 1 0 0 0 0 3 4 4 0 3 0 0 0 1 0 3 3 2 3 4 3 4 6 12
21311509 561 6 2 3 2 1 1 2 1 0 1 1 0 0 0 0 2 3 1 2 7 1 0 3 4 4 0 12 2 3 3 3 1 4 0
21311510 520 2 1 3 1 0 2 1 0 0 0 0 1 0 1 0 4 0 3 0 2 3 3 4 5 1 3 2 1 12 4
21311511 533 9 1 1 2 2 3 3 1 3 3 1 0 2 1 0 0 0 0 3 2 4 12 3 3 0 6 3 3 2 3 2 4 1 1 0 0 0
21311512 492 9 2 3 3 3 1 1 3 2 2 1 0 1 1 0 0 0 0 2 3 4 0 2 0 0 12 3 5 1 3 5 0 0 5 3 3 0
21311513 589 10 2 2 2 2 3 3 1 3 3 1 1 0 1 1 0 0 0 0 2 4 4 7 2 0 1 5 4 1 0 12 3 0 0 3 3 4 0
21311514 568 8 3 1 2 3 3 3 2 1 1 0 2 1 0 0 0 0 2 2 4 1 2 3 1 3 4 5 0 1 4 5 3 2 12 7 0
21311515 515 0 1 0 2 1 0 0 0 0 0 0 0 0 3 0 0 0 1 5 12 1 4 5 4 0 2 1 2
21311516 554 11 2 1 1 3 2 3 2 3 3 1 1 1 0 2 1 0 0 0 0 4 3 4 2 1 1 4 4 4 3 5 2 6 4 12 0 2 1 0
21311517 550 4 1 1 3 3 3 1 6 0.33333333333333331 7 0.33333333333333331 8 0.33333333333333331 2 0 2 2 12 6 2 2 6 3 1 2 3 0 0 6 3 1 3
21311518 468 4 1 2 1 3 1 0 2 1 0 0 0 0 2 1 1 12 4 0 0 6 3 0 0 4 4 1 2 3 0 0 0
21311519 459 8 2 2 1 3 2 3 3 1 1 0 3 1 0 0 0 0 2 3 3 4 6 12 1 3 7 5 1 2 3 3 0 0 1 2 0
21311520 553 5 2 3 3 2 3 1 0 3 1 0 0 0 0 0 2 3 12 3 0 0 5 4 0 1 5 0 4 0 3 1 0 0
21311521 523 2 2 3 1 0 1 1 0 0 0 0 0 1 1 1 4 12 3 0 2 4 6 0 3 2 4 0 1 0 0
21311522 515 4 1 1 2 2 1 0 3 1 0 0 0 0 2 2 0 0 0 0 3 3 1 0 4 5 4 4 0 4 12 4 2
21311523 553 4 3 1 2 2 1 0 1 1 0 0 0 0 1 2 1 0 0 2 0 1 4 3 1 2 3 4 6 0 3 6 12
21311524 558 11 3 2 3 2 1 1 1 1 3 2 2 1 0 3 1 0 0 0 0 4 4 3 12 6 2 0 8 8 1 0 6 6 1 3 0 3 2 0
21311525 625 3 2 3 2 1 0 3 1 0 0 0 0 0 2 1 2 1 1 12 0 4 3 7 0 0 3 7 0 1 0 3
21311526 583 0 1 0 1 1 0 0 0 0 0 0 0 0 0 2 1 0 5 3 1 0 3 7 2 2 3 12 4
21311527 514 10 3 1 2 3 2 3 1 3 2 1 1 0 2 1 0 0 0 0 3 3 4 7 3 0 0 3 1 6 0 1 2 2 1 4 6 12 0
21311528 526 10 1 1 2 3 1 3 2 2 2 3 1 0 1 1 0 0 0 0 3 4 3 3 3 3 3 2 5 7 3 0 4 3 8 0 4 1 12
21311529 548 7 1 3 2 1 1 2 3 1 0 1 1 0 0 0 0 3 2 2 1 6 2 3 3 5 12 0 4 4 0 2 2 0 3 0
21311530 551 5 2 1 3 3 3 1 0 1 1 0 0 0 0 1 1 3 2 3 4 12 0 0 6 5 0 0 4 3 2 0 1 0
21311531 516 10 3 2 1 2 2 3 1 2 1 1 1 0 3 1 0 0 0 0 4 4 2 12 2 4 1 1 4 2 3 5 4 2 1 0 0 0 3
21311532 621 9 1 3 2 2 3 2 1 1 2 1 0 3 1 0 0 0 0 3 4 2 0 1 0 0 2 2 4 3 5 5 6 0 12 1 1 0
21311533 613 4 1 3 1 2 1 0 3 1 0 0 0 0 2 1 1 3 2 0 0 4 5 2 0 4 7 5 1 12 1 3 2
21311534 571 3 2 3 1 1 0 1 1 0 0 0 0 1 1 1 0 12 7 5 1 3 5 4 0 2 3 4 0 2 0 0
21311535 612 1 3 3 1 4 0.33333333333333331 5 0.33333333333333331 6 0.33333333333333331 0 0 1 2 1 4 4 0 3 5 5 0 1 4 12 0 0 0 2
21311536 518 8 3 3 3 2 1 1 2 1 1 0 1 1 0 0 0 0 3 2 3 2 0 0 0 3 1 4 12 0 6 4 2 0 3 2 4
21311537 554 1 1 1 0 2 1 0 0 0 0 1 0 0 1 0 0 0 1 2 0 0 12 6 2 0 5 7 5 3
21311538 568 7 1 3 3 1 1 2 2 1 0 2 1 0 0 0 0 3 2 2 0 2 3 0 3 0 4 0 3 3 6 0 12 4 7 1
21311539 539 3 3 1 2 1 0 2 1 0 0 0 0 1 1 1 0 3 1 0 0 5 0 2 3 3 3 3 3 4 12 1
21311540 477 10 3 3 3 1 1 2 1 2 2 3 1 0 2 1 0 0 0 0 3 3 4 3 3 0 1 4 6 2 7 3 5 3 0 1 4 12 3
21311541 599 5 1 2 3 2 2 1 0 3 1 0 0 0 0 1 3 1 12 8 5 0 6 5 1 0 3 1 2 1 3 0 0 0
21311542 566 1 1 1 0 1 1 0 0 0 0 1 0 0 0 0 0 1 0 2 3 12 0 3 6 2 3 2 7 8
21311543 540 2 2 2 1 0 3 1 0 0 0 0 0 2 0 3 0 1 0 0 3 5 12 2 3 6 1 0 0 1 3
21311544 627 7 3 2 3 3 1 3 1 1 0 2 1 0 0 0 0 2 1 4 12 8 3 1 1 7 6 2 4 2 2 0 0 1 0 0
21311545 595 3 2 3 1 1 0 1 1 0 0 0 0 1 1 1 0 4 4 12 3 5 6 1 1 0 2 4 0 0 2 2
21311546 595 5 2 1 2 3 3 1 0 2 1 0 0 0 0 1 2 2 0 7 6 12 1 1 4 6 0 0 3 3 0 0 0 3
21311547 525 1 2 1 0 1 1 0 0 0 0 0 1 0 0 0 1 0 0 2 0 4 0 2 4 12 1 3 5 5
21311549 567 10 3 2 1 2 1 3 2 2 1 3 1 0 3 1 0 0 0 0 3 4 3 0 0 3 1 7 5 4 2 4 4 6 0 6 1 12 0
21311550 550 5 3 1 2 1 1 1 0 3 1 0 0 0 0 3 1 1 0 3 3 0 6 5 5 3 0 12 4 2 0 0 2 0
21311551 554 9 2 3 3 1 2 1 2 3 1 1 0 1 1 0 0 0 0 3 3 3 4 7 0 0 12 6 4 0 2 5 5 2 3 3 1 0
21311552 488 2 2 3 1 0 1 1 0 0 0 0 0 1 1 2 0 0 0 3 0 1 0 6 4 1 0 12 5 3 2
21311553 624 9 3 1 1 2 3 3 3 1 2 1 0 1 1 0 0 0 0 3 2 4 0 0 0 2 0 0 3 4 0 4 5 3 2 4 6 12
21311554 586 7 1 3 3 3 2 1 1 1 0 2 1 0 0 0 0 3 1 3 0 0 0 3 2 2 4 2 1 5 5 1 0 3 6 12
21311555 551 3 1 2 1 1 0 1 1 0 0 0 0 2 1 0 0 2 4 3 3 3 5 0 8 4 4 2 12 5 3 3
21311557 548 6 1 3 2 2 1 2 1 0 3 1 0 0 0 0 2 3 1 12 5 4 1 7 6 2 1 5 3 0 0 0 1 2 0
21311558 440 5 3 1 2 3 2 1 0 1 1 0 0 0 0 1 2 2 3 5 12 3 3 4 3 1 3 0 4 0 0 0 2 0
21311559 494 5 2 2 1 3 3 3 1 7 0.33333333333333331 8 0.33333333333333331 9 0.33333333333333331 1 2 2 12 5 1 3 3 2 3 0 2 3 5 0 0 1 1 0
21311560 554 1 3 1 0 1 1 0 0 0 0 0 0 1 7 0 0 0 0 6 7 12 7 3 5 2 0 1 4 2
21311561 534 4 1 3 2 3 1 0 3 1 0 0 0 0 1 1 2 0 12 5 4 2 3 5 4 1 1 6 3 0 0 0 2
21311562 503 8 1 3 3 2 3 2 2 2 1 0 3 1 0 0 0 0 1 4 3 1 12 2 1 4 3 3 6 0 3 5 7 1 0 1 0
21311563 525 11 2 1 3 1 1 3 3 1 2 3 2 1 0 2 1 0 0 0 0 4 3 4 0 0 4 2 0 2 6 1 0 1 5 8 3 3 4 12
21311564 528 4 3 2 1 1 1 0 1 1 0 0 0 0 2 1 1 1 2 0 0 3 4 0 0 2 5 6 3 4 12 2 3
21311565 508 7 2 3 3 1 3 1 3 1 0 2 1 0 0 0 0 2 1 4 0 0 2 8 2 1 7 4 0 0 3 3 0 1 4 12
21311566 541 5 3 2 1 2 2 1 0 2 1 0 0 0 0 1 3 1 0 5 8 4 1 4 6 12 0 1 3 3 0 1 3 0
21311567 552 7 3 3 1 3 1 2 2 3 1 4 0.33333333333333331 5 0.33333333333333331 6 0.33333333333333331 2 2 3 3 0 0 0 3 0 0 0 4 6 2 0 12 3 3 1
21311568 535 7 3 1 2 1 3 3 1 1 0 2 1 0 0 0 0 3 1 3 12 3 2 3 6 1 3 0 3 2 4 0 0 2 1 0
21311569 599 7 1 1 2 1 3 3 2 1 0 2 1 0 0 0 0 3 2 2 3 7 12 0 4 5 8 0 3 5 6 0 0 1 2 4
21311570 545 5 2 2 3 1 3 1 0 1 1 0 0 0 0 1 2 2 3 4 2 3 0 12 1 1 0 4 1 2 0 2 3 0
21311571 501 5 2 2 3 3 2 1 0 1 1 0 0 0 0 0 3 2 0 0 3 6 1 3 6 12 0 4 3 3 0 0 1 3
21311572 484 8 2 3 2 3 1 2 3 3 1 0 1 1 0 0 0 0 1 3 4 1 3 0 1 2 4 4 0 3 6 4 0 4 12 6 0
21311573 577 8 1 3 1 3 1 2 2 2 1 0 1 1 0 0 0 0 3 3 2 0 0 0 3 4 3 4 2 0 3 2 1 3 12 7 3
21311574 554 8 3 1 2 1 2 3 3 1 1 0 2 1 0 0 0 0 3 2 3 0 0 0 3 0 2 1 1 3 5 5 0 12 6 2 4
21311575 470 5 1 2 3 2 2 1 0 3 1 0 0 0 0 1 3 1 1 3 1 3 4 3 4 12 0 1 5 2 0 0 0 3
21311576 553 3 2 1 1 1 0 3 1 0 0 0 0 2 1 0 0 12 7 2 0 3 4 4 0 1 3 4 3 0 3 2
21311578 505 2 3 2 1 0 1 1 0 0 0 0 0 1 1 0 2 0 0 0 4 1 0 5 3 4 3 3 12 4 5
21311579 535 9 2 2 1 3 3 1 2 3 3 1 0 1 1 0 0 0 0 2 3 4 2 1 6 12 3 3 7 3 0 0 4 2 0 1 0 0
21311580 527 3 2 1 1 1 0 3 1 0 0 0 0 2 1 0 3 7 12 6 2 4 5 7 4 4 0 0 3 3 0 0
21311581 607 7 1 1 3 2 3 2 2 1 0 3 1 0 0 0 0 2 3 2 0 5 0 1 0 0 2 1 2 4 5 3 12 4 3 1
21311582 565 4 1 3 2 3 3 1 5 0.33333333333333331 6 0.33333333333333331 7 0.33333333333333331 1 1 2 0 5 5 12 3 4 7 3 0 0 3 2 3 0 1 0
21311585 413 2 1 3 1 0 2 1 0 0 0 0 1 0 1 0 0 3 2 2 2 3 5 1 1 6 5 1 3 4 12
21311586 552 8 1 1 1 3 2 2 3 3 1 0 1 1 0 0 0 0 3 2 3 0 4 6 12 0 6 5 2 3 4 6 3 2 0 2 1
21311588 542 10 3 2 3 2 3 1 1 1 2 2 1 0 3 1 0 0 0 0 3 4 3 0 0 2 1 1 1 4 4 0 2 6 2 0 3 12 1
21311589 485 9 3 1 1 2 1 2 3 3 3 1 0 2 1 0 0 0 0 3 2 4 4 1 4 12 3 5 3 2 2 4 2 1 0 0 0 1
21311590 513 9 2 3 1 1 2 2 3 3 3 1 0 1 1 0 0 0 0 2 3 4 2 2 0 0 5 4 1 0 8 5 6 1 12 4 3 4
21311591 492 1 1 1 0 1 1 0 0 0 0 1 0 0 12 2 6 2 5 6 2 3 5 5 0 0 1 0 0 0
21311592 591 10 3 1 2 2 3 1 2 2 3 3 1 0 1 1 0 0 0 0 2 4 4 1 12 4 4 4 3 1 2 0 0 3 0 0 0 2 1
21311593 593 4 2 3 2 3 1 0 1 1 0 0 0 0 0 2 2 0 0 1 3 3 4 6 2 1 3 4 1 2 3 5 12
21311594 607 4 2 1 3 2 3 1 4 0.33333333333333331 5 0.33333333333333331 6 0.33333333333333331 1 2 1 3 0 0 0 0 3 0 1 0 4 0 4 3 6 12 8
21311595 498 8 1 1 2 3 2 2 1 3 1 0 3 1 0 0 0 0 3 3 2 2 0 1 0 0 4 6 1 0 5 7 2 4 12 4 4
21311596 580 2 1 3 1 0 3 1 0 0 0 0 1 0 1 12 6 6 0 1 3 0 0 0 2 2 2 1 0 0 0
21311597 550 5 1 3 1 2 1 3 1 5 0.33333333333333331 6 0.33333333333333331 7 0.33333333333333331 3 1 1 3 12 3 0 1 2 1 2 3 0 5 0 2 0 3 2
21311598 581 10 3 2 2 2 3 1 2 3 3 1 1 0 1 1 0 0 0 0 2 4 4 3 0 1 0 5 7 2 0 4 6 1 1 6 12 3 2
21311599 567 8 2 2 3 2 2 3 1 3 1 0 1 1 0 0 0 0 1 4 3 0 12 7 5 0 2 1 3 0 0 4 1 1 3 0 0
21311600 562 4 1 3 1 3 1 0 1 1 0 0 0 0 2 0 2 3 3 0 0 5 7 2 0 4 4 6 2 12 3 5 2
21311601 472 1 2 1 0 3 1 0 0 0 0 0 1 0 3 12 2 0 2 1 3 3 5 3 4 1 1 0 3 3
21311602 581 9 3 2 1 2 3 3 2 1 3 1 0 1 1 0 0 0 0 2 3 4 12 3 3 0 4 4 6 0 2 3 4 2 1 1 0 0
21311603 527 10 3 1 2 2 2 1 2 3 3 1 1 0 1 1 0 0 0 0 3 4 3 0 1 2 0 5 3 3 3 5 6 1 0 12 7 2 0
21311604 576 1 3 1 0 3 1 0 0 0 0 0 0 1 1 2 0 2 1 6 0 0 6 3 2 0 12 4 1 0
21311605 500 10 1 2 3 3 1 2 3 3 1 2 1 0 1 1 0 0 0 0 3 3 4 5 3 1 0 12 4 2 2 4 1 0 0 0 3 2 0
21311606 607 4 1 3 2 1 1 0 2 1 0 0 0 0 2 1 1 1 6 0 0 7 3 4 2 4 12 3 0 3 4 4 3
21311607 450 0 1 0 1 1 0 0 0 0 0 0 0 12 6 4 0 2 4 3 3 5 2 5 0 1 0 4 0
21311608 550 4 1 2 2 2 1 0 1 1 0 0 0 0 1 3 0 0 0 1 0 3 4 0 0 3 5 5 0 4 7 12 3
21311609 552 4 3 1 3 3 1 0 1 1 0 0 0 0 1 0 3 0 2 1 0 0 0 4 5 0 3 4 2 2 3 6 12
21311610 578 8 3 1 1 3 1 2 3 1 1 0 3 1 0 0 0 0 4 1 3 2 4 3 0 2 4 0 0 12 1 4 2 0 2 0 0
21311611 555 3 2 1 3 1 0 2 1 0 0 0 0 1 1 1 0 4 0 1 3 3 3 1 0 4 4 7 0 2 12 3
21311612 474 7 1 2 3 2 3 1 3 1 0 2 1 0 0 0 0 2 2 3 3 3 1 12 0 7 6 4 0 2 6 3 0 0 0 1
21311613 533 11 1 2 3 3 3 1 2 2 1 3 2 1 0 1 1 0 0 0 0 3 4 4 0 4 5 6 0 1 7 12 0 2 2 3 3 0 1 0
21311614 542 3 2 3 3 1 0 1 1 0 0 0 0 0 1 2 0 1 0 0 0 1 3 4 0 0 4 7 2 2 8 12
21311615 523 8 2 1 1 2 3 3 1 2 1 0 1 1 0 0 0 0 3 3 2 3 0 3 3 0 3 5 4 2 3 7 1 0 5 2 12
21311616 557 9 3 3 3 1 2 1 2 1 3 1 0 1 1 0 0 0 0 3 2 4 2 0 1 0 5 2 4 8 4 6 3 2 12 3 3 0
21311617 548 5 3 1 2 1 2 1 0 3 1 0 0 0 0 2 2 1 0 4 3 3 0 3 5 12 0 3 3 6 2 1 0 0
21311618 492 4 1 1 2 1 1 0 2 1 0 0 0 0 3 1 0 3 12 4 1 6 4 4 2 4 2 3 0 0 0 6 0
21311619 551 6 1 2 2 1 3 3 1 0 2 1 0 0 0 0 2 2 2 12 4 2 3 1 4 2 0 1 2 4 1 3 0 1 0
21311620 595 1 1 1 0 3 1 0 0 0 0 1 0 0 1 4 2 1 0 2 5 3 0 3 5 8 0 2 6 12
21311621 515 4 2 1 1 3 1 0 3 1 0 0 0 0 2 1 1 0 2 8 0 3 1 5 12 1 4 3 2 3 2 1 2
21311622 466 11 1 2 2 3 2 1 1 2 3 3 1 1 0 3 1 0 0 0 0 4 4 3 1 3 0 0 4 3 2 0 1 3 3 0 3 12 2 3
21311623 524 10 2 1 1 3 3 3 2 1 2 3 1 0 1 1 0 0 0 0 3 3 4 0 3 3 12 3 1 7 8 2 0 6 6 2 0 0 0
21311624 574 6 2 2 1 1 3 3 1 0 1 1 0 0 0 0 2 2 2 3 0 2 0 2 1 3 4 1 4 8 2 0 3 4 12
21311625 544 6 2 3 1 1 3 3 1 0 1 1 0 0 0 0 2 1 3 4 1 1 0 2 4 0 0 2 12 2 2 3 7 3 0
21311626 559 10 2 1 2 1 3 3 1 3 1 2 1 0 3 1 0 0 0 0 4 3 3 2 0 1 0 2 0 6 0 2 3 4 12 0 1 3 5
21311627 518 5 3 3 2 1 1 1 0 3 1 0 0 0 0 2 1 2 0 0 0 3 2 0 2 12 0 0 1 5 0 2 4 1
21311629 509 2 3 2 1 0 1 1 0 0 0 0 0 1 1 0 0 1 2 0 1 3 3 3 6 4 5 4 3 2 12
21311630 478 7 1 1 3 1 3 2 3 1 0 3 1 0 0 0 0 3 1 3 1 6 12 0 2 5 5 2 3 3 4 0 2 0 0 0
21311631 534 7 1 1 3 2 2 3 3 1 0 1 1 0 0 0 0 2 2 3 2 3 0 3 0 1 5 4 0 3 4 12 0 0 2 0
21311632 639 8 2 1 2 3 3 3 2 3 1 0 1 1 0 0 0 0 1 3 4 0 1 0 2 0 3 0 1 0 4 12 3 6 6 4 4
21311633 581 11 3 2 1 1 3 1 2 3 2 1 3 1 0 2 1 0 0 0 0 4 3 4 1 0 0 0 2 1 2 0 3 5 3 2 1 12 5 3
21311634 540 3 2 1 1 1 0 3 1 0 0 0 0 2 1 0 2 0 0 0 2 1 4 1 6 5 3 2 12 5 4 0
21311635 647 2 2 1 1 0 1 1 0 0 0 0 1 1 0 0 3 5 12 1 2 4 8 0 2 3 7 0 0 3 4
21311636 544 10 2 1 3 1 2 2 1 1 3 2 1 0 3 1 0 0 0 0 4 4 2 3 0 0 0 6 5 2 4 3 3 5 4 4 12 3 1
21311637 569 8 3 1 2 1 3 3 2 2 1 0 1 1 0 0 0 0 2 3 3 0 0 8 3 4 6 1 2 0 2 12 3 1 3 1 2
21311638 518 6 3 1 2 3 1 3 1 0 2 1 0 0 0 0 2 1 3 3 2 4 4 1 5 5 2 0 5 6 12 0 0 0 1
21311639 591 3 1 1 3 1 0 2 1 0 0 0 0 2 0 1 0 3 0 2 0 7 6 1 2 5 5 4 2 1 4 12
21311640 569 9 2 3 1 1 3 2 1 3 1 1 0 2 1 0 0 0 0 4 2 3 3 4 3 0 7 2 3 4 12 0 3 2 3 1 3 0
21311641 543 0 1 0 2 1 0 0 0 0 0 0 0 12 5 1 1 6 4 4 0 3 2 5 0 3 3 3 0
21311642 623 11 1 3 3 2 2 3 1 1 2 3 1 1 0 2 1 0 0 0 0 4 3 4 0 0 1 2 0 3 5 3 3 1 4 4 0 3 2 12
21311643 529 2 2 1 1 0 3 1 0 0 0 0 1 1 0 0 4 5 2 0 4 6 8 0 0 3 7 3 1 3 12
21311644 559 8 2 1 2 2 3 2 1 3 1 0 1 1 0 0 0 0 2 4 2 3 0 3 12 0 1 5 6 0 1 2 5 0 0 0 3
21311645 617 6 3 1 3 2 1 3 1 0 1 1 0 0 0 0 2 1 3 0 3 2 0 0 2 4 3 3 1 5 2 2 3 1 12
21311646 509 3 2 1 3 1 0 2 1 0 0 0 0 1 1 1 3 1 12 0 2 3 4 0 0 5 3 0 0 0 1 3
21311647 499 5 3 3 2 2 2 1 0 1 1 0 0 0 0 0 3 2 0 3 1 0 2 3 1 5 5 5 1 3 12 8 3 0
21311648 510 1 3 1 0 3 1 0 0 0 0 0 0 1 2 3 4 0 2 5 6 1 1 6 9 3 0 3 3 12
21311649 494 2 1 1 1 0 2 1 0 0 0 0 2 0 0 2 3 3 3 1 3 12 0 0 3 3 0 1 5 2 2
21311650 568 9 1 3 2 3 3 2 2 3 1 1 0 2 1 0 0 0 0 2 3 4 0 0 0 3 3 5 4 3 1 3 12 4 0 1 3 3
21311651 552 2 1 1 1 0 1 1 0 0 0 0 2 0 0 4 6 6 3 2 5 3 12 3 0 6 0 0 0 2 2
21311652 537 5 1 3 2 3 2 1 0 2 1 0 0 0 0 1 2 2 1 4 2 0 4 12 0 1 3 4 1 0 5 3 0 0
21311653 569 0 1 0 2 1 0 0 0 0 0 0 0 1 3 12 0 6 5 1 0 5 3 7 2 3 0 0 3
21311654 619 6 2 2 2 1 3 2 1 0 3 1 0 0 0 0 1 4 1 3 12 6 3 4 5 7 1 0 1 0 0 0 1 0 0
21311655 536 5 2 2 1 1 1 1 0 3 1 0 0 0 0 3 2 0 1 3 0 0 12 7 3 0 4 5 4 2 3 3 2 3
21311656 529 2 2 3 1 0 2 1 0 0 0 0 0 1 1 2 3 12 3 3 7 1 0 4 2 1 0 1 0 1 0
21311658 592 10 1 2 3 3 3 3 2 1 2 1 1 0 1 1 0 0 0 0 3 3 4 2 1 4 12 3 4 5 7 0 3 0 3 0 0 2 0
21311659 618 3 2 1 1 1 0 1 1 0 0 0 0 2 1 0 3 6 3 1 2 3 2 3 4 1 5 2 3 2 0 12
21311660 499 6 1 2 2 1 1 3 1 0 2 1 0 0 0 0 3 2 1 0 2 0 0 0 2 3 12 1 3 4 1 3 3 4 4
21311661 536 5 3 1 1 2 2 1 0 3 1 0 0 0 0 2 2 1 0 1 3 5 0 3 5 12 2 1 3 0 2 3 0 0
21311662 612 8 1 1 1 3 2 3 2 3 1 0 1 1 0 0 0 0 3 2 3 3 12 5 0 3 5 4 2 2 5 0 0 0 0 3 0
21311663 491 1 2 1 0 3 1 0 0 0 0 0 1 0 1 0 2 0 12 3 5 0 2 4 4 0 3 1 1 4
21311664 611 10 2 2 1 2 3 1 3 2 3 3 1 0 1 1 0 0 0 0 2 4 4 4 2 0 0 2 4 1 0 1 3 6 0 12 3 0 1
21311665 553 11 2 1 2 2 3 3 3 2 1 3 1 1 0 1 1 0 0 0 0 3 4 4 0 0 2 0 0 2 4 1 1 1 7 12 0 0 2 3
21311666 583 8 3 3 1 1 1 3 2 3 1 0 2 1 0 0 0 0 3 1 4 0 2 3 0 0 1 2 4 0 3 5 6 3 3 4 12
21311667 510 3 1 2 3 1 0 3 1 0 0 0 0 1 1 1 0 0 2 3 0 2 7 4 0 0 3 4 1 3 1 12
21311668 540 3 3 2 3 1 0 1 1 0 0 0 0 0 1 2 0 0 0 1 0 6 2 12 0 0 5 5 3 0 3 4
21311669 535 7 1 3 1 2 3 1 2 1 0 1 1 0 0 0 0 3 2 2 2 2 0 2 5 1 4 0 4 12 1 0 4 2 0 0
21311670 550 11 1 3 2 2 3 1 3 2 1 2 1 1 0 3 1 0 0 0 0 4 4 3 1 0 2 0 0 0 1 6 0 2 4 4 0 7 12 4
21311671 516 1 1 1 0 3 1 0 0 0 0 1 0 0 2 0 0 0 1 0 4 3 4 1 6 2 0 2 3 12
21311672 592 4 3 2 2 2 1 0 3 1 0 0 0 0 0 3 1 12 5 6 1 7 5 1 0 3 1 3 0 0 3 0 0
21311673 549 0 1 0 1 1 0 0 0 0 0 0 0 4 0 2 0 6 3 0 0 12 3 0 0 2 3 3 1
21311674 513 7 3 2 2 3 1 1 2 1 0 2 1 0 0 0 0 2 3 2 1 0 0 0 0 1 3 3 1 4 5 12 0 2 3 4
21311675 602 10 3 2 2 3 1 1 3 1 3 2 1 0 2 1 0 0 0 0 3 3 4 1 0 1 0 0 0 3 3 2 7 4 5 3 4 5 12
21311676 490 1 3 1 0 1 1 0 0 0 0 0 0 1 2 0 1 1 12 2 0 0 7 5 2 3 3 4 0 0
21311677 482 2 3 3 1 0 3 1 0 0 0 0 0 0 2 0 0 4 12 2 4 4 8 4 1 1 4 0 0 2 3
21311678 563 2 2 2 1 0 1 1 0 0 0 0 0 2 0 12 5 4 1 4 3 2 0 1 1 4 2 3 0 0 0
21311679 579 0 1 0 2 1 0 0 0 0 0 0 0 0 3 0 0 2 1 6 1 3 6 3 0 12 3 4 0
21311681 540 5 2 1 1 1 3 1 0 1 1 0 0 0 0 3 1 1 3 0 3 0 0 2 4 2 3 2 5 4 0 4 4 12
21311682 450 6 3 2 3 2 1 1 1 0 2 1 0 0 0 0 2 2 2 12 1 4 0 4 2 3 1 4 0 4 2 5 0 1 0
21311683 586 3 1 3 1 1 0 3 1 0 0 0 0 2 0 1 0 2 2 1 0 4 5 2 2 3 4 8 2 1 1 12
21311685 529 5 3 1 3 2 1 1 0 1 1 0 0 0 0 2 1 2 0 1 0 3 2 4 2 3 0 2 12 3 0 6 3 4
21311686 498 4 3 1 2 1 1 0 2 1 0 0 0 0 2 1 1 0 3 0 0 4 3 12 0 6 6 4 1 3 7 3 2
21311687 608 2 3 1 1 0 3 1 0 0 0 0 1 0 1 0 3 6 12 0 3 4 3 0 3 4 4 2 1 2 0
21311688 480 3 2 1 1 1 0 2 1 0 0 0 0 2 1 0 0 0 2 0 0 0 0 3 1 1 6 5 2 3 12 5
21311689 563 11 1 3 3 2 1 2 1 1 3 3 2 1 0 2 1 0 0 0 0 4 3 4 0 2 0 0 1 2 0 0 0 4 5 4 0 12 1 4
21311690 528 2 3 3 1 0 2 1 0 0 0 0 0 0 2 1 2 3 12 0 1 5 1 2 5 2 3 0 0 0 1
21311691 566 6 1 2 2 1 3 3 1 0 1 1 0 0 0 0 2 2 2 4 3 2 0 3 5 3 0 3 2 12 0 0 1 0 5
21311692 542 6 3 2 1 3 3 2 1 0 1 1 0 0 0 0 1 2 3 12 3 2 0 6 3 1 3 5 5 1 0 3 3 2 0
21311693 488 11 1 3 3 2 1 2 3 1 3 1 2 1 0 2 1 0 0 0 0 4 3 4 1 0 0 0 12 4 2 0 3 6 4 0 3 3 3 3
21311694 499 3 2 3 3 1 0 2 1 0 0 0 0 0 1 2 0 0 4 12 1 3 9 5 1 0 2 4 0 1 0 0
21311695 514 6 1 2 2 3 2 1 1 0 1 1 0 0 0 0 2 3 1 12 4 3 0 5 6 3 0 2 4 3 0 3 0 1 3
21311696 463 1 1 1 0 2 1 0 0 0 0 1 0 0 2 0 0 0 3 1 1 0 3 5 4 5 12 4 2 3
21311697 555 1 3 1 0 1 1 0 0 0 0 0 0 1 1 0 2 12 0 2 4 7 0 3 3 4 0 0 3 4
21311698 514 9 2 2 3 3 1 1 1 2 3 1 0 2 1 0 0 0 0 3 3 3 0 12 2 4 0 3 1 3 0 3 6 3 3 0 3 1
21311699 514 6 3 1 1 1 3 3 1 0 3 1 0 0 0 0 3 0 3 0 0 2 0 2 4 2 12 0 1 6 6 0 2 3 3
21311700 483 8 3 2 1 3 1 3 2 3 1 0 1 1 0 0 0 0 2 2 4 0 0 1 0 0 0 2 3 0 0 12 6 2 1 4 2
21311701 518 2 3 2 1 0 3 1 0 0 0 0 0 1 1 2 6 8 12 1 5 6 2 0 1 0 3 0 0 1 0
21311702 596 4 2 1 2 2 1 0 3 1 0 0 0 0 1 3 0 2 0 0 0 3 1 0 1 6 6 3 4 12 3 5 1
21311703 556 9 1 2 3 1 3 3 2 1 3 1 0 2 1 0 0 0 0 3 2 4 1 2 1 2 0 4 6 3 0 12 6 4 0 0 7 0
21311704 562 2 2 2 1 0 3 1 0 0 0 0 0 2 0 3 3 3 0 4 5 4 0 12 5 4 1 1 0 0 0
21311705 594 6 2 2 1 3 3 2 3 1 4 0.33333333333333331 5 0.33333333333333331 6 0.33333333333333331 1 3 2 0 1 3 7 2 1 5 7 0 0 3 12 0 0 0 1
21311706 497 5 1 1 1 2 1 1 0 2 1 0 0 0 0 4 1 0 3 0 2 12 3 2 6 4 0 4 3 4 0 0 0 3
21311707 548 8 3 1 1 2 2 1 1 3 1 0 3 1 0 0 0 0 4 2 2 3 2 4 0 2 3 12 0 0 4 1 2 0 3 3 0
21311708 593 11 1 3 3 3 1 2 2 3 1 1 2 1 0 2 1 0 0 0 0 4 3 4 0 0 3 2 0 1 6 3 2 3 4 3 3 3 1 12
21311709 551 2 2 1 1 0 3 1 0 0 0 0 1 1 0 4 3 1 0 12 7 4 2 3 4 1 0 0 0 0 2
21311710 476 6 1 3 3 2 3 2 1 0 1 1 0 0 0 0 1 2 3 3 0 1 0 5 0 2 0 5 6 0 0 12 3 3 3
21311711 623 11 2 2 3 2 3 2 1 3 1 1 3 1 0 1 1 0 0 0 0 3 4 4 12 4 4 3 3 5 3 2 1 0 1 0 2 0 3 0
21311712 517 10 2 2 3 2 2 1 1 1 3 1 1 0 3 1 0 0 0 0 4 4 2 0 1 2 6 3 6 6 7 2 3 1 12 3 0 0 0
21311713 526 10 3 2 1 3 3 3 2 2 1 1 1 0 1 1 0 0 0 0 3 3 4 12 2 3 1 6 4 0 2 3 6 3 0 8 0 0 0
21311714 551 7 1 1 3 1 2 3 2 1 0 2 1 0 0 0 0 3 2 2 0 0 1 2 0 3 4 2 5 4 3 1 3 0 4 12
21311716 506 6 3 3 1 1 2 3 1 0 3 1 0 0 0 0 2 1 3 0 2 0 0 12 4 1 2 6 3 2 3 5 4 1 0
21311717 494 10 1 1 2 3 2 3 1 3 1 3 1 0 2 1 0 0 0 0 4 2 4 0 0 2 0 0 0 2 1 0 1 6 4 2 12 7 4
21311718 499 8 2 2 1 3 3 1 3 3 1 0 1 1 0 0 0 0 2 2 4 2 5 5 12 0 7 3 4 0 1 3 0 0 0 0 2
21311719 553 2 2 2 1 0 1 1 0 0 0 0 0 2 0 1 2 0 0 1 6 0 0 4 4 3 3 3 5 12 0
21311720 572 10 2 1 1 2 1 3 3 2 2 3 1 0 1 1 0 0 0 0 3 4 3 12 2 3 0 7 1 0 0 7 5 3 0 3 0 3 6
21311721 568 2 3 1 1 0 3 1 0 0 0 0 1 0 1 0 4 1 2 0 1 4 2 2 12 3 3 0 0 3 0
21311722 548 2 3 3 1 0 2 1 0 0 0 0 0 0 2 1 0 0 1 0 2 0 0 0 3 4 4 0 12 5 3
21311723 551 0 1 0 1 1 0 0 0 0 0 0 0 1 4 7 12 2 2 4 3 0 3 2 3 0 0 1 4
21311724 497 1 2 1 0 2 1 0 0 0 0 0 1 0 3 7 12 1 3 1 5 0 4 0 2 0 3 1 0 0
21311725 510 10 3 1 2 3 1 1 1 3 3 2 1 0 2 1 0 0 0 0 4 2 4 0 5 4 12 2 2 4 3 0 0 3 4 2 0 1 1
21311726 515 8 1 3 2 3 2 3 1 3 1 0 1 1 0 0 0 0 2 2 4 0 0 0 1 0 4 2 4 0 3 3 7 2 4 7 12
21311727 550 1 1 1 0 1 1 0 0 0 0 1 0 0 0 12 7 5 2 3 5 4 2 3 4 3 0 0 0 3
21311729 546 3 2 3 1 1 0 3 1 0 0 0 0 1 1 1 0 0 1 2 3 6 4 3 12 4 3 0 4 1 2 0
21311730 514 0 1 0 1 1 0 0 0 0 0 0 0 2 2 0 1 3 5 5 0 3 2 5 0 3 1 12 0
21311732 557 0 1 0 2 1 0 0 0 0 0 0 0 12 7 4 0 2 7 4 1 1 5 4 0 0 0 3 3
21311733 555 9 1 2 2 3 1 3 1 2 2 1 0 3 1 0 0 0 0 3 4 2 1 2 0 0 0 3 0 0 3 6 1 3 12 6 4 3
21311734 526 11 1 2 1 2 3 2 2 1 3 3 3 1 0 1 1 0 0 0 0 3 4 4 3 5 4 3 0 4 12 4 3 3 3 4 1 2 0 0
21311735 545 0 1 0 2 1 0 0 0 0 0 0 0 0 0 0 2 1 4 1 1 0 3 5 5 0 4 2 12
21311737 532 10 1 1 2 2 3 2 3 1 1 3 1 0 2 1 0 0 0 0 4 3 3 6 2 1 0 12 4 1 3 4 6 2 3 1 4 2 8
21311738 530 4 1 1 3 2 1 0 3 1 0 0 0 0 2 1 1 0 0 0 2 3 0 1 3 2 4 5 1 2 4 4 12
21311739 544 3 3 3 2 1 0 1 1 0 0 0 0 0 1 2 9 2 4 1 8 6 3 0 12 4 3 0 0 0 6 0
21311740 508 1 3 1 0 1 1 0 0 0 0 0 0 1 3 2 7 4 12 6 3 1 7 1 5 2 2 0 0 0
21311741 581 8 1 2 2 3 3 3 2 3 1 0 2 1 0 0 0 0 1 3 4 0 3 1 0 1 4 3 3 0 12 5 3 1 0 0 0
21311742 515 5 2 3 3 1 3 1 0 2 1 0 0 0 0 1 1 3 1 4 5 1 0 0 2 7 2 0 4 12 0 2 1 1
21311743 582 0 1 0 2 1 0 0 0 0 0 0 0 0 1 3 12 0 1 4 7 2 3 5 3 0 1 2 0
21311744 569 7 2 2 1 2 3 1 1 1 0 2 1 0 0 0 0 3 3 1 0 3 0 0 3 4 4 1 3 5 6 12 0 3 2 1
21311745 599 10 3 2 2 2 3 1 1 1 2 3 1 0 1 1 0 0 0 0 3 4 3 2 0 0 0 6 1 12 0 4 5 1 3 2 3 3 0
21311746 569 2 3 3 1 0 1 1 0 0 0 0 0 0 2 0 2 1 0 2 0 3 0 3 12 6 3 0 3 4 4
21311747 494 7 1 1 2 2 3 2 1 1 0 1 1 0 0 0 0 3 3 1 0 2 5 1 2 3 4 6 3 0 0 12 0 0 3 3
21311748 532 8 3 3 1 2 3 1 1 2 1 0 3 1 0 0 0 0 3 2 3 0 0 1 0 2 4 3 12 0 3 4 4 0 3 3 2
21311749 599 10 3 3 1 2 3 2 2 3 1 2 1 0 1 1 0 0 0 0 2 4 4 2 3 0 0 1 4 1 0 4 6 4 2 12 7 3 1
21311750 530 3 3 3 1 1 0 1 1 0 0 0 0 1 0 2 6 12 2 2 8 7 4 0 3 2 0 0 1 0 0 0
21311751 529 5 3 1 3 1 2 1 0 3 1 0 0 0 0 2 1 2 0 3 3 12 1 5 4 7 3 3 0 5 2 2 0 0
21311752 542 4 2 1 3 3 1 0 1 1 0 0 0 0 1 1 2 0 7 5 12 0 4 3 5 2 3 0 3 1 2 0 0
21311753 540 0 1 0 2 1 0 0 0 0 0 0 0 4 6 5 8 0 2 12 3 1 0 0 3 0 0 1 0
21311754 632 2 3 2 1 0 1 1 0 0 0 0 0 1 1 0 0 0 2 1 3 6 3 0 1 3 3 2 4 5 12
21311755 520 11 1 1 2 3 3 1 3 2 2 2 1 1 0 3 1 0 0 0 0 4 4 3 12 8 3 3 5 4 3 0 1 6 0 0 2 0 0 0
21311756 566 0 3 1 7 0.33333333333333331 8 0.33333333333333331 9 0.33333333333333331 0 0 0 1 4 6 2 3 4 4 12 3 3 5 3 3 0 0 0
21311757 457 7 2 3 1 3 1 2 1 1 0 2 1 0 0 0 0 3 2 2 0 12 8 4 0 3 5 4 0 5 3 3 3 0 1 2
21311758 500 7 3 1 1 3 3 2 3 1 0 2 1 0 0 0 0 2 1 4 2 0 0 0 3 3 1 1 7 5 4 2 12 8 4 0
21311759 541 5 1 1 2 3 3 1 0 3 1 0 0 0 0 2 1 2 2 0 3 0 12 4 0 0 4 2 3 2 1 1 6 3
21311761 649 7 3 2 3 2 3 2 1 1 0 3 1 0 0 0 0 1 3 3 1 0 0 0 0 2 1 0 5 5 7 0 12 3 3 1
21311762 507 2 1 2 1 0 2 1 0 0 0 0 1 1 0 4 8 1 0 12 4 2 3 5 3 0 3 0 0 1 0
21311764 521 8 2 1 3 2 1 3 2 1 1 0 1 1 0 0 0 0 3 3 2 3 0 0 0 0 0 12 3 3 5 6 4 3 6 2 4
21311765 449 2 2 2 1 0 1 1 0 0 0 0 0 2 0 5 4 3 0 12 4 5 0 3 1 1 3 2 0 0 0
21311766 478 11 2 2 1 1 2 3 1 3 3 1 2 1 0 3 1 0 0 0 0 4 4 3 1 2 3 12 0 1 3 5 0 0 1 5 0 3 2 2
21311767 596 9 3 2 2 3 1 3 1 1 2 1 0 2 1 0 0 0 0 3 3 3 0 2 0 1 0 5 3 0 3 1 3 4 0 3 12 4
21311768 525 6 3 1 1 3 2 3 1 0 2 1 0 0 0 0 2 1 3 0 1 3 4 0 0 3 6 3 2 2 12 0 0 0 1
21311769 505 3 2 1 3 1 0 1 1 0 0 0 0 1 1 1 0 2 0 0 0 3 1 2 3 4 3 3 0 12 7 4
21311770 536 9 1 2 3 2 3 2 2 1 3 1 0 1 1 0 0 0 0 2 4 3 2 3 7 12 1 2 6 8 1 4 3 1 3 0 0 0
21311771 515 6 2 3 1 2 1 2 1 0 3 1 0 0 0 0 2 3 1 3 3 1 0 7 5 3 0 12 4 6 3 0 0 3 0
21311772 620 8 2 1 1 1 2 3 2 3 1 0 3 1 0 0 0 0 3 3 2 12 8 5 0 3 4 4 0 1 5 3 3 0 0 0 2
21311773 610 2 1 2 1 0 2 1 0 0 0 0 1 1 0 3 4 0 1 5 4 2 0 12 4 4 0 0 1 0 0
21311774 583 6 3 3 3 2 2 2 1 0 1 1 0 0 0 0 0 3 3 1 2 4 12 1 3 5 1 0 3 7 2 0 0 1 4
21311775 516 3 3 2 1 1 0 2 1 0 0 0 0 1 1 1 12 4 4 8 6 6 0 0 3 4 3 2 0 1 1 0
21311776 592 7 2 2 1 3 1 2 1 1 0 1 1 0 0 0 0 3 3 1 2 3 3 0 5 4 0 2 12 3 1 0 3 0 0 0
21311777 482 5 1 3 1 3 1 3 1 7 0.33333333333333331 8 0.33333333333333331 9 0.33333333333333331 3 0 2 0 2 0 2 4 6 2 0 2 4 12 0 1 3 3 5
21311778 613 11 3 1 1 2 1 2 3 1 3 2 2 1 0 3 1 0 0 0 0 4 4 3 3 2 1 3 0 3 3 5 0 5 1 12 0 0 0 2
21311779 539 1 1 1 0 2 1 0 0 0 0 1 0 0 0 1 5 2 1 5 6 3 2 3 6 12 0 3 0 0
21311781 603 1 2 1 0 3 1 0 0 0 0 0 1 0 12 1 3 0 3 6 5 1 2 4 3 0 1 2 0 3
21311782 580 0 1 0 3 1 0 0 0 0 0 0 0 4 4 2 0 2 3 4 0 1 3 12 0 0 4 3 1
21311783 524 3 3 3 1 1 0 2 1 0 0 0 0 1 0 2 0 12 6 2 0 4 6 1 0 1 2 0 3 3 3 0
21311784 503 0 1 0 3 1 0 0 0 0 0 0 0 0 1 12 3 0 3 5 2 2 4 4 1 0 0 3 0
21311785 572 11 3 2 1 1 2 1 3 1 2 2 3 3 1 7 0.33333333333333331 8 0.33333333333333331 9 0.33333333333333331 4 4 3 0 3 5 12 0 0 5 7 3 0 3 3 3 0 0 0
21311786 575 3 3 3 2 1 0 2 1 0 0 0 0 0 1 2 0 3 0 0 12 3 1 1 5 4 6 0 3 6 3 0
21311787 524 7 1 2 1 2 3 3 3 1 0 1 1 0 0 0 0 2 2 3 3 0 0 0 0 2 7 3 1 2 6 4 3 5 7 12
21311788 654 9 2 3 3 3 1 3 2 1 1 1 0 2 1 0 0 0 0 3 2 4 1 0 3 0 2 3 5 12 0 1 4 5 0 2 3 4
21311789 577 9 2 1 3 2 2 2 3 3 1 1 0 3 1 0 0 0 0 2 4 3 5 4 12 1 3 4 3 7 1 4 2 0 1 3 0 0
21311790 542 8 3 1 1 2 1 3 3 2 1 0 1 1 0 0 0 0 3 2 3 0 2 0 0 2 0 0 3 3 5 4 3 0 4 5 12
21311791 529 4 1 3 1 2 1 0 1 1 0 0 0 0 2 1 1 0 0 2 0 3 2 1 3 0 4 0 2 4 6 12 3
21311792 583 2 3 2 1 0 1 1 0 0 0 0 0 1 1 1 8 0 3 5 3 4 0 7 4 3 0 12 6 2 0
21311793 567 1 3 1 0 2 1 0 0 0 0 0 0 1 0 4 7 12 1 7 4 4 2 3 1 3 0 0 0 3
21311794 502 0 1 0 1 1 0 0 0 0 0 0 0 3 3 3 1 2 4 5 3 0 2 3 12 0 0 3 0
21311795 623 8 3 1 3 2 2 1 1 3 1 0 2 1 0 0 0 0 3 2 3 0 0 2 3 3 4 2 0 12 3 7 1 1 4 3 0
21311796 527 0 1 0 2 1 0 0 0 0 0 0 0 3 0 0 0 1 0 3 0 2 4 1 2 6 12 3 1
21311797 564 1 2 1 0 1 1 0 0 0 0 0 1 0 12 5 5 3 3 3 0 1 4 0 0 2 0 0 0 3
21311798 558 10 2 3 1 3 2 1 1 3 2 1 1 0 3 1 0 0 0 0 4 3 3 2 0 1 0 2 3 5 0 3 5 1 2 12 3 3 0
21311799 562 1 2 1 0 3 1 0 0 0 0 0 1 0 7 6 0 0 12 0 0 1 8 7 0 0 5 3 3 0
21311800 569 9 3 3 3 2 1 1 2 2 1 1 0 3 1 0 0 0 0 3 3 3 1 0 4 12 0 1 7 4 0 2 3 3 0 2 2 1
