21311367 1467 2 3 1 1 0 3 1 0 0 0 0 1 0 1 9 6 2 3 14 7 0 0 8 2 6 3 1 9 5 4
21311371 1419 7 2 2 3 3 1 1 2 1 0 1 1 0 0 0 0 2 3 2 2 5 14 3 9 3 7 6 3 4 4 6 0 3 0 1
21311382 1514 4 1 3 3 1 3 1 8 0.33333333333333331 9 0.33333333333333331 10 0.33333333333333331 2 0 2 4 1 1 3 2 14 2 3 3 8 6 3 2 6 8 2
21311383 1343 0 1 0 1 1 0 0 0 0 0 0 0 4 9 3 2 2 14 0 0 3 6 7 2 3 1 1 0
21311386 1450 9 1 3 3 2 2 3 1 2 1 1 0 2 1 0 0 0 0 3 3 3 0 3 2 2 0 1 3 5 0 3 14 1 1 6 3 3
21311389 1269 9 3 2 1 2 3 3 3 1 1 1 0 2 1 0 0 0 0 3 2 4 5 3 8 3 2 1 2 14 0 1 3 8 5 1 3 2
21311391 1374 2 1 3 1 0 2 1 0 0 0 0 1 0 1 1 3 1 4 2 4 14 6 2 7 4 4 0 2 0 1
21311392 1269 1 1 1 0 3 1 0 0 0 0 1 0 0 2 3 10 14 0 0 7 5 2 1 3 7 0 0 2 1
21311397 1382 10 1 2 2 3 3 1 2 2 1 3 1 0 1 1 0 0 0 0 3 4 3 0 0 0 3 0 3 0 3 0 1 4 14 2 0 3 5
21311411 1486 7 3 1 1 2 3 3 2 1 0 1 1 0 0 0 0 2 2 3 2 2 14 1 4 4 4 4 0 0 2 1 0 0 3 3
21311416 1531 2 2 3 1 0 2 1 0 0 0 0 0 1 1 5 5 6 0 14 9 1 2 3 1 1 7 3 0 0 0
21311417 1568 9 1 2 1 1 3 2 3 2 1 1 0 3 1 0 0 0 0 4 3 2 9 3 6 2 14 7 3 0 4 3 0 3 3 1 3 2
21311426 1551 3 2 2 3 1 0 1 1 0 0 0 0 0 2 1 1 6 0 0 4 5 1 2 14 3 4 0 4 3 0 0
21311427 1208 2 3 2 1 0 3 1 0 0 0 0 0 1 1 4 4 6 14 1 3 5 1 2 3 1 2 3 0 0 0
21311431 1455 2 2 2 1 0 2 1 0 0 0 0 0 2 0 0 0 0 1 7 3 2 5 0 14 5 1 1 1 7 3
21311436 1735 7 3 1 3 1 1 3 2 1 0 2 1 0 0 0 0 3 1 3 3 7 3 6 1 14 3 0 2 9 6 3 8 0 2 3
21311438 1351 4 3 2 3 3 3 1 4 0.33333333333333331 5 0.33333333333333331 6 0.33333333333333331 0 1 3 1 1 0 1 2 6 1 0 3 14 0 0 6 4 2 2
21311444 1471 4 2 1 2 3 1 0 2 1 0 0 0 0 1 2 1 8 1 1 0 14 2 0 0 4 3 4 6 5 4 0 1
21311451 1447 1 3 1 0 2 1 0 0 0 0 0 0 1 2 4 14 4 0 0 3 3 0 1 3 4 0 0 1 0
21311456 1445 2 3 2 3 1 8 0.33333333333333331 9 0.33333333333333331 10 0.33333333333333331 0 1 1 3 0 0 0 2 2 0 0 14 1 1 1 6 3 4 0
21311465 1540 7 3 2 3 1 2 3 3 1 0 1 1 0 0 0 0 1 2 4 2 0 0 0 4 0 2 0 6 4 1 0 14 4 0 1
21311472 1405 2 3 1 1 0 2 1 0 0 0 0 1 0 1 0 0 3 4 2 3 3 14 0 0 1 5 0 3 5 3
21311474 1569 6 2 3 1 2 2 1 3 1 6 0.33333333333333331 7 0.33333333333333331 8 0.33333333333333331 2 3 1 1 3 2 0 3 6 4 3 14 6 0 1 3 3 0 0
21311478 1677 7 1 1 3 1 2 2 3 3 1 9 0.33333333333333331 10 0.33333333333333331 11 0.33333333333333331 3 2 2 3 1 6 2 3 3 4 3 0 2 14 8 10 0 0 6
21311480 1292 8 1 3 2 3 1 3 2 1 1 0 3 1 0 0 0 0 3 2 3 10 14 3 1 7 5 1 0 4 2 2 0 0 2 0 0
21311485 1391 5 1 2 3 2 1 1 0 3 1 0 0 0 0 2 2 1 1 14 4 2 1 5 4 7 3 4 6 2 3 0 0 0
21311491 1467 7 3 1 3 3 1 1 2 1 0 1 1 0 0 0 0 3 1 3 1 14 5 3 2 2 7 5 2 0 4 4 0 0 2 3
21311494 1506 9 1 1 3 2 1 2 3 2 3 1 0 3 1 0 0 0 0 3 3 3 1 5 3 2 3 6 5 4 14 5 0 0 3 5 2 1
21311501 1314 8 2 2 2 1 3 3 3 1 1 0 2 1 0 0 0 0 2 3 3 3 6 1 0 14 9 3 1 1 2 4 3 0 4 5 3
