21310755 1146 0 1 0 3 1 0 0 0 0 0 0 0 0 0 0 1 1 0 2 0 8 5 3 3 2 3 5 14
21310760 1300 7 3 1 3 2 3 1 2 1 0 1 1 0 0 0 0 2 2 3 0 2 2 3 0 3 4 14 1 0 6 4 0 0 1 2
21310763 1361 7 2 2 1 3 1 2 3 1 0 1 1 0 0 0 0 2 3 2 0 0 0 6 0 3 4 2 7 7 6 4 0 1 3 14
21310765 1219 8 1 2 1 3 3 3 2 2 1 0 2 1 0 0 0 0 2 3 3 0 5 5 4 2 5 14 3 3 0 1 1 1 0 0 0
21310766 1601 4 3 2 3 3 3 1 4 0.33333333333333331 5 0.33333333333333331 6 0.33333333333333331 0 1 3 4 3 1 0 14 1 1 0 2 3 1 0 4 3 2 2
21310770 1616 7 3 1 3 3 1 2 1 1 0 2 1 0 0 0 0 3 1 3 2 3 14 4 2 3 5 4 0 0 1 4 0 3 0 0
21310780 1308 5 2 3 3 2 1 1 0 1 1 0 0 0 0 1 2 2 3 10 3 3 1 6 3 4 3 2 3 14 0 0 3 0
21310783 1234 11 2 1 1 3 2 3 1 2 2 3 1 1 0 3 1 0 0 0 0 4 4 3 0 1 8 4 0 8 14 1 2 7 6 4 2 5 3 3
21310788 1485 4 3 2 1 2 3 1 7 0.33333333333333331 8 0.33333333333333331 9 0.33333333333333331 1 2 1 5 3 0 3 6 3 1 1 14 6 0 0 3 5 2 0
21310790 1481 2 3 1 1 0 2 1 0 0 0 0 1 0 1 0 0 0 3 2 3 6 1 0 9 0 14 0 1 6 2
21310793 1589 2 3 2 1 0 3 1 0 0 0 0 0 1 1 4 4 5 1 2 14 2 0 4 1 6 3 1 4 0 0
21310796 1480 5 3 2 3 3 1 1 0 1 1 0 0 0 0 1 1 3 1 2 0 0 4 3 3 0 2 7 6 4 3 14 3 4
21310800 1706 1 3 1 0 3 1 0 0 0 0 0 0 1 1 14 3 3 1 7 5 0 3 2 2 2 4 0 1 0
21310807 1441 7 3 2 3 3 2 1 1 1 0 1 1 0 0 0 0 2 2 3 3 6 2 3 2 14 4 2 6 3 4 1 1 3 0 0
21310812 1515 6 1 3 3 2 3 2 1 0 3 1 0 0 0 0 1 2 3 0 0 1 3 0 5 1 2 1 6 14 5 2 1 8 2
21310815 1473 7 1 1 1 2 2 3 1 1 0 2 1 0 0 0 0 4 2 1 2 14 3 2 6 1 8 5 4 3 3 3 3 2 1 0
21310825 1239 9 2 1 3 2 2 2 1 3 3 1 0 1 1 0 0 0 0 2 4 3 3 3 7 3 0 6 5 14 0 4 5 4 0 1 6 4
21310827 1342 8 1 2 1 1 2 2 1 3 1 0 2 1 0 0 0 0 4 3 1 1 14 3 3 3 5 3 8 1 2 4 2 6 0 0 3
21310833 1531 9 1 1 3 3 2 3 2 2 1 1 0 1 1 0 0 0 0 3 3 3 3 9 7 4 7 14 3 3 3 3 3 0 2 0 0 3
21310842 1530 9 3 3 2 1 1 2 1 2 3 1 0 3 1 0 0 0 0 3 3 3 2 2 0 0 5 1 3 0 3 9 1 0 14 2 5 1
21310845 1338 6 1 2 3 2 2 3 1 0 1 1 0 0 0 0 1 3 2 1 3 5 4 2 0 0 14 3 1 3 4 0 0 4 3
21310850 1318 11 3 1 2 2 1 2 1 3 1 3 2 1 0 3 1 0 0 0 0 4 4 3 3 0 1 2 0 3 14 4 6 4 8 9 3 5 7 4
21310857 1289 11 3 1 3 2 2 1 2 1 1 3 3 1 0 2 1 0 0 0 0 4 3 4 1 3 14 1 0 2 3 5 0 2 3 2 0 3 1 3
21310861 1431 0 1 0 3 1 0 0 0 0 0 0 0 4 1 3 2 14 2 1 3 3 4 7 3 3 8 0 0
21310864 1337 4 2 1 2 1 1 0 1 1 0 0 0 0 2 2 0 4 3 0 0 14 0 3 0 7 5 7 0 6 5 2 3
21310868 1344 8 1 3 3 2 2 1 2 3 1 0 1 1 0 0 0 0 2 3 3 5 14 2 0 2 4 4 0 3 0 1 2 0 0 1 1
21310872 1471 6 3 2 1 3 1 2 1 0 2 1 0 0 0 0 2 2 2 4 0 2 0 1 1 3 0 14 3 4 0 4 2 3 1
21310875 1142 0 1 0 2 1 0 0 0 0 0 0 0 3 2 4 5 0 0 6 14 0 5 1 1 3 3 2 1
21310876 1342 3 2 3 1 1 0 1 1 0 0 0 0 1 1 1 0 0 2 0 0 2 3 0 1 5 6 3 3 4 14 3
21310880 1401 0 1 0 1 1 0 0 0 0 0 0 0 2 2 1 14 3 6 3 1 0 4 7 3 0 0 5 2
21310883 1542 10 1 3 3 2 3 2 2 1 1 3 1 0 1 1 0 0 0 0 3 3 4 4 2 2 14 0 5 3 3 1 1 2 1 0 3 0 2
21310886 1300 5 1 1 3 1 2 1 0 3 1 0 0 0 0 3 1 1 1 7 4 0 4 9 3 0 14 5 3 3 2 2 3 2
21310891 1109 2 3 3 1 0 1 1 0 0 0 0 0 0 2 3 2 4 2 6 5 1 3 14 3 0 0 4 2 1 0
