21310297 1403 9 1 1 2 2 1 2 3 2 3 1 0 3 1 0 0 0 0 3 4 2 1 3 4 1 0 3 6 14 0 4 3 7 3 6 2 4
21310300 1520 0 3 1 4 0.33333333333333331 5 0.33333333333333331 6 0.33333333333333331 0 0 0 3 2 2 0 14 4 0 0 4 3 3 4 3 1 1 0
21310301 1362 3 1 3 1 1 0 2 1 0 0 0 0 2 0 1 1 2 0 2 0 3 4 7 3 7 0 3 1 5 14 2
21310303 1290 9 2 3 2 3 1 3 1 1 2 1 0 2 1 0 0 0 0 3 3 3 0 3 0 3 0 0 3 2 1 0 3 14 3 6 1 3
21310305 1437 6 1 2 1 2 3 1 1 0 2 1 0 0 0 0 3 2 1 3 6 2 2 8 1 6 9 0 3 14 4 7 3 3 1
21310307 1534 7 2 3 1 3 2 1 2 1 0 1 1 0 0 0 0 2 3 2 0 0 9 2 0 0 0 3 3 4 14 6 1 4 6 4
21310308 1086 8 2 1 3 2 2 1 3 1 1 0 3 1 0 0 0 0 3 3 2 0 0 0 1 0 0 3 4 0 0 5 14 2 4 10 4
21310310 1610 10 1 3 2 2 3 2 1 3 1 1 1 0 2 1 0 0 0 0 4 3 3 3 1 4 1 0 3 14 9 7 4 5 2 3 6 4 2
21310313 1427 10 1 2 1 3 2 2 3 2 3 1 1 0 3 1 0 0 0 0 3 4 3 0 0 0 2 4 3 5 1 1 3 3 14 0 0 4 8
21310316 1346 0 1 0 3 1 0 0 0 0 0 0 0 0 0 1 2 0 1 3 1 3 0 3 14 2 2 5 3
21310317 1470 10 3 2 1 2 2 3 1 3 1 3 1 0 1 1 0 0 0 0 3 3 4 0 2 0 14 0 1 5 4 0 0 4 3 2 0 3 3
21310321 1427 11 1 1 3 1 3 3 2 1 3 2 2 1 0 2 1 0 0 0 0 4 3 4 0 4 0 2 1 14 3 1 3 7 5 3 0 2 1 2
21310329 1421 4 1 3 3 1 1 0 1 1 0 0 0 0 2 0 2 0 0 3 2 0 0 2 7 3 4 4 14 2 2 4 1
21310334 1235 6 1 3 2 2 2 3 1 0 1 1 0 0 0 0 1 3 2 1 7 3 0 4 7 6 4 14 9 0 2 4 3 1 0
21310335 1263 7 2 2 1 1 3 3 1 1 0 3 1 0 0 0 0 3 2 2 0 0 2 0 4 3 0 0 4 3 3 0 14 4 4 3
21310346 1515 5 2 3 2 1 3 1 0 1 1 0 0 0 0 1 2 2 0 2 4 4 0 3 5 14 1 4 3 6 0 0 0 3
21310350 1177 9 3 2 2 3 1 1 2 3 2 1 0 1 1 0 0 0 0 2 4 3 0 4 3 0 1 8 2 4 0 9 14 3 1 4 3 3
21310367 1344 3 3 1 1 1 0 3 1 0 0 0 0 2 0 1 3 2 4 1 3 3 5 0 14 2 2 2 8 1 8 3
21310371 1481 11 3 3 1 1 3 1 2 2 3 2 2 1 0 1 1 0 0 0 0 3 4 4 4 14 2 1 4 5 3 0 3 1 5 0 2 0 0 0
21310372 1421 0 3 1 5 0.33333333333333331 6 0.33333333333333331 7 0.33333333333333331 0 0 0 2 3 9 0 1 8 4 1 3 14 2 0 3 3 5 0
21310373 1480 4 1 2 3 2 1 0 3 1 0 0 0 0 1 2 1 2 1 0 1 0 3 2 5 3 4 4 3 3 1 14 7
21310376 1206 3 3 2 2 1 0 2 1 0 0 0 0 0 2 1 1 4 14 5 1 3 6 3 0 4 1 0 0 3 3 0
21310379 1325 0 1 0 1 1 0 0 0 0 0 0 0 0 0 8 1 2 4 6 4 0 0 3 14 3 2 0 4
21310389 1293 1 3 3 1 9 0.33333333333333331 10 0.33333333333333331 11 0.33333333333333331 0 0 1 14 8 3 2 5 6 1 0 3 3 0 0 0 3 0 0
21310390 1464 2 3 2 1 0 2 1 0 0 0 0 0 1 1 0 0 3 3 3 1 6 4 0 5 7 14 1 0 3 3
21310397 1240 1 2 1 0 3 1 0 0 0 0 0 1 0 2 3 2 3 14 4 1 1 4 6 5 1 4 3 3 0
21310401 1301 10 1 2 1 3 3 2 3 2 1 1 1 0 3 1 0 0 0 0 4 3 3 0 4 4 4 0 2 2 2 0 8 14 9 3 1 1 3
21310402 1289 4 2 3 1 1 1 0 2 1 0 0 0 0 2 1 1 2 2 6 9 3 0 14 1 1 3 1 5 0 4 6 2
21310412 1480 2 2 3 1 0 1 1 0 0 0 0 0 1 1 3 2 14 3 1 2 8 5 0 4 1 3 2 0 0 1
21310414 1306 8 3 3 2 1 2 2 1 3 1 0 1 1 0 0 0 0 2 3 3 1 3 4 1 2 5 14 3 2 4 6 8 1 3 0 2
21310415 1180 6 1 3 2 1 3 2 1 0 3 1 0 0 0 0 2 2 2 0 4 1 3 0 1 9 3 4 3 5 4 2 2 6 14
21310423 1501 5 1 3 3 1 2 1 0 3 1 0 0 0 0 2 1 2 0 1 2 0 2 0 3 3 1 5 4 14 0 2 3 4
21310425 1380 1 1 1 0 1 1 0 0 0 0 1 0 0 3 4 6 3 0 3 5 14 2 2 6 3 0 1 3 2
21310427 1381 6 1 1 2 1 3 2 1 0 2 1 0 0 0 0 3 2 1 0 4 1 2 4 5 0 0 14 9 3 0 5 4 4 0
21310431 1382 6 1 1 2 3 2 3 1 0 1 1 0 0 0 0 2 2 2 0 2 1 3 3 6 3 2 1 5 5 7 0 2 7 14
