21310001 1466 7 3 1 1 2 3 1 2 1 0 3 1 0 0 0 0 3 2 2 2 0 0 2 3 3 3 2 9 9 5 3 1 14 9 1
21310002 1434 3 1 2 1 1 0 2 1 0 0 0 0 2 1 0 0 3 3 0 2 8 6 1 3 3 8 3 3 3 6 14
21310018 1703 8 1 1 1 2 2 3 3 2 1 0 1 1 0 0 0 0 3 3 2 2 3 0 3 3 1 0 0 14 3 0 0 4 5 2 3
21310023 1455 10 2 3 2 2 3 1 1 1 1 3 1 0 2 1 0 0 0 0 4 3 3 2 14 3 3 1 3 4 1 3 6 3 0 2 4 0 0
21310027 1281 6 1 2 3 1 2 3 1 0 1 1 0 0 0 0 2 2 2 0 0 3 4 0 2 4 14 3 0 7 8 0 0 1 2
21310032 1504 9 2 3 2 1 3 3 1 3 1 1 0 1 1 0 0 0 0 3 2 4 2 0 0 2 2 1 3 5 3 4 5 6 4 14 8 3
21310033 1482 4 1 3 3 2 3 1 4 0.33333333333333331 5 0.33333333333333331 6 0.33333333333333331 1 1 2 0 0 0 2 0 0 3 1 2 1 4 14 4 3 5 3
21310034 1326 4 3 1 2 3 1 0 3 1 0 0 0 0 1 1 2 1 3 0 0 3 4 2 3 14 7 4 2 3 8 1 6
21310053 1357 11 3 1 2 1 2 1 3 3 2 2 1 1 0 3 1 0 0 0 0 4 4 3 3 14 3 2 5 1 2 3 4 1 0 0 2 0 0 1
21310056 1274 3 3 1 3 1 0 3 1 0 0 0 0 1 0 2 2 3 0 0 8 3 2 0 14 5 0 1 1 7 4 2
21310062 1402 2 2 1 1 0 3 1 0 0 0 0 1 1 0 14 3 7 4 5 4 3 2 0 0 1 0 0 3 0 0
21310069 1607 5 1 2 1 2 1 1 0 3 1 0 0 0 0 3 2 0 3 14 2 8 3 0 3 2 3 1 5 5 2 0 1 0
21310070 1393 9 3 1 1 1 3 2 3 2 2 1 0 2 1 0 0 0 0 3 3 3 6 7 14 0 4 5 3 0 4 0 0 0 3 1 0 3
21310074 1246 2 3 2 1 0 1 1 0 0 0 0 0 1 1 0 1 2 0 0 2 5 0 3 0 8 4 3 14 1 5
21310085 1459 3 1 2 2 1 0 3 1 0 0 0 0 1 2 0 3 1 3 5 0 4 14 5 0 9 6 4 0 1 2 4
21310091 1438 4 2 3 3 1 1 0 2 1 0 0 0 0 1 1 2 14 4 0 0 6 5 4 0 8 4 2 0 4 3 1 1
21310108 1535 11 1 1 2 2 1 3 2 3 3 1 3 1 0 2 1 0 0 0 0 4 3 4 3 0 1 0 3 5 3 0 2 14 6 1 7 3 7 2
21310109 1494 3 1 2 1 1 0 1 1 0 0 0 0 2 1 0 1 0 3 2 4 2 6 3 2 14 4 8 6 3 3 4
21310114 1611 9 2 2 2 3 1 1 3 3 3 1 0 1 1 0 0 0 0 2 3 4 3 0 1 2 4 0 1 0 14 4 2 0 1 4 2 3
21310116 1418 10 3 3 1 1 1 2 2 3 2 1 1 0 2 1 0 0 0 0 4 3 3 0 0 3 1 0 3 2 9 3 1 8 14 2 3 8 3
21310119 1171 3 3 1 1 1 0 1 1 0 0 0 0 2 0 1 0 0 2 2 3 2 0 3 2 8 8 1 3 3 14 3
21310122 1243 6 2 1 1 3 2 3 1 0 3 1 0 0 0 0 2 2 2 0 4 14 3 1 3 7 3 0 3 5 6 8 2 4 0
21310126 1488 8 2 1 3 1 2 2 3 1 1 0 2 1 0 0 0 0 3 3 2 1 6 14 3 1 2 3 4 9 4 6 6 0 0 0 3
21310129 1506 3 1 3 2 1 0 2 1 0 0 0 0 1 1 1 2 2 9 4 1 4 14 3 1 1 7 2 0 0 1 3
