21310602 857 6 3 3 2 2 1 3 1 0 1 1 0 0 0 0 1 2 3 0 1 2 1 6 5 1 6 2 7 4 2 4 3 13 3
21310603 908 7 1 1 1 3 3 3 2 1 0 3 1 0 0 0 0 3 1 3 2 2 1 2 6 2 13 3 3 3 3 1 2 1 0 0
21310604 901 3 3 2 3 1 0 1 1 0 0 0 0 0 1 2 2 0 0 0 3 0 7 3 2 4 3 1 13 1 5 0
21310605 976 9 1 2 3 1 2 3 3 1 1 1 0 2 1 0 0 0 0 4 2 3 3 13 5 3 1 6 7 0 3 0 2 3 0 2 0 0
21310608 834 10 3 2 1 1 3 3 2 1 3 1 1 0 2 1 0 0 0 0 4 2 4 3 0 3 2 3 0 1 0 3 4 4 0 3 13 2 0
21310609 1008 8 2 1 1 1 1 2 3 3 1 0 3 1 0 0 0 0 4 2 2 0 3 2 2 2 1 4 2 3 4 1 0 13 5 3 0
21310612 1046 7 3 1 3 1 1 2 1 1 0 3 1 0 0 0 0 4 1 2 0 2 0 2 2 5 9 0 3 6 5 0 13 3 3 0
21310613 751 1 2 1 0 2 1 0 0 0 0 0 1 0 0 0 1 0 0 1 3 3 3 5 0 0 13 8 7 3
21310614 746 0 1 0 2 1 0 0 0 0 0 0 0 0 2 0 0 4 3 3 0 7 7 4 1 13 3 3 1
21310616 930 0 1 0 3 1 0 0 0 0 0 0 0 3 0 0 0 3 13 0 0 6 5 4 3 2 1 3 0
21310617 888 8 2 1 2 2 1 3 1 2 1 0 3 1 0 0 0 0 3 4 1 1 7 4 3 3 7 7 5 1 3 5 2 0 4 4 13
21310619 927 5 3 2 1 3 1 1 0 2 1 0 0 0 0 2 1 2 2 0 2 0 0 1 4 3 1 3 5 3 0 3 5 13
21310620 894 5 3 2 3 1 2 1 0 2 1 0 0 0 0 1 2 2 1 0 0 0 13 4 3 0 5 3 0 0 4 0 3 1
21310621 992 0 1 0 2 1 0 0 0 0 0 0 0 1 2 4 3 2 2 4 3 13 6 1 0 3 1 3 1
21310622 864 0 1 0 3 1 0 0 0 0 0 0 0 8 4 4 4 0 2 13 4 0 3 0 3 0 0 1 0
21310625 967 1 3 1 0 3 1 0 0 0 0 0 0 1 3 0 3 0 4 4 5 1 5 8 4 2 13 6 5 3
21310626 905 5 3 3 2 3 2 1 0 3 1 0 0 0 0 0 2 3 3 13 1 0 4 4 3 0 3 4 6 0 2 1 0 1
21310627 921 8 1 1 1 3 3 2 3 3 1 0 1 1 0 0 0 0 3 1 4 0 13 3 2 2 5 3 0 1 3 4 2 0 0 0 2
21310628 878 11 1 3 2 1 2 1 3 2 1 2 3 1 0 3 1 0 0 0 0 4 4 3 0 2 3 13 3 2 3 6 4 3 5 1 1 1 3 2
21310629 871 3 3 1 2 3 1 6 0.33333333333333331 7 0.33333333333333331 8 0.33333333333333331 1 1 1 3 1 1 0 0 4 0 0 0 3 13 3 2 5 2 3
21310630 920 6 3 1 3 2 1 2 1 0 3 1 0 0 0 0 2 2 2 4 3 1 3 2 6 13 2 0 1 0 4 0 6 1 2
21310631 960 8 1 3 1 2 3 3 3 2 1 0 2 1 0 0 0 0 2 2 4 1 1 4 13 2 5 4 3 0 3 2 3 0 0 0 1
21310632 1036 1 2 1 0 2 1 0 0 0 0 0 1 0 1 0 0 0 6 9 5 3 1 6 3 3 13 4 3 0
21310634 964 0 1 0 1 1 0 0 0 0 0 0 0 6 3 4 1 4 6 4 4 13 7 3 0 2 2 0 0
21310638 883 5 1 1 3 3 2 1 0 1 1 0 0 0 0 2 1 2 2 1 3 2 0 2 7 2 5 3 6 3 0 4 1 13
21310640 875 8 2 2 3 3 1 2 2 3 1 0 3 1 0 0 0 0 1 4 3 0 13 5 4 1 3 3 3 0 9 1 3 0 1 4 0
21310641 846 0 1 0 3 1 0 0 0 0 0 0 0 13 6 5 0 2 1 0 0 0 1 0 3 0 2 0 0
21310643 879 11 1 2 3 2 2 3 1 2 3 3 1 1 0 1 1 0 0 0 0 3 4 4 1 0 3 0 0 4 2 13 0 3 5 1 0 2 4 4
21310645 934 8 1 2 1 3 2 3 2 2 1 0 3 1 0 0 0 0 2 4 2 0 2 1 1 3 5 6 7 1 4 4 13 0 0 3 0
21310646 907 3 2 2 3 1 0 1 1 0 0 0 0 0 2 1 3 3 3 13 1 5 8 8 0 0 6 3 0 0 0 3
21310648 853 5 2 2 1 2 1 1 0 2 1 0 0 0 0 2 3 0 1 0 0 0 13 3 4 3 5 1 4 0 4 2 3 1
21310649 1025 0 1 0 2 1 0 0 0 0 0 0 0 0 7 0 3 0 2 6 7 1 7 3 3 3 1 8 13
21310650 841 3 2 3 1 1 0 1 1 0 0 0 0 1 1 1 2 0 1 2 6 3 1 2 2 3 4 0 3 13 1 3
21310652 955 3 2 1 2 1 0 1 1 0 0 0 0 1 2 0 0 0 0 3 0 0 2 3 1 0 13 5 0 2 1 6
21310653 783 6 3 2 2 3 1 3 1 0 1 1 0 0 0 0 1 2 3 8 0 0 0 0 3 4 13 4 8 4 4 3 3 3 3
21310655 855 7 2 3 3 3 2 2 2 1 0 1 1 0 0 0 0 0 4 3 1 0 1 1 3 0 3 0 13 4 0 0 2 6 4 1
21310656 926 4 1 3 3 2 1 0 1 1 0 0 0 0 1 1 2 0 0 2 0 13 3 4 0 4 8 5 1 3 3 8 2
21310657 962 8 3 3 1 3 2 3 1 1 1 0 2 1 0 0 0 0 3 1 4 3 2 3 2 13 5 1 2 1 3 4 3 2 1 0 0
21310658 787 8 2 1 3 2 2 1 2 1 1 0 3 1 0 0 0 0 3 4 1 4 4 5 13 0 7 3 3 0 3 0 1 0 0 3 0
21310659 968 1 2 1 0 2 1 0 0 0 0 0 1 0 0 0 1 1 0 0 3 0 3 4 3 0 5 13 3 0
21310661 911 0 1 0 2 1 0 0 0 0 0 0 0 1 0 3 13 0 0 4 8 0 1 5 7 0 0 2 3
21310662 904 10 2 3 2 1 1 3 2 3 3 2 1 0 1 1 0 0 0 0 2 4 4 0 0 1 2 1 2 4 0 1 1 4 6 0 2 3 13
21310663 931 7 1 3 2 2 2 1 3 1 0 2 1 0 0 0 0 2 3 2 3 2 3 0 13 5 1 3 3 3 1 0 0 1 3 3
21310664 957 4 2 1 3 1 1 0 3 1 0 0 0 0 2 1 1 4 0 3 0 2 4 13 2 4 5 3 1 0 3 0 0
21310669 887 4 3 1 3 2 1 0 2 1 0 0 0 0 1 1 2 2 1 1 0 5 3 2 0 13 8 6 3 0 4 0 1
21310672 754 11 1 3 3 1 3 2 1 2 2 3 2 1 0 1 1 0 0 0 0 3 4 4 3 2 1 0 4 5 6 2 7 4 2 0 13 5 1 1
21310673 1135 2 2 2 3 1 5 0.33333333333333331 6 0.33333333333333331 7 0.33333333333333331 0 2 0 6 1 1 2 5 4 3 1 3 5 7 1 4 2 13 0
21310674 915 10 2 1 2 1 2 1 3 1 2 3 1 0 3 1 0 0 0 0 4 4 2 0 3 0 1 7 1 13 4 6 3 2 2 0 1 2 4
21310676 915 8 1 1 2 3 1 3 2 3 1 0 2 1 0 0 0 0 3 2 3 3 0 2 1 0 2 4 1 0 3 6 4 0 5 8 13
21310677 922 0 1 0 1 1 0 0 0 0 0 0 0 0 3 0 0 4 3 0 0 5 13 3 2 2 1 3 0
21310680 937 4 3 3 3 1 1 0 2 1 0 0 0 0 1 0 3 0 2 0 0 0 0 1 0 3 3 3 4 0 13 7 5
21310682 879 5 1 3 1 1 2 1 0 2 1 0 0 0 0 3 1 1 0 0 0 1 0 2 0 3 0 2 4 5 4 4 4 13
21310684 996 10 1 2 3 3 2 1 3 3 1 1 1 0 2 1 0 0 0 0 4 2 4 3 7 9 13 4 3 4 4 2 3 1 5 0 2 0 0
21310685 880 5 2 2 3 1 2 1 0 1 1 0 0 0 0 1 3 1 1 2 7 13 0 6 5 3 0 1 1 5 2 0 3 0
21310686 968 10 1 1 2 2 2 1 3 2 3 3 1 0 1 1 0 0 0 0 3 4 3 0 0 0 3 8 2 3 0 5 5 5 1 13 2 3 1
21310689 990 8 3 2 1 2 1 1 3 3 1 0 2 1 0 0 0 0 3 2 3 2 0 0 0 0 2 13 7 1 1 6 4 0 0 3 3
21310691 800 3 2 3 1 1 0 3 1 0 0 0 0 1 1 1 0 0 0 3 0 4 3 3 2 6 3 4 6 13 6 1
21310692 934 7 3 2 2 1 1 3 3 1 0 1 1 0 0 0 0 2 2 3 13 6 3 0 4 6 1 0 2 2 4 2 3 0 1 0
21310693 920 9 2 3 1 1 2 3 2 1 3 1 0 3 1 0 0 0 0 3 3 3 0 13 3 6 1 4 3 6 0 2 1 3 2 0 0 0
21310694 931 0 1 0 1 1 0 0 0 0 0 0 0 3 0 0 0 3 1 0 3 4 5 2 2 13 9 3 0
21310695 740 11 1 1 3 2 3 1 1 2 2 2 3 1 0 3 1 0 0 0 0 4 4 3 1 0 4 1 0 2 5 2 3 7 4 5 0 4 13 3
21310697 1042 11 3 1 2 1 1 3 2 1 2 2 3 1 0 3 1 0 0 0 0 4 4 3 1 13 1 3 0 3 4 2 2 6 2 2 0 0 1 1
21310700 798 3 3 2 3 1 0 1 1 0 0 0 0 0 1 2 3 2 0 0 1 2 0 0 4 8 2 1 13 3 4 1
21310703 850 3 1 3 2 1 0 3 1 0 0 0 0 1 1 1 1 0 4 0 4 3 5 2 2 5 4 1 13 3 2 1
21310704 843 2 1 3 1 0 2 1 0 0 0 0 1 0 1 1 0 0 0 4 2 3 2 5 3 6 3 13 1 0 3
21310705 977 7 3 3 3 1 1 1 2 1 0 2 1 0 0 0 0 3 1 3 2 3 5 3 3 6 8 13 1 1 2 4 3 4 2 0
21310706 897 10 1 1 3 2 2 3 2 3 1 2 1 0 1 1 0 0 0 0 3 4 3 0 1 3 4 3 1 3 5 0 3 13 2 2 3 6 7
21310707 984 10 2 1 1 3 2 3 1 2 1 3 1 0 3 1 0 0 0 0 4 3 3 2 2 5 13 0 4 4 4 1 0 9 1 0 0 0 2
21310708 848 8 3 1 3 3 2 2 1 1 1 0 2 1 0 0 0 0 3 2 3 2 4 0 1 3 4 1 7 2 6 4 3 13 6 5 0
21310709 830 1 3 1 0 2 1 0 0 0 0 0 0 1 0 0 1 0 0 1 1 3 2 3 13 2 4 3 5 3
21310710 975 10 1 3 2 3 1 1 3 2 3 2 1 0 1 1 0 0 0 0 3 3 4 3 5 3 13 1 3 7 5 1 0 2 2 0 2 3 0
21310711 926 0 1 0 2 1 0 0 0 0 0 0 0 0 1 0 3 0 3 0 7 0 1 5 7 2 4 6 13
21310713 873 10 2 2 2 3 1 1 3 3 1 1 1 0 2 1 0 0 0 0 4 3 3 0 0 3 0 0 13 3 4 1 4 5 3 0 2 1 2
21310714 839 9 3 2 1 3 3 2 2 1 1 1 0 3 1 0 0 0 0 3 3 3 3 13 5 4 5 6 4 4 1 2 3 1 3 0 2 0
21310715 834 0 1 0 3 1 0 0 0 0 0 0 0 1 3 4 13 2 4 2 4 0 3 0 2 1 1 0 0
21310716 899 10 2 2 1 3 3 2 1 3 2 1 1 0 1 1 0 0 0 0 3 4 3 4 3 3 13 2 7 5 1 0 3 2 0 3 1 3 0
21310720 920 6 1 2 1 3 1 3 1 0 2 1 0 0 0 0 3 1 2 0 0 0 1 2 4 13 0 2 4 1 2 3 4 6 0
21310721 893 11 1 3 3 3 1 2 1 1 2 3 2 1 0 2 1 0 0 0 0 4 3 4 0 0 1 2 0 4 4 13 0 0 3 5 3 4 2 1
21310723 870 2 1 3 1 0 3 1 0 0 0 0 1 0 1 0 2 2 3 0 2 4 7 0 4 6 1 1 5 4 13
21310725 875 9 1 2 2 2 1 3 1 2 3 1 0 1 1 0 0 0 0 3 4 2 0 0 0 3 3 4 6 3 13 4 1 3 2 5 3 0
21310728 993 6 2 3 1 2 3 1 1 0 3 1 0 0 0 0 2 2 2 3 0 1 2 0 0 3 2 3 5 6 1 0 13 8 4
21310729 763 4 3 3 3 2 1 0 1 1 0 0 0 0 0 1 3 2 1 3 0 3 13 2 0 4 4 3 1 0 2 1 0
21310730 910 4 3 3 2 1 1 0 2 1 0 0 0 0 1 1 2 13 1 2 1 3 4 1 1 2 5 7 4 2 3 4 3
21310731 851 6 2 3 1 3 2 3 1 0 2 1 0 0 0 0 1 2 3 1 1 4 0 9 8 6 0 13 7 2 2 1 4 1 4
21310733 830 2 3 2 1 0 3 1 0 0 0 0 0 1 1 2 0 1 3 1 5 3 7 0 3 6 13 0 3 4 5
21310736 946 6 3 2 1 3 1 2 1 0 3 1 0 0 0 0 2 2 2 2 0 2 0 1 4 8 13 1 3 3 6 3 1 2 3
21310737 916 9 2 3 2 3 2 1 3 2 3 1 0 1 1 0 0 0 0 1 4 4 0 0 8 1 0 0 6 3 0 4 4 1 1 13 2 4
21310738 926 6 3 1 1 2 1 3 1 0 3 1 0 0 0 0 3 1 2 13 8 1 0 2 8 5 2 2 5 0 0 2 1 0 0
21310739 932 7 1 1 1 1 2 2 2 1 0 2 1 0 0 0 0 4 3 0 0 0 6 1 3 3 4 5 2 3 3 13 0 0 0 3
21310740 950 10 3 1 2 2 2 3 2 3 3 1 1 0 1 1 0 0 0 0 2 4 4 13 4 2 0 2 4 6 0 7 5 1 3 3 0 1 1
21310741 833 4 2 3 2 2 1 0 3 1 0 0 0 0 0 3 1 3 1 0 0 8 4 5 1 4 13 5 1 1 2 3 6
21310747 951 8 3 1 2 1 2 3 1 3 1 0 1 1 0 0 0 0 3 2 3 2 0 0 0 3 2 13 3 2 4 3 0 1 3 6 0
21310749 921 7 2 1 3 3 2 1 3 1 0 3 1 0 0 0 0 2 2 3 13 3 3 1 3 4 5 3 2 6 5 0 2 0 1 0
21310750 794 4 1 2 1 3 1 0 3 1 0 0 0 0 2 1 1 13 6 2 2 3 5 5 5 2 1 0 0 3 1 0 0
21310751 923 11 2 3 1 1 3 2 3 3 2 2 1 1 0 1 1 0 0 0 0 3 4 4 0 2 1 0 0 4 2 7 7 7 7 3 1 5 3 13
21310753 773 5 2 1 2 1 1 1 0 1 1 0 0 0 0 3 2 0 0 2 3 0 13 4 0 3 7 5 6 0 2 4 4 0
21310755 786 2 3 2 1 0 2 1 0 0 0 0 0 1 1 1 1 5 1 2 5 7 13 0 2 4 1 0 2 0 1
21310756 952 8 1 1 2 3 3 2 3 2 1 0 1 1 0 0 0 0 2 3 3 3 0 1 2 2 4 0 0 4 7 4 3 13 1 4 0
21310757 776 3 3 1 3 1 0 2 1 0 0 0 0 1 0 2 0 6 7 0 1 3 8 5 4 2 1 13 2 1 3 2
21310759 950 8 1 2 1 3 2 1 3 2 1 0 3 1 0 0 0 0 3 3 2 2 13 1 0 5 3 3 1 1 4 6 0 3 2 2 0
21310760 737 0 1 0 2 1 0 0 0 0 0 0 0 0 1 5 4 0 1 13 2 0 4 2 5 3 0 0 1
21310761 806 11 2 1 1 2 1 2 3 2 3 3 1 3 1 4 0.33333333333333331 5 0.33333333333333331 6 0.33333333333333331 4 4 3 4 13 7 4 0 3 4 1 0 3 3 0 0 3 2 0
21310762 800 1 3 1 0 1 1 0 0 0 0 0 0 1 2 2 1 13 1 4 4 3 2 2 6 0 3 3 1 0
21310763 871 11 3 1 1 1 2 1 2 2 3 3 3 1 0 2 1 0 0 0 0 4 3 4 1 6 4 2 5 13 6 3 7 1 3 0 3 2 3 0
21310764 961 8 1 2 3 3 2 2 1 1 1 0 1 1 0 0 0 0 3 3 2 0 2 0 0 13 3 1 3 2 1 5 6 3 2 3 0
21310765 880 2 2 1 1 0 2 1 0 0 0 0 1 1 0 7 6 3 3 5 5 13 0 1 3 4 0 1 0 2 0
21310766 1033 6 2 3 3 1 2 2 1 0 1 1 0 0 0 0 1 3 2 2 2 3 1 0 4 13 1 1 6 4 3 2 1 0 5
21310767 958 2 1 1 1 0 3 1 0 0 0 0 2 0 0 1 0 2 0 0 2 2 0 3 4 5 3 0 4 7 13
21310768 960 4 3 1 3 2 1 0 3 1 0 0 0 0 1 1 2 4 3 5 3 8 6 13 3 1 7 3 2 1 2 0 0
21310769 945 6 1 3 1 2 3 2 1 0 3 1 0 0 0 0 2 2 2 3 3 13 3 0 3 5 5 0 0 0 3 0 5 0 6
21310770 1045 4 3 3 1 1 1 0 2 1 0 0 0 0 2 0 2 0 0 0 1 0 0 0 4 9 3 4 2 2 4 7 13
21310771 1023 10 3 3 3 2 2 3 1 1 1 2 1 0 1 1 0 0 0 0 3 3 4 1 4 3 0 6 5 2 0 7 5 13 3 3 0 0 2
21310774 816 3 3 3 2 1 0 1 1 0 0 0 0 0 1 2 4 2 4 9 1 4 3 7 0 13 4 1 0 0 2 0
21310775 948 7 2 1 3 1 1 1 2 1 0 3 1 0 0 0 0 4 2 1 2 2 2 3 2 2 3 1 3 5 1 6 3 13 3 1
21310780 843 1 3 1 0 3 1 0 0 0 0 0 0 1 0 0 3 0 0 0 1 4 2 2 13 3 0 5 1 4
21310781 955 4 2 1 1 3 1 0 2 1 0 0 0 0 2 1 1 2 2 1 3 4 8 5 7 1 5 6 13 0 0 3 3
21310783 778 2 3 1 1 0 2 1 0 0 0 0 1 0 1 1 0 2 0 5 0 2 3 0 5 5 3 1 13 7 9
21310784 874 0 1 0 1 1 0 0 0 0 0 0 0 1 1 3 3 0 4 3 13 2 3 2 3 0 5 2 0
21310786 976 0 1 0 3 1 0 0 0 0 0 0 0 0 4 2 3 1 6 5 5 3 3 1 13 0 0 0 2
21310787 899 0 3 1 7 0.33333333333333331 8 0.33333333333333331 9 0.33333333333333331 0 0 0 13 2 3 1 3 5 5 6 7 1 4 0 0 0 0 2
21310788 836 2 1 1 1 0 2 1 0 0 0 0 2 0 0 13 3 2 1 8 7 4 2 1 5 6 3 0 3 2 3
21310790 945 1 1 1 0 3 1 0 0 0 0 1 0 0 2 0 1 1 3 2 3 0 9 4 5 2 13 3 3 0
21310791 961 11 3 3 2 3 2 1 2 1 3 1 1 1 0 2 1 0 0 0 0 4 3 4 0 0 5 1 0 0 4 2 2 5 1 13 3 2 4 1
21310792 908 10 3 3 3 1 2 3 2 1 2 1 1 0 1 1 0 0 0 0 3 3 4 0 1 3 1 1 3 4 3 2 3 4 13 2 2 3 2
21310793 864 1 2 1 0 1 1 0 0 0 0 0 1 0 0 2 3 3 1 0 5 1 3 0 8 4 3 13 3 2
21310794 830 11 3 2 2 1 3 2 1 1 3 2 3 1 0 1 1 0 0 0 0 3 4 4 2 0 1 0 3 5 4 0 3 6 4 1 13 7 6 2
21310795 927 1 2 3 1 8 0.33333333333333331 9 0.33333333333333331 10 0.33333333333333331 0 1 0 0 3 3 3 0 1 5 2 2 0 13 1 1 3 5 3
21310796 1066 8 2 1 3 3 2 3 1 2 1 0 1 1 0 0 0 0 2 3 3 2 3 3 0 1 13 2 1 4 1 8 5 0 2 3 0
21310798 870 11 3 3 1 1 1 2 2 3 1 3 2 1 0 2 1 0 0 0 0 4 3 4 3 0 0 2 2 3 0 1 3 13 0 0 1 4 3 0
21310799 741 1 3 1 0 2 1 0 0 0 0 0 0 1 3 3 1 0 3 4 0 2 13 5 1 0 5 4 4 0
21310800 980 5 2 2 3 2 1 1 0 3 1 0 0 0 0 1 3 1 1 0 4 0 3 13 6 0 3 6 1 4 1 3 2 3
21310802 945 10 1 2 2 1 3 1 2 3 1 3 1 0 2 1 0 0 0 0 4 3 3 3 2 3 13 4 3 4 1 0 0 1 4 0 0 0 2
21310803 946 3 3 3 2 1 0 1 1 0 0 0 0 0 1 2 2 7 8 13 0 3 3 3 0 0 0 3 0 0 0 1
21310804 686 0 1 0 1 1 0 0 0 0 0 0 0 3 2 0 0 5 3 0 0 6 5 0 0 13 6 4 3
21310805 859 0 3 1 6 0.33333333333333331 7 0.33333333333333331 8 0.33333333333333331 0 0 0 5 1 13 1 2 5 4 0 2 6 3 0 0 1 2 0
21310807 929 5 1 3 2 1 3 1 0 2 1 0 0 0 0 2 1 2 1 4 1 2 13 3 2 0 8 4 3 0 5 0 0 0
21310810 858 0 1 0 1 1 0 0 0 0 0 0 0 3 1 3 0 2 5 2 2 13 5 1 0 0 0 0 3
21310811 851 4 2 1 2 1 1 0 2 1 0 0 0 0 2 2 0 0 0 1 1 0 2 5 6 3 3 5 4 0 0 13 5
21310812 1037 0 1 0 1 1 0 0 0 0 0 0 0 0 3 1 2 2 13 4 4 0 0 5 0 0 0 3 9
21310815 912 4 1 2 2 2 1 0 3 1 0 0 0 0 1 3 0 0 1 1 1 0 3 5 3 2 4 7 3 0 13 6 4
21310817 922 10 2 1 3 2 1 2 2 3 1 3 1 0 1 1 0 0 0 0 3 4 3 1 1 3 4 2 3 3 3 0 2 4 13 0 0 3 0
21310819 814 9 3 3 1 1 2 3 3 1 2 1 0 1 1 0 0 0 0 3 2 4 2 3 1 1 2 8 3 6 4 13 1 0 2 2 3 2
21310820 877 6 2 3 1 2 2 1 1 0 2 1 0 0 0 0 2 3 1 3 1 0 4 0 3 6 6 1 3 4 8 0 4 4 13
21310821 839 9 2 3 3 1 1 1 2 3 1 1 0 2 1 0 0 0 0 4 2 3 3 2 0 0 0 8 0 8 13 5 4 2 4 3 1 0
21310824 843 1 3 1 0 1 1 0 0 0 0 0 0 1 4 1 5 3 9 7 13 0 4 2 1 2 0 2 3 0
21310825 905 4 3 2 3 1 1 0 1 1 0 0 0 0 1 1 2 0 1 3 3 2 4 2 1 7 8 4 5 3 2 3 13
21310827 796 10 2 1 3 1 3 2 3 3 1 1 1 0 2 1 0 0 0 0 4 2 4 4 3 13 1 4 5 3 0 2 3 0 0 0 0 2 0
21310828 988 0 1 0 1 1 0 0 0 0 0 0 0 0 0 2 1 1 4 4 3 2 4 5 13 3 4 2 3
21310829 975 3 2 2 1 1 0 1 1 0 0 0 0 1 2 0 5 2 3 3 2 3 13 0 1 4 3 0 0 0 1 0
21310830 847 2 2 2 1 0 1 1 0 0 0 0 0 2 0 0 0 0 2 3 1 3 3 4 4 6 0 13 7 4 1
21310831 906 11 3 2 3 3 1 1 1 3 1 2 2 1 0 2 1 0 0 0 0 4 3 4 3 0 2 0 0 1 3 0 3 5 5 3 4 3 13 0
21310833 929 7 3 3 2 2 2 1 1 1 0 1 1 0 0 0 0 2 3 2 0 5 4 13 2 0 8 4 0 1 4 3 0 0 0 3
21310835 901 7 3 1 3 1 2 1 2 1 0 3 1 0 0 0 0 3 2 2 3 8 13 0 3 5 3 0 3 4 3 0 5 0 3 2
21310836 918 9 2 3 1 3 2 1 1 2 2 1 0 3 1 0 0 0 0 3 4 2 13 1 7 3 3 5 5 9 2 2 1 0 1 3 0 0
21310837 810 5 1 3 3 1 2 1 0 3 1 0 0 0 0 2 1 2 2 2 4 6 1 13 3 5 3 6 2 3 0 0 0 1
21310840 943 9 2 2 3 2 1 1 1 3 3 1 0 1 1 0 0 0 0 3 3 3 1 0 2 3 4 7 1 3 2 2 4 0 13 9 3 0
21310841 1002 7 1 2 1 3 2 1 1 1 0 2 1 0 0 0 0 4 2 1 9 3 4 13 2 1 3 2 0 4 3 0 0 0 0 3
21310842 989 0 1 0 1 1 0 0 0 0 0 0 0 3 6 2 4 1 4 4 1 2 13 2 0 8 0 0 0
21310843 907 4 3 2 3 1 1 0 1 1 0 0 0 0 1 1 2 0 0 3 13 1 3 3 7 2 2 3 5 0 0 0 3
21310844 909 8 3 2 3 1 1 2 2 3 1 0 1 1 0 0 0 0 2 3 3 3 1 1 0 2 2 5 2 2 4 1 0 13 1 3 0
21310845 897 1 2 1 0 2 1 0 0 0 0 0 1 0 13 5 1 2 7 5 1 3 3 6 3 0 4 1 0 0
21310846 880 5 1 3 3 1 2 1 0 1 1 0 0 0 0 2 1 2 0 2 4 4 2 3 13 3 0 0 4 1 0 0 0 2
21310848 884 11 2 1 2 1 2 3 1 3 3 1 3 1 0 2 1 0 0 0 0 4 3 4 0 3 1 0 13 4 4 0 5 2 1 2 4 3 0 0
21310849 966 5 3 1 1 2 1 1 0 2 1 0 0 0 0 3 1 1 2 2 3 3 7 7 4 1 1 2 13 3 0 4 0 3
21310850 838 9 1 1 2 2 1 2 3 3 3 1 0 3 1 0 0 0 0 3 3 3 2 3 0 0 6 5 3 0 3 7 10 7 3 8 13 1
21310851 871 0 1 0 3 1 0 0 0 0 0 0 0 3 13 1 0 3 5 6 2 1 8 4 0 2 3 0 0
21310853 802 10 3 2 3 1 1 2 3 1 2 1 1 0 2 1 0 0 0 0 4 3 3 2 3 1 13 1 5 3 3 4 4 3 2 3 0 0 0
21310856 921 0 1 0 2 1 0 0 0 0 0 0 0 0 0 0 3 4 5 4 0 1 6 3 3 13 1 2 3
21310857 909 7 1 3 1 3 2 2 1 1 0 3 1 0 0 0 0 3 2 2 1 6 8 13 0 3 6 3 0 2 4 3 0 0 0 2
21310861 926 9 1 1 2 3 2 2 3 2 3 1 0 1 1 0 0 0 0 2 4 3 1 3 0 0 13 2 1 0 8 3 4 0 4 2 1 3
21310863 856 4 1 2 2 2 1 0 1 1 0 0 0 0 1 3 0 0 2 4 13 1 8 1 5 4 6 3 4 3 0 0 0
21310864 870 3 1 2 1 1 0 2 1 0 0 0 0 2 1 0 5 3 3 13 2 3 5 4 0 4 3 6 0 0 1 3
21310865 831 4 3 2 1 3 1 0 3 1 0 0 0 0 1 1 2 1 5 4 3 2 3 4 13 0 0 0 4 0 1 4 2
21310866 939 0 1 0 2 1 0 0 0 0 0 0 0 3 0 1 0 2 3 5 6 3 1 6 8 2 4 1 13
21310868 801 10 2 3 2 3 3 2 3 1 2 1 1 0 1 1 0 0 0 0 2 4 4 0 0 2 1 1 13 2 2 6 1 6 0 3 4 1 5
21310869 895 6 1 2 2 1 2 3 1 0 1 1 0 0 0 0 2 3 1 0 0 1 4 2 6 5 3 2 1 5 13 0 0 0 3
21310870 854 7 2 1 3 3 3 1 1 1 0 1 1 0 0 0 0 3 1 3 2 3 0 0 3 3 2 0 2 5 5 7 7 9 13 0
21310872 1030 5 2 2 3 1 3 1 0 2 1 0 0 0 0 1 2 2 0 0 0 3 0 4 3 4 1 6 4 6 1 3 7 13
21310873 755 9 1 3 3 1 2 1 2 3 2 1 0 3 1 0 0 0 0 3 3 3 1 2 1 2 3 2 5 1 13 1 2 0 4 4 0 0
21310874 823 9 2 2 1 3 1 3 1 2 1 1 0 3 1 0 0 0 0 4 3 2 13 2 2 3 3 7 4 5 1 5 1 0 2 3 0 0
21310875 761 8 1 1 3 3 2 1 1 2 1 0 2 1 0 0 0 0 4 2 2 13 8 1 7 3 5 2 0 4 2 3 0 3 8 0 0
21310876 976 1 3 1 0 1 1 0 0 0 0 0 0 1 2 3 5 2 1 7 4 3 0 4 2 13 0 1 0 0
21310880 884 1 1 1 0 3 1 0 0 0 0 1 0 0 2 3 5 1 0 5 13 2 1 2 4 3 0 7 0 4
21310881 913 1 2 1 0 1 1 0 0 0 0 0 1 0 3 5 13 2 2 4 5 1 0 4 4 0 0 0 0 1
21310882 796 8 1 1 3 1 1 3 2 3 1 0 2 1 0 0 0 0 4 1 3 2 0 3 0 2 3 13 2 5 4 1 0 6 3 3 0
21310883 1037 10 2 3 2 2 1 1 1 3 2 3 1 0 3 1 0 0 0 0 3 4 3 0 3 0 1 0 1 2 3 0 5 6 8 3 3 13 3
21310884 911 7 2 1 1 2 3 1 3 1 0 2 1 0 0 0 0 3 2 2 3 13 2 1 5 6 3 3 7 5 4 3 1 3 2 0
21310886 833 6 2 1 3 3 3 1 1 0 3 1 0 0 0 0 2 1 3 0 0 7 3 0 4 4 4 1 2 4 13 2 0 0 0
21310888 827 11 1 3 1 3 3 1 2 2 1 2 2 1 0 3 1 0 0 0 0 4 4 3 3 0 0 0 7 4 13 3 4 4 3 0 3 1 2 3
21310889 887 3 1 2 3 1 0 1 1 0 0 0 0 1 1 1 2 1 0 3 4 4 2 0 8 7 5 0 3 13 4 0
21310890 952 0 1 0 2 1 0 0 0 0 0 0 0 0 0 0 1 0 3 1 4 3 2 6 8 2 1 3 13
21310891 693 10 2 3 3 3 2 2 1 1 1 3 1 0 1 1 0 0 0 0 3 3 4 0 13 2 3 2 1 6 2 0 6 4 7 0 1 0 3
21310892 930 4 2 2 3 3 1 0 3 1 0 0 0 0 0 2 2 13 4 1 1 6 1 3 0 2 2 0 0 0 0 0 1
21310893 982 11 2 3 2 2 1 2 1 1 3 1 3 1 0 3 1 0 0 0 0 4 4 3 0 2 3 13 0 1 4 5 2 1 4 6 0 0 0 3
21310894 817 11 3 3 1 2 1 2 3 2 2 1 1 1 0 3 1 0 0 0 0 4 4 3 3 0 0 0 3 6 1 3 3 5 3 2 13 5 3 3
21310895 817 0 1 0 3 1 0 0 0 0 0 0 0 3 0 0 0 3 5 1 0 6 4 3 2 13 9 3 0
21310896 882 11 1 3 1 2 2 2 1 3 2 1 3 1 0 3 1 0 0 0 0 4 4 3 4 3 1 1 2 1 6 13 5 3 2 2 0 3 6 8
21310897 825 1 3 1 0 3 1 0 0 0 0 0 0 1 3 2 2 3 0 3 6 1 0 3 13 4 3 0 3 1
21310898 914 10 3 2 1 1 1 2 3 2 3 2 1 0 3 1 0 0 0 0 3 4 3 4 13 2 0 1 1 3 2 3 2 7 1 3 4 0 1
21310899 926 7 1 1 3 2 2 3 2 1 0 2 1 0 0 0 0 2 3 2 3 1 0 0 0 4 3 3 13 6 2 0 3 1 3 1
21310901 943 1 1 1 0 1 1 0 0 0 0 1 0 0 0 2 0 1 2 2 5 7 3 7 6 3 0 13 8 3
21310902 924 10 3 1 2 1 1 3 2 3 3 2 1 0 1 1 0 0 0 0 3 3 4 0 3 0 0 0 2 6 6 0 1 4 3 2 3 9 13
21310904 723 5 2 1 2 3 2 1 0 3 1 0 0 0 0 1 3 1 1 8 13 2 1 4 1 0 1 3 6 3 4 3 2 0
21310905 966 8 3 2 2 1 1 1 3 2 1 0 3 1 0 0 0 0 3 3 2 0 3 1 0 13 3 10 0 6 5 3 3 4 2 2 1
21310907 802 11 1 2 1 3 1 3 2 3 1 2 2 1 0 3 1 0 0 0 0 4 4 3 2 13 3 6 4 1 6 3 3 0 1 0 0 2 3 0
21310908 870 1 2 1 0 1 1 0 0 0 0 0 1 0 1 1 4 6 2 2 7 3 0 6 7 13 0 9 0 0
21310910 768 8 3 2 3 2 2 1 1 3 1 0 1 1 0 0 0 0 2 3 3 0 0 3 2 1 1 3 1 0 3 4 4 0 2 2 13
21310912 864 6 3 1 2 2 1 2 1 0 3 1 0 0 0 0 2 3 1 0 0 1 0 1 5 4 0 5 2 2 0 13 5 1 3
21310913 795 11 2 2 3 1 1 2 1 2 3 3 1 1 0 3 1 0 0 0 0 4 4 3 0 3 0 0 4 3 2 1 13 7 3 5 1 3 2 0
21310914 853 1 1 1 0 3 1 0 0 0 0 1 0 0 0 3 4 2 2 2 3 1 5 5 5 0 13 9 1 0
21310915 1008 0 1 0 3 1 0 0 0 0 0 0 0 0 3 5 3 1 5 3 8 7 6 3 4 0 2 4 13
21310916 820 10 2 1 3 1 2 1 2 3 3 2 1 0 3 1 0 0 0 0 3 4 3 1 1 2 8 0 0 5 6 2 3 2 7 0 1 1 13
21310919 869 4 2 1 3 1 1 0 1 1 0 0 0 0 2 1 1 13 7 4 2 7 8 4 0 4 5 2 0 3 3 0 0
21310920 1027 4 1 1 2 3 1 0 1 1 0 0 0 0 2 1 1 4 13 2 2 6 6 5 0 3 4 3 0 0 3 3 0
21310921 913 6 3 3 2 3 1 1 3 1 7 0.33333333333333331 8 0.33333333333333331 9 0.33333333333333331 2 1 3 13 8 3 3 3 4 7 0 3 2 2 0 0 0 1 0
21310922 1007 2 3 3 1 0 3 1 0 0 0 0 0 0 2 2 0 0 0 3 3 3 1 4 4 0 0 13 3 7 0
21310923 920 2 1 3 3 1 5 0.33333333333333331 6 0.33333333333333331 7 0.33333333333333331 1 0 1 0 3 0 2 0 1 2 3 0 3 3 5 1 2 5 13
21310926 948 1 1 1 0 1 1 0 0 0 0 1 0 0 0 2 5 2 3 8 7 1 0 6 6 3 2 13 3 4
21310928 896 4 1 3 2 1 1 0 3 1 0 0 0 0 2 1 1 1 5 3 13 0 2 3 4 0 0 2 5 0 0 2 1
21310929 862 6 1 1 2 1 1 2 1 0 2 1 0 0 0 0 4 2 0 0 0 3 0 3 4 6 0 6 5 7 3 2 3 13 0
21310931 950 11 2 3 3 3 1 1 3 2 2 2 1 1 0 1 1 0 0 0 0 3 4 4 0 4 1 2 0 7 2 3 4 5 13 1 2 1 3 3
21310932 1076 0 1 0 1 1 0 0 0 0 0 0 0 4 3 13 0 3 5 3 2 0 3 4 0 0 0 3 0
21310934 832 4 3 2 2 3 1 0 1 1 0 0 0 0 0 2 2 0 3 3 3 3 6 1 13 0 5 5 3 0 0 0 3
21310935 874 10 3 2 3 1 3 1 3 2 1 2 1 0 2 1 0 0 0 0 3 3 4 0 4 1 0 0 3 3 0 2 4 5 3 1 5 13 5
21310936 888 7 1 3 1 2 2 3 2 1 0 3 1 0 0 0 0 2 3 2 1 0 3 1 2 6 6 4 0 5 9 13 0 0 0 8
21310940 930 9 3 1 2 3 3 2 1 1 1 1 0 2 1 0 0 0 0 4 2 3 0 3 1 0 2 2 13 3 0 4 4 3 0 4 6 3
21310941 837 6 2 3 1 1 3 2 1 0 3 1 0 0 0 0 2 2 2 2 4 0 0 0 3 3 4 1 4 13 4 1 2 2 1
21310944 706 5 2 2 1 2 3 1 0 3 1 0 0 0 0 1 3 1 3 5 5 0 3 3 2 0 1 3 13 1 1 0 0 0
21310945 899 2 1 2 1 0 2 1 0 0 0 0 1 1 0 0 3 0 0 0 0 3 0 1 3 4 2 4 13 5 1
21310946 889 6 3 2 1 1 2 1 1 0 3 1 0 0 0 0 3 2 1 1 13 1 5 8 3 3 2 2 3 2 3 4 0 3 0
21310947 862 3 2 3 3 3 1 8 0.33333333333333331 9 0.33333333333333331 10 0.33333333333333331 0 1 2 3 4 1 3 0 2 8 3 1 3 8 13 0 0 9 0
21310949 923 9 2 1 3 2 3 2 1 3 2 1 0 3 1 0 0 0 0 2 4 3 1 3 0 1 1 4 2 0 4 6 3 0 2 5 13 1
21310951 909 4 2 3 1 2 1 0 3 1 0 0 0 0 1 2 1 0 2 13 1 1 3 4 6 0 2 3 4 0 9 0 1
21310952 943 7 1 1 3 2 3 3 2 1 0 2 1 0 0 0 0 2 2 3 1 0 3 0 0 4 1 0 4 5 3 0 4 3 13 2
21310953 994 10 3 1 1 2 2 2 3 1 1 2 1 0 3 1 0 0 0 0 4 4 2 0 4 1 13 2 1 5 2 0 3 3 4 3 0 0 0
21310954 828 10 2 1 1 3 1 2 1 3 3 3 1 0 2 1 0 0 0 0 4 2 4 3 7 3 2 0 1 4 13 2 1 4 5 0 2 0 0
21310955 968 3 3 1 2 1 0 2 1 0 0 0 0 1 1 1 0 0 3 0 3 7 1 3 3 6 2 1 13 3 3 0
21310957 859 4 3 2 1 2 1 0 1 1 0 0 0 0 1 2 1 8 5 0 0 13 4 0 2 4 2 5 0 1 5 3 1
21310961 973 8 1 3 1 2 3 1 3 2 1 0 1 1 0 0 0 0 3 2 3 0 2 0 0 2 3 3 5 0 3 4 4 0 13 6 4
21310963 886 1 1 1 0 3 1 0 0 0 0 1 0 0 4 2 3 3 7 3 6 4 13 6 7 3 0 3 1 2
21310964 855 0 1 0 1 1 0 0 0 0 0 0 0 0 2 0 1 4 2 4 3 4 4 13 5 1 2 3 3
21310965 818 8 3 2 3 2 1 1 2 1 1 0 2 1 0 0 0 0 3 3 2 0 8 0 0 13 5 8 0 3 7 1 1 2 3 0 3
21310966 977 2 1 2 1 0 1 1 0 0 0 0 1 1 0 1 3 4 3 2 0 4 13 2 2 9 5 0 0 8 1
21310967 949 3 2 2 2 1 0 2 1 0 0 0 0 0 3 0 0 1 0 0 1 0 3 3 13 2 5 1 1 5 1 3
21310968 849 8 2 1 1 2 2 3 3 3 1 0 1 1 0 0 0 0 2 3 3 1 0 3 4 0 0 4 6 4 1 6 2 2 13 7 3
21310970 847 10 1 3 2 2 2 1 2 3 3 1 1 0 3 1 0 0 0 0 3 4 3 0 2 4 1 4 2 1 0 4 1 13 0 3 3 4 0
21310971 1023 4 2 1 3 1 1 0 2 1 0 0 0 0 2 1 1 0 0 2 0 0 1 5 1 3 8 3 3 4 5 2 13
21310972 928 9 2 1 3 2 2 3 3 1 3 1 0 2 1 0 0 0 0 2 3 4 0 1 0 8 2 4 2 4 1 1 3 4 0 1 3 13
21310973 816 3 3 1 2 1 0 1 1 0 0 0 0 1 1 1 0 1 2 0 0 2 5 13 2 4 4 1 3 2 3 1
21310976 992 10 2 2 3 1 3 3 2 1 2 1 1 0 1 1 0 0 0 0 3 4 3 7 4 7 13 2 2 3 3 0 1 5 0 3 0 1 0
21310977 836 1 1 1 0 2 1 0 0 0 0 1 0 0 3 6 1 2 3 4 13 0 3 5 8 0 2 5 8 1
21310978 848 2 1 1 1 0 2 1 0 0 0 0 2 0 0 0 3 5 4 0 1 4 13 3 2 4 7 2 0 4 3
21310980 961 9 3 1 1 3 2 2 2 3 1 1 0 3 1 0 0 0 0 3 3 3 2 0 3 0 0 3 1 0 0 2 1 2 1 5 7 13
21310981 921 9 1 1 1 2 1 3 2 3 3 1 0 2 1 0 0 0 0 4 2 3 2 0 2 2 3 1 5 5 0 1 3 13 0 0 0 3
21310982 749 0 1 0 2 1 0 0 0 0 0 0 0 3 13 9 5 0 4 5 4 3 1 5 2 0 3 1 3
21310985 972 2 2 3 1 0 3 1 0 0 0 0 0 1 1 1 3 0 0 2 3 6 3 4 4 3 0 4 1 13 9
21310986 918 8 2 3 2 1 1 1 3 3 1 0 2 1 0 0 0 0 3 2 3 1 2 2 0 13 3 2 2 1 1 4 4 1 3 5 0
21310987 927 6 2 1 1 3 2 3 1 0 1 1 0 0 0 0 2 2 2 3 3 3 0 6 13 7 3 2 5 6 4 9 3 0 0
21310990 974 4 1 2 1 2 1 0 3 1 0 0 0 0 2 2 0 0 2 3 1 0 3 0 1 0 13 5 3 2 4 4 9
21310991 841 4 3 1 2 3 1 0 1 1 0 0 0 0 1 1 2 0 0 0 3 0 5 3 2 2 1 13 2 3 3 1 5
21310992 971 8 3 1 3 2 1 1 3 2 1 0 3 1 0 0 0 0 3 2 3 3 0 0 7 5 3 3 5 4 13 3 4 1 2 2 0
21310995 789 8 2 2 2 3 1 1 3 1 1 0 1 1 0 0 0 0 3 3 2 0 3 4 7 3 7 3 4 2 13 4 2 4 3 1 3
21310996 924 11 2 1 1 1 3 2 2 2 3 3 3 1 0 1 1 0 0 0 0 3 4 4 13 5 3 1 4 2 5 0 3 7 1 8 2 4 0 0
21310997 876 7 1 3 1 1 2 2 3 3 1 5 0.33333333333333331 6 0.33333333333333331 7 0.33333333333333331 3 2 2 13 3 1 2 7 5 7 0 5 2 5 2 6 0 1 0
21310998 885 1 3 1 0 3 1 0 0 0 0 0 0 1 0 2 1 0 1 3 4 3 1 3 6 4 13 4 2 2
21310999 823 1 1 1 0 2 1 0 0 0 0 1 0 0 3 0 0 0 3 3 0 0 4 6 6 7 13 4 3 3
21311001 999 2 2 2 1 0 3 1 0 0 0 0 0 2 0 3 4 4 0 5 13 4 1 6 2 3 1 0 0 1 0
21311002 888 0 1 0 3 1 0 0 0 0 0 0 0 4 4 1 2 13 3 2 4 6 4 1 0 0 4 0 0
21311003 954 0 1 0 3 1 0 0 0 0 0 0 0 4 4 3 0 7 5 0 3 13 1 4 0 0 0 2 0
21311004 906 8 3 1 1 1 2 2 2 3 1 0 3 1 0 0 0 0 3 3 2 1 0 2 0 0 4 4 3 3 3 5 0 0 13 4 0
21311007 982 2 1 2 1 0 1 1 0 0 0 0 1 1 0 2 3 6 3 5 7 3 1 13 7 4 0 2 3 0 3
21311008 778 0 1 0 3 1 0 0 0 0 0 0 0 13 5 3 0 3 4 3 2 3 6 5 3 2 8 1 1
21311009 1001 8 1 3 1 2 1 1 3 3 1 0 2 1 0 0 0 0 4 1 3 0 0 0 3 0 0 3 13 2 2 4 4 0 1 5 2
21311010 987 3 1 1 3 1 0 1 1 0 0 0 0 2 0 1 0 6 0 1 3 13 2 3 0 5 5 2 9 3 2 2
21311011 724 10 2 1 1 3 2 1 3 1 3 2 1 0 2 1 0 0 0 0 4 3 3 0 13 3 2 3 6 4 3 3 3 3 3 0 2 1 1
21311013 1032 6 1 3 1 2 1 3 1 0 3 1 0 0 0 0 3 1 2 3 2 0 0 13 5 2 1 2 7 4 0 3 1 5 2
21311015 897 3 2 2 3 1 0 3 1 0 0 0 0 0 2 1 4 1 4 2 13 7 4 0 2 4 1 1 1 0 0 0
21311016 965 9 2 2 2 3 3 3 1 1 1 1 0 2 1 0 0 0 0 3 3 3 13 2 5 1 1 3 3 0 4 4 2 0 3 1 5 0
21311022 962 2 1 2 1 0 2 1 0 0 0 0 1 1 0 0 0 0 3 0 0 1 3 0 1 3 4 2 13 4 4
21311023 858 10 3 2 1 3 1 3 3 2 2 1 1 0 1 1 0 0 0 0 3 3 4 0 0 0 1 0 2 5 5 2 3 3 8 0 0 3 13
21311025 827 6 3 2 1 3 1 1 1 0 1 1 0 0 0 0 3 1 2 4 2 3 2 2 0 13 4 0 4 1 3 0 2 3 0
21311026 951 4 1 2 3 1 1 0 1 1 0 0 0 0 2 1 1 13 3 1 0 7 3 4 2 2 6 3 0 3 3 0 2
21311027 920 9 1 2 2 3 1 3 2 2 3 1 0 1 1 0 0 0 0 2 4 3 3 3 0 0 5 2 0 0 6 3 0 1 3 13 4 1
21311029 851 11 3 1 1 3 2 3 2 1 2 2 1 1 0 3 1 0 0 0 0 4 4 3 0 3 0 0 3 4 0 0 3 13 2 3 5 3 4 1
21311031 910 9 1 2 3 3 1 2 3 1 2 3 1 4 0.33333333333333331 5 0.33333333333333331 6 0.33333333333333331 3 3 3 0 0 3 2 1 4 0 4 0 6 13 1 2 5 5 3
21311033 823 7 2 2 3 1 1 2 2 1 0 3 1 0 0 0 0 2 4 1 1 1 2 0 0 5 6 0 0 4 5 1 0 13 4 3
21311036 953 5 1 1 2 1 3 1 0 1 1 0 0 0 0 3 1 1 3 0 0 0 0 3 2 0 5 2 3 5 3 13 2 3
21311037 791 11 2 1 1 1 3 2 3 3 2 3 2 1 0 1 1 0 0 0 0 3 4 4 2 3 2 6 13 5 1 3 5 3 3 0 1 8 0 0
21311040 957 2 3 3 1 0 1 1 0 0 0 0 0 0 2 0 3 2 6 1 4 5 3 3 7 8 4 0 2 3 13
21311041 832 9 2 3 2 1 2 1 1 2 3 1 0 3 1 0 0 0 0 3 4 2 0 13 1 3 1 4 3 1 0 2 7 4 3 0 0 2
21311042 928 5 1 2 3 2 1 1 0 1 1 0 0 0 0 2 2 1 0 0 2 0 0 2 3 1 3 3 13 4 0 4 5 4
21311043 768 8 1 2 1 3 1 2 2 2 1 0 3 1 0 0 0 0 3 4 1 4 1 3 1 4 13 3 3 1 7 4 2 3 0 2 0
21311044 748 4 1 2 3 3 1 0 3 1 0 0 0 0 1 1 2 3 5 2 3 3 1 13 0 2 7 3 3 0 3 1 0
21311045 946 6 3 2 1 3 2 2 1 0 1 1 0 0 0 0 1 3 2 2 13 2 3 3 1 3 5 5 3 6 1 1 2 0 1
21311046 899 7 3 2 1 2 1 1 2 1 0 3 1 0 0 0 0 3 3 1 0 3 0 0 0 1 3 4 0 0 4 4 2 3 13 3
21311047 1040 7 1 3 2 3 1 1 1 1 0 2 1 0 0 0 0 4 1 2 13 3 2 0 5 1 0 0 2 4 2 3 3 0 0 0
21311048 895 10 2 2 1 2 3 1 3 3 1 2 1 0 1 1 0 0 0 0 3 4 3 0 0 0 3 1 4 0 0 4 4 2 3 5 6 13 0
21311049 927 8 1 3 1 1 3 3 1 2 1 0 3 1 0 0 0 0 4 1 3 0 0 2 0 3 2 3 1 0 13 6 3 2 2 4 4
21311050 815 2 3 1 1 0 1 1 0 0 0 0 1 0 1 0 0 2 0 0 1 0 3 2 4 3 0 13 7 5 2
21311051 861 3 2 3 1 1 0 1 1 0 0 0 0 1 1 1 0 0 0 2 0 4 7 3 2 2 3 7 1 1 3 13
21311052 977 1 2 1 0 3 1 0 0 0 0 0 1 0 3 2 13 3 0 2 4 1 3 5 1 1 0 2 1 0
21311053 821 0 1 0 2 1 0 0 0 0 0 0 0 13 4 4 1 3 3 3 0 2 4 0 0 0 3 1 0
21311055 876 8 1 1 1 3 2 3 3 2 1 0 2 1 0 0 0 0 3 2 3 2 0 1 0 13 3 4 1 1 7 5 3 4 3 2 2
21311057 872 5 1 1 3 3 2 1 0 3 1 0 0 0 0 2 1 2 0 0 2 0 3 2 4 3 1 1 13 5 2 4 1 2
21311058 1019 5 1 2 1 2 3 1 0 3 1 0 0 0 0 2 2 1 0 6 2 13 0 3 6 7 2 1 2 1 0 1 3 3
21311061 895 1 2 1 0 3 1 0 0 0 0 0 1 0 1 2 2 4 1 6 4 1 0 1 13 3 0 0 0 2
21311062 689 7 1 2 3 1 2 3 2 1 0 1 1 0 0 0 0 2 3 2 0 2 0 2 0 4 5 3 0 4 1 3 1 3 6 13
21311063 977 6 2 3 1 3 1 2 1 0 2 1 0 0 0 0 2 2 2 1 1 6 3 3 13 6 0 6 7 5 0 4 4 0 2
21311066 875 3 1 3 3 1 0 3 1 0 0 0 0 1 0 2 2 3 13 2 6 4 4 0 3 1 7 1 0 4 2 0
21311068 938 0 1 0 2 1 0 0 0 0 0 0 0 3 2 3 3 1 3 4 13 0 2 1 3 0 0 5 1
21311072 779 4 1 3 1 2 1 0 3 1 0 0 0 0 2 1 1 2 0 0 0 9 3 1 1 5 3 2 0 13 2 3 3
21311076 893 11 2 1 2 1 1 1 2 2 3 3 3 1 0 3 1 0 0 0 0 4 4 3 1 1 2 1 3 1 4 3 13 3 2 0 3 4 2 2
21311078 856 11 1 1 1 3 2 1 3 3 2 2 2 1 0 3 1 0 0 0 0 4 4 3 13 3 3 2 4 1 1 0 3 5 0 0 2 3 0 0
21311079 867 4 2 3 1 2 1 0 3 1 0 0 0 0 1 2 1 2 2 13 1 0 5 3 1 3 0 2 1 0 0 3 1
21311080 786 10 3 1 2 2 1 2 3 3 1 3 1 0 1 1 0 0 0 0 3 3 4 0 0 3 2 0 1 4 4 0 3 2 13 1 4 2 4
21311081 994 10 1 2 2 2 1 1 2 3 1 3 1 0 3 1 0 0 0 0 4 4 2 3 0 0 0 3 1 2 2 13 4 1 0 2 5 1 0
21311082 1174 10 1 1 2 3 1 3 1 2 2 3 1 0 3 1 0 0 0 0 4 3 3 2 3 8 13 0 1 6 7 3 5 4 1 0 2 0 2
21311083 753 8 3 3 1 1 3 2 1 1 3 1 4 0.33333333333333331 5 0.33333333333333331 6 0.33333333333333331 4 1 3 2 0 0 0 0 0 3 0 4 5 2 0 13 4 4 2
21311084 815 6 1 1 3 1 2 3 1 0 3 1 0 0 0 0 3 1 2 2 3 2 13 1 3 1 7 2 3 6 2 0 0 4 3
21311085 846 5 1 2 3 1 3 1 0 3 1 0 0 0 0 2 1 2 0 1 3 3 2 3 13 2 0 4 5 4 0 1 0 2
21311086 787 9 3 2 2 3 1 2 3 1 1 1 0 2 1 0 0 0 0 3 3 3 1 4 3 3 0 0 1 13 3 2 3 3 0 3 4 0
21311087 904 10 2 2 1 3 2 1 3 2 1 3 1 0 3 1 0 0 0 0 3 4 3 0 0 3 2 0 1 5 1 3 4 3 4 1 2 3 13
21311089 853 4 1 1 3 2 1 0 1 1 0 0 0 0 2 1 1 0 13 2 2 1 6 4 2 3 0 3 3 0 1 3 2
21311090 980 4 2 2 3 1 1 0 1 1 0 0 0 0 1 2 1 1 4 3 3 0 6 5 5 2 13 4 3 0 0 3 0
21311092 910 6 3 2 2 3 1 2 1 0 1 1 0 0 0 0 1 3 2 1 5 4 4 0 3 4 8 0 0 13 3 0 0 3 0
21311094 890 2 2 2 1 0 1 1 0 0 0 0 0 2 0 3 1 5 0 13 3 3 0 3 2 7 3 0 4 0 1
21311095 1009 6 3 1 2 3 1 2 1 0 1 1 0 0 0 0 2 2 2 0 3 0 2 1 4 1 3 0 13 4 2 0 2 4 3
21311097 929 9 3 3 2 1 1 3 3 1 2 1 0 1 1 0 0 0 0 3 2 4 7 5 4 3 2 4 13 2 0 9 4 1 0 0 0 2
21311098 983 8 3 3 2 1 3 2 2 3 1 0 1 1 0 0 0 0 1 3 4 4 2 7 0 2 1 5 0 3 2 3 0 1 13 1 1
21311101 901 3 3 1 2 1 0 2 1 0 0 0 0 1 1 1 1 2 0 0 4 1 4 0 3 13 0 3 2 4 1 3
21311102 858 11 3 2 1 2 1 2 2 3 3 3 1 1 0 1 1 0 0 0 0 3 4 4 3 1 2 3 3 1 4 13 0 3 4 4 0 0 0 2
21311103 910 9 1 1 3 3 3 3 2 2 1 1 0 2 1 0 0 0 0 3 2 4 1 2 0 2 3 2 4 7 1 3 1 9 0 4 7 13
21311105 876 9 2 3 2 2 3 1 1 1 3 1 0 3 1 0 0 0 0 3 3 3 1 13 4 1 4 9 1 5 2 3 2 0 3 6 2 0
21311109 928 7 2 1 1 1 2 3 2 3 1 8 0.33333333333333331 9 0.33333333333333331 10 0.33333333333333331 3 3 1 0 0 0 1 0 6 2 3 0 4 4 3 3 13 7 5
21311112 942 3 1 3 3 1 0 3 1 0 0 0 0 1 0 2 0 0 6 2 1 1 2 2 9 3 8 1 13 5 7 2
21311113 1005 5 3 3 1 2 3 1 0 1 1 0 0 0 0 1 1 3 3 2 0 0 0 4 1 0 3 3 3 2 4 9 13 7
21311115 835 10 2 3 2 1 3 3 1 1 2 3 1 0 2 1 0 0 0 0 3 3 4 13 4 4 0 8 3 3 1 6 7 3 0 4 1 2 0
21311116 1055 5 1 3 3 2 1 1 0 3 1 0 0 0 0 2 1 2 13 8 4 0 4 5 3 3 3 7 6 2 3 3 0 0
21311117 869 3 3 2 2 1 0 2 1 0 0 0 0 0 2 1 1 1 13 4 3 5 1 1 0 0 2 3 0 0 0 3
21311121 909 2 3 3 1 0 1 1 0 0 0 0 0 0 2 0 2 3 4 0 3 4 6 0 1 4 2 2 3 1 13
21311122 990 8 2 1 3 3 3 2 2 1 1 0 1 1 0 0 0 0 2 3 3 0 3 0 0 2 3 0 0 4 5 1 0 13 5 7 3
21311123 857 8 2 1 1 3 1 3 2 2 1 0 1 1 0 0 0 0 3 3 2 3 0 2 3 2 3 4 0 1 3 8 3 4 5 13 0
21311126 886 11 3 2 1 1 3 2 2 2 3 3 1 1 0 1 1 0 0 0 0 3 4 4 13 5 3 2 0 7 1 4 3 4 5 0 0 2 1 0
21311127 1004 11 3 2 1 2 1 2 3 1 3 3 1 1 0 2 1 0 0 0 0 4 3 4 4 13 4 3 6 5 1 0 3 0 1 2 0 0 2 0
21311129 872 5 3 3 2 2 1 1 0 2 1 0 0 0 0 1 2 2 13 3 1 0 4 9 3 1 4 4 0 0 0 6 0 3
21311130 824 2 1 3 3 1 6 0.33333333333333331 7 0.33333333333333331 8 0.33333333333333331 1 0 1 3 2 3 1 2 6 4 3 0 13 8 3 0 0 2 1
21311131 968 8 1 3 2 2 2 3 1 3 1 0 2 1 0 0 0 0 2 3 3 13 5 4 0 4 7 3 3 3 7 1 0 1 0 0 0
21311132 818 7 2 3 3 3 2 3 2 1 0 2 1 0 0 0 0 0 3 4 1 5 3 1 3 4 1 7 13 3 2 0 1 0 0 1
21311133 1003 10 1 2 3 3 2 2 1 2 1 1 1 0 3 1 0 0 0 0 4 4 2 0 3 2 3 3 1 4 13 0 3 5 3 0 1 2 0
21311135 960 0 1 0 1 1 0 0 0 0 0 0 0 13 0 3 3 1 7 3 2 4 5 4 0 2 3 0 0
21311136 920 3 3 1 1 1 0 3 1 0 0 0 0 2 0 1 0 0 7 1 3 4 3 2 2 5 8 13 2 3 7 4
21311137 928 2 1 2 1 0 3 1 0 0 0 0 1 1 0 0 0 0 2 3 1 0 0 5 6 5 0 13 4 7 4
21311139 912 4 3 1 2 1 1 0 1 1 0 0 0 0 2 1 1 3 0 0 0 3 3 0 3 2 3 3 0 2 5 13 0
21311143 883 10 2 1 3 2 2 3 2 1 1 3 1 0 3 1 0 0 0 0 3 4 3 0 2 1 0 3 6 2 0 3 4 1 5 13 5 4 1
21311144 903 3 2 2 3 1 0 1 1 0 0 0 0 0 2 1 0 0 0 3 0 8 3 2 1 3 1 5 0 1 2 13
21311145 831 10 3 2 1 2 1 3 3 2 3 1 1 0 2 1 0 0 0 0 3 3 4 0 4 5 13 2 0 4 3 0 0 7 4 0 0 1 1
21311146 1068 6 2 2 3 3 2 1 1 0 1 1 0 0 0 0 1 3 2 4 2 0 1 4 2 3 0 4 1 3 9 13 1 3 0
21311149 918 2 3 2 1 0 1 1 0 0 0 0 0 1 1 3 0 3 0 5 6 3 4 2 4 13 7 5 4 6 1
21311150 910 2 2 3 1 0 2 1 0 0 0 0 0 1 1 13 8 1 5 4 3 6 4 3 1 4 0 0 3 0 0
21311153 973 9 3 2 1 3 3 1 2 2 2 1 0 1 1 0 0 0 0 2 4 3 13 3 2 3 1 8 4 0 5 4 6 1 3 0 3 0
21311154 961 1 1 1 0 3 1 0 0 0 0 1 0 0 4 1 5 0 3 5 2 0 3 2 13 1 2 0 0 0
21311156 816 4 3 3 1 2 1 0 1 1 0 0 0 0 1 1 2 0 1 0 8 5 3 6 3 0 4 13 9 2 3 5 2
21311157 791 11 2 3 3 2 3 1 1 3 1 1 2 1 0 2 1 0 0 0 0 4 3 4 1 4 3 2 4 5 0 13 3 2 3 1 0 0 3 0
21311159 936 5 1 2 3 2 2 1 0 3 1 0 0 0 0 1 3 1 0 0 1 0 1 3 0 0 13 3 4 3 3 8 5 3
21311160 928 7 2 3 3 3 3 2 2 3 1 8 0.33333333333333331 9 0.33333333333333331 10 0.33333333333333331 0 3 4 1 1 0 0 0 1 3 6 2 5 4 1 0 3 4 13
21311161 788 1 2 1 0 1 1 0 0 0 0 0 1 0 0 2 0 0 1 3 5 0 5 13 3 3 3 4 4 0
21311165 921 1 3 1 0 1 1 0 0 0 0 0 0 1 1 2 2 2 3 6 7 3 1 5 1 8 0 3 2 13
21311166 1079 1 1 1 0 1 1 0 0 0 0 1 0 0 0 0 3 0 2 3 5 0 0 4 3 0 3 5 13 2
21311167 992 11 3 1 3 2 1 2 2 1 1 3 3 1 0 2 1 0 0 0 0 4 3 4 1 2 13 1 3 6 5 3 0 4 2 1 0 2 2 1
21311168 901 9 1 2 1 1 2 3 3 3 3 1 0 2 1 0 0 0 0 3 2 4 7 1 2 0 3 1 5 3 5 13 1 2 2 6 7 5
21311171 821 4 2 1 3 2 1 0 3 1 0 0 0 0 1 2 1 2 0 0 0 13 1 0 0 7 5 1 1 3 2 3 0
21311172 830 4 3 3 3 2 3 1 7 0.33333333333333331 8 0.33333333333333331 9 0.33333333333333331 0 1 3 1 2 0 0 1 5 0 2 5 4 13 0 1 3 3 0
21311174 762 10 2 2 3 1 1 2 3 1 3 3 1 0 1 1 0 0 0 0 3 3 4 1 6 0 2 2 3 13 0 2 5 3 7 4 4 1 0
21311175 885 5 3 1 1 3 1 1 0 2 1 0 0 0 0 3 0 2 3 1 2 0 2 5 13 0 5 3 4 2 3 2 0 1
21311176 936 0 1 0 3 1 0 0 0 0 0 0 0 1 2 3 5 0 3 1 5 0 2 0 8 0 13 6 3
21311178 992 1 1 1 0 2 1 0 0 0 0 1 0 0 0 0 3 0 1 0 3 13 5 4 4 8 2 2 1 3
21311179 953 5 1 1 2 2 3 1 0 3 1 0 0 0 0 2 2 1 0 0 0 1 0 0 5 2 0 0 4 13 2 4 5 1
21311180 909 11 1 3 2 3 3 3 1 1 1 2 2 1 0 2 1 0 0 0 0 4 3 4 4 3 13 0 3 4 2 3 0 2 1 3 0 0 1 0
21311181 949 8 1 3 3 2 2 3 1 2 1 0 1 1 0 0 0 0 2 3 3 9 0 0 0 0 6 3 4 3 1 3 13 3 2 5 3
21311183 893 11 2 1 1 3 1 3 3 3 2 2 1 1 0 2 1 0 0 0 0 4 3 4 0 13 5 2 0 4 1 3 1 4 5 2 2 3 3 1
21311185 743 9 2 1 3 3 2 3 1 2 1 1 0 3 1 0 0 0 0 3 3 3 2 13 7 1 4 5 2 3 0 1 3 2 0 1 0 0
21311186 808 5 3 3 1 3 1 1 0 2 1 0 0 0 0 2 0 3 0 13 4 3 1 7 3 4 2 4 5 0 0 2 0 0
21311188 934 6 2 2 2 2 1 1 1 0 3 1 0 0 0 0 2 4 0 0 0 1 0 13 5 3 0 4 6 5 4 1 3 0 3
21311191 898 6 3 1 3 2 2 3 1 0 1 1 0 0 0 0 1 2 3 0 1 6 0 0 3 4 2 0 0 4 13 3 3 3 4
21311192 950 0 1 0 3 1 0 0 0 0 0 0 0 13 5 9 0 6 5 2 1 4 1 2 0 0 3 0 0
21311193 901 1 3 1 0 3 1 0 0 0 0 0 0 1 1 3 1 13 4 3 3 5 0 6 2 4 0 0 2 3
21311194 861 9 3 1 2 2 1 2 3 1 3 1 0 1 1 0 0 0 0 3 3 3 2 3 0 0 0 4 0 0 3 6 4 13 1 2 3 3
21311195 893 1 1 1 0 2 1 0 0 0 0 1 0 0 0 3 0 1 1 4 3 0 5 8 4 2 3 2 13 0
21311196 974 4 1 2 3 1 1 0 2 1 0 0 0 0 2 1 1 2 0 1 0 3 7 3 0 8 3 4 0 13 3 3 3
21311197 930 10 2 1 2 3 3 2 1 2 1 3 1 0 3 1 0 0 0 0 3 4 3 13 3 1 3 3 5 9 2 3 4 6 2 0 1 0 1
21311198 880 4 2 3 3 2 1 0 1 1 0 0 0 0 0 2 2 2 2 3 13 3 1 4 7 4 6 4 1 0 1 5 0
21311199 883 9 2 2 2 1 3 1 1 2 3 1 0 3 1 0 0 0 0 3 4 2 2 8 13 3 1 3 2 3 3 6 8 1 1 3 0 0
21311200 827 2 1 2 1 0 1 1 0 0 0 0 1 1 0 0 0 3 0 13 3 4 0 4 4 3 2 1 4 0 2
