21311668 1304 4 3 1 3 2 3 1 8 0.33333333333333331 9 0.33333333333333331 10 0.33333333333333331 1 1 2 3 1 14 3 0 4 7 1 0 5 3 0 0 2 0 2
21311673 1494 7 3 1 3 2 2 1 3 1 0 1 1 0 0 0 0 2 2 3 4 3 6 3 14 7 2 0 9 4 2 0 4 3 0 1
21311677 1346 8 3 2 3 2 3 3 2 1 1 0 1 1 0 0 0 0 1 3 4 3 0 2 0 1 1 0 0 6 2 3 1 5 14 4 3
21311681 1457 1 3 1 0 3 1 0 0 0 0 0 0 1 2 4 14 0 1 1 3 1 2 5 3 2 0 1 2 0
21311687 1309 1 2 1 0 1 1 0 0 0 0 0 1 0 2 14 9 4 4 2 7 8 3 1 5 6 1 0 7 4
21311691 1358 0 1 0 3 1 0 0 0 0 0 0 0 0 0 0 3 0 3 0 4 0 2 5 2 1 3 1 14
21311695 1595 8 1 3 2 1 2 1 3 2 3 1 7 0.33333333333333331 8 0.33333333333333331 9 0.33333333333333331 3 3 2 3 14 6 4 8 8 5 3 4 2 1 3 2 1 5 0
21311699 1310 7 1 3 1 1 3 3 2 3 1 4 0.33333333333333331 5 0.33333333333333331 6 0.33333333333333331 3 1 3 2 2 2 3 0 4 5 1 0 5 14 8 0 4 6 7
21311700 1186 6 3 1 2 2 1 3 1 0 3 1 0 0 0 0 2 2 2 2 3 0 1 2 6 6 0 4 4 2 2 1 1 14 1
21311702 1472 6 2 2 1 2 3 1 1 0 3 1 0 0 0 0 2 3 1 3 1 3 4 0 3 6 14 0 3 5 2 0 1 0 0
21311704 1499 4 1 3 2 3 1 0 1 1 0 0 0 0 1 1 2 5 1 5 2 14 0 3 3 3 2 4 1 2 3 0 0
21311709 1551 9 3 2 2 3 2 2 3 1 3 1 0 1 1 0 0 0 0 1 4 4 0 3 3 4 0 0 5 14 1 0 4 4 0 0 1 0
21311710 1203 7 3 1 1 1 3 2 1 1 0 2 1 0 0 0 0 4 1 2 0 7 1 3 0 4 4 9 2 4 7 14 2 5 7 2
21311713 1379 9 3 2 2 3 3 1 1 3 2 1 0 1 1 0 0 0 0 2 3 4 14 3 7 0 2 3 6 2 7 4 9 1 1 3 0 0
21311714 1608 5 1 3 3 1 2 1 0 3 1 0 0 0 0 2 1 2 2 1 3 0 14 5 1 2 4 2 3 1 0 0 2 0
21311717 1433 1 3 1 0 2 1 0 0 0 0 0 0 1 8 5 4 3 14 3 0 0 8 2 5 3 4 0 1 1
21311718 1405 2 2 3 1 0 2 1 0 0 0 0 0 1 1 4 5 3 4 9 14 1 0 4 7 3 0 4 1 2 1
21311719 1497 8 3 3 1 2 1 2 3 1 3 1 9 0.33333333333333331 10 0.33333333333333331 11 0.33333333333333331 3 2 3 0 0 1 0 2 2 0 0 3 3 3 4 9 5 14 4
21311726 1301 4 3 1 1 2 1 0 3 1 0 0 0 0 2 1 1 0 2 0 0 0 0 0 3 4 2 4 3 1 6 14 3
21311734 1371 11 3 1 2 3 2 1 2 2 3 3 1 1 0 1 1 0 0 0 0 3 4 4 2 2 4 1 0 3 3 14 0 5 3 3 3 1 8 3
21311741 1355 1 2 1 0 3 1 0 0 0 0 0 1 0 9 0 1 0 3 1 3 0 14 5 2 1 4 8 2 0
21311745 1439 0 1 0 2 1 0 0 0 0 0 0 0 0 0 1 4 0 0 3 1 3 3 2 3 4 5 14 6
21311749 1490 6 3 3 1 2 3 1 1 0 1 1 0 0 0 0 2 1 3 3 0 3 0 4 0 3 7 2 6 4 2 4 14 7 3
21311753 1293 6 1 1 2 3 3 1 1 0 2 1 0 0 0 0 3 1 2 0 0 0 3 3 0 2 3 3 4 2 4 0 0 1 14
21311754 1477 2 1 2 3 1 6 0.33333333333333331 7 0.33333333333333331 8 0.33333333333333331 1 1 0 0 1 8 4 4 6 3 2 2 3 14 1 0 3 0 4
21311755 1242 8 1 1 3 3 1 2 3 1 1 0 2 1 0 0 0 0 4 1 3 5 3 1 3 14 2 0 0 4 3 0 0 3 0 2 2
21311756 1208 1 2 1 0 1 1 0 0 0 0 0 1 0 0 0 2 7 0 0 3 5 1 3 1 14 5 4 2 3
21311758 1278 3 3 1 3 1 0 3 1 0 0 0 0 1 0 2 3 1 2 0 14 8 0 1 5 4 3 0 4 2 4 2
21311765 1379 9 1 1 2 3 2 3 1 3 3 1 0 2 1 0 0 0 0 3 2 4 0 1 1 0 4 3 0 0 2 7 2 0 14 1 3 2
21311766 1261 11 2 1 2 3 1 1 1 2 3 2 3 1 0 3 1 0 0 0 0 4 4 3 0 1 0 0 0 5 2 2 3 1 3 14 0 0 3 3
21311768 1377 0 1 0 2 1 0 0 0 0 0 0 0 1 0 3 0 0 2 4 0 4 4 1 3 14 1 3 2
21311774 1527 2 3 1 1 0 3 1 0 0 0 0 1 0 1 2 2 0 14 0 2 3 1 0 4 3 1 0 5 7 3
21311782 1395 10 1 1 2 2 3 3 2 2 3 1 1 0 1 1 0 0 0 0 3 4 3 1 2 0 3 3 1 0 0 2 3 6 0 3 14 3 0
21311806 1121 4 1 1 2 3 3 1 4 0.33333333333333331 5 0.33333333333333331 6 0.33333333333333331 2 1 1 0 2 0 3 3 3 0 5 3 4 5 8 0 1 14 2
21311807 1585 3 3 1 2 1 0 1 1 0 0 0 0 1 1 1 2 5 3 0 14 3 3 3 4 5 4 3 3 3 0 0
21311808 1223 0 3 1 8 0.33333333333333331 9 0.33333333333333331 10 0.33333333333333331 0 0 0 3 8 5 0 14 4 7 0 3 4 3 5 3 2 3 1
21311811 1403 10 1 3 1 3 2 3 2 2 3 1 1 0 2 1 0 0 0 0 3 3 4 1 0 0 0 3 14 8 1 4 7 5 3 2 4 3 10
21311813 1357 9 3 3 3 1 2 1 2 3 1 1 0 1 1 0 0 0 0 3 2 4 0 2 0 0 1 2 4 2 4 6 8 3 4 7 14 4
21311814 1275 10 1 2 1 2 3 3 2 1 3 3 1 0 2 1 0 0 0 0 3 3 4 2 8 14 1 2 3 0 9 5 0 3 1 0 0 1 0
21311820 1342 6 2 1 3 3 1 3 1 0 1 1 0 0 0 0 2 1 3 0 0 0 2 1 3 0 0 14 3 5 2 3 5 2 0
21311822 1475 3 2 1 1 1 0 2 1 0 0 0 0 2 1 0 5 14 3 3 7 5 4 0 4 0 3 0 0 3 0 0
21311826 1361 6 1 3 2 3 2 1 1 0 2 1 0 0 0 0 2 2 2 3 3 0 4 0 1 3 2 4 3 14 5 1 5 4 4
21311827 1447 11 1 3 2 3 2 2 2 3 3 1 1 1 0 1 1 0 0 0 0 3 4 4 1 3 3 0 0 7 5 3 0 14 7 5 0 0 4 2
21311829 1569 11 1 1 2 1 3 3 2 2 3 3 1 1 0 2 1 0 0 0 0 4 3 4 0 1 5 2 6 2 3 1 3 0 8 14 0 0 3 3
