21312312 1435 4 2 3 3 3 1 0 1 1 0 0 0 0 0 1 3 3 0 0 0 4 2 2 3 14 2 0 1 3 1 1 0
21312317 1495 7 1 1 2 2 2 3 1 1 0 3 1 0 0 0 0 3 3 1 2 3 4 3 0 2 14 4 6 1 5 7 1 3 4 5
21312321 1229 1 2 1 0 2 1 0 0 0 0 0 1 0 3 5 8 4 1 3 3 14 2 6 1 1 0 3 0 3
21312325 1568 5 3 1 2 1 3 1 0 1 1 0 0 0 0 2 1 2 3 14 2 4 9 9 4 4 3 8 6 0 1 0 2 2
21312328 1542 5 3 1 3 3 2 1 0 1 1 0 0 0 0 1 1 3 3 0 2 0 6 9 3 3 5 7 2 1 6 14 9 3
21312329 1303 0 1 0 1 1 0 0 0 0 0 0 0 5 9 0 0 3 14 5 9 6 4 4 3 7 1 2 2
21312331 1281 1 1 1 0 2 1 0 0 0 0 1 0 0 1 4 0 1 9 5 8 0 2 14 4 0 3 2 7 4
21312337 1311 4 2 3 1 3 1 0 3 1 0 0 0 0 1 1 2 3 4 14 1 3 6 8 3 0 2 1 5 2 3 0 0
21312341 1605 5 2 1 1 2 3 1 0 3 1 0 0 0 0 2 2 1 4 3 7 4 2 5 14 2 0 1 3 3 0 3 1 0
21312342 1336 2 3 2 1 0 1 1 0 0 0 0 0 1 1 1 3 2 3 3 0 3 4 0 0 5 14 0 0 0 3
21312347 1383 4 1 3 1 3 1 0 2 1 0 0 0 0 2 0 2 3 0 1 0 1 3 3 2 5 14 2 4 2 3 3 3
21312350 1656 4 1 3 3 2 1 0 3 1 0 0 0 0 1 1 2 0 5 5 2 2 1 3 14 4 1 9 6 0 0 2 1
21312360 1636 7 1 1 3 2 2 1 3 1 0 3 1 0 0 0 0 3 2 2 0 0 2 0 1 3 2 0 9 6 2 1 14 5 4 3
21312361 1242 6 3 3 1 1 3 2 1 0 1 1 0 0 0 0 2 1 3 3 2 3 0 14 8 1 1 4 3 2 2 0 2 3 0
21312362 1391 3 1 3 3 1 0 2 1 0 0 0 0 1 0 2 1 3 2 7 3 1 14 5 0 5 4 1 0 2 2 0
21312370 1230 6 3 3 2 2 1 1 1 0 1 1 0 0 0 0 2 2 2 0 2 3 0 1 2 5 2 0 3 14 3 0 1 7 5
21312372 1459 0 1 0 2 1 0 0 0 0 0 0 0 6 10 4 3 1 2 14 3 3 1 4 1 0 0 2 0
21312382 1255 4 1 1 2 3 1 0 1 1 0 0 0 0 2 1 1 2 2 1 4 0 0 5 14 3 4 1 8 2 2 9 3
21312389 1346 5 2 2 1 2 1 1 0 3 1 0 0 0 0 2 3 0 3 14 2 3 2 6 3 4 3 1 4 1 3 0 1 3
21312394 1667 10 2 1 3 1 3 3 3 2 1 1 1 0 2 1 0 0 0 0 4 2 4 5 2 1 0 14 3 3 2 2 4 4 0 4 1 0 0
21312395 1433 2 2 3 1 0 1 1 0 0 0 0 0 1 1 1 14 2 4 3 6 4 4 1 0 2 5 3 3 3 0
