21110401 839 0 1 0 2 1 0 0 0 0 0 0 0 13 7 4 3 1 4 5 3 1 3 3 0 2 0 0 0
21110402 960 10 1 2 3 2 2 1 3 3 1 1 1 0 3 1 0 0 0 0 4 3 3 2 3 7 13 0 3 3 3 0 5 3 7 0 3 0 0
21110403 818 10 1 1 2 3 2 1 3 2 3 2 1 0 3 1 0 0 0 0 3 4 3 3 13 3 2 1 4 5 4 3 0 3 0 1 1 2 0
21110404 809 1 2 1 0 3 1 0 0 0 0 0 1 0 0 6 8 13 3 3 5 4 0 4 3 3 0 0 0 1
21110407 841 8 1 3 2 3 1 3 2 3 1 0 2 1 0 0 0 0 2 2 4 1 3 13 6 1 3 8 0 0 2 5 0 1 3 2 0
21110408 985 2 2 2 1 0 1 1 0 0 0 0 0 2 0 4 0 0 0 1 4 1 8 5 13 2 3 3 4 3 4
21110410 904 11 1 3 2 1 3 1 1 2 3 2 3 1 0 2 1 0 0 0 0 4 3 4 0 0 6 3 0 3 0 8 0 3 4 5 2 13 4 1
21110411 856 3 1 3 1 1 0 3 1 0 0 0 0 2 0 1 13 1 5 0 6 3 4 2 4 5 7 2 3 0 3 2
21110412 962 3 2 3 1 1 0 1 1 0 0 0 0 1 1 1 1 1 3 0 2 2 5 3 0 4 2 6 0 13 9 3
21110414 748 7 3 1 1 3 1 1 3 1 0 2 1 0 0 0 0 4 0 3 2 4 2 3 3 3 4 13 0 0 5 3 0 0 2 3
21110415 915 8 3 3 1 3 2 2 3 1 1 0 2 1 0 0 0 0 2 2 4 1 2 1 4 3 5 3 6 0 4 4 13 0 0 7 5
21110416 799 9 3 1 2 3 1 3 2 1 1 1 0 2 1 0 0 0 0 4 2 3 0 3 13 4 4 2 4 3 0 5 6 1 3 4 3 2
21110417 944 10 2 1 3 1 3 2 2 1 1 2 1 0 3 1 0 0 0 0 4 4 2 13 6 3 0 1 5 3 0 3 4 3 3 2 3 0 0
21110418 777 6 2 3 3 1 1 3 1 0 2 1 0 0 0 0 2 1 3 0 2 0 0 3 1 4 1 2 13 2 0 1 3 4 5
21110419 855 2 3 3 1 0 2 1 0 0 0 0 0 0 2 4 3 5 4 3 6 13 4 0 2 8 1 0 0 1 0
21110420 794 4 3 2 3 1 1 0 2 1 0 0 0 0 1 1 2 4 0 0 1 1 3 3 0 9 13 3 2 6 4 4 0
21110421 863 6 1 2 3 2 1 1 1 0 2 1 0 0 0 0 3 2 1 0 0 0 1 2 1 3 5 4 5 5 0 13 7 3 2
21110422 1030 10 3 1 3 1 2 2 2 2 1 1 1 0 3 1 0 0 0 0 4 4 2 13 2 3 0 4 1 0 3 6 0 2 0 1 3 0 0
21110424 860 9 2 3 1 3 3 2 1 1 3 1 0 1 1 0 0 0 0 3 2 4 2 1 3 13 0 3 2 3 4 2 4 1 0 0 3 2
21110425 870 6 3 3 1 1 2 3 1 0 1 1 0 0 0 0 2 1 3 0 0 1 0 3 2 2 2 0 2 13 4 0 3 5 1
21110426 945 0 1 0 2 1 0 0 0 0 0 0 0 0 3 3 13 1 5 4 4 1 3 6 5 2 4 3 0
21110428 963 2 1 2 1 0 3 1 0 0 0 0 1 1 0 0 0 3 1 5 3 2 0 1 4 3 0 2 3 13 0
21110430 779 2 1 3 1 0 3 1 0 0 0 0 1 0 1 1 0 0 0 2 4 5 2 2 5 13 5 1 2 8 1
21110432 964 2 3 1 1 0 2 1 0 0 0 0 1 0 1 0 3 7 2 1 6 3 13 3 0 6 3 3 0 0 0
21110433 846 3 2 2 1 1 0 2 1 0 0 0 0 1 2 0 4 1 3 1 8 3 0 0 3 13 3 8 4 0 0 3
21110434 888 2 1 3 1 0 3 1 0 0 0 0 1 0 1 0 2 2 13 0 0 5 6 3 1 5 7 0 1 0 2
21110435 936 7 1 1 2 3 3 2 1 1 0 2 1 0 0 0 0 3 2 2 2 3 13 7 5 6 2 8 0 1 0 4 0 3 3 1
21110436 965 0 1 0 3 1 0 0 0 0 0 0 0 0 3 6 13 0 4 5 4 0 4 6 1 2 1 7 2
21110437 981 6 3 2 1 2 3 3 1 0 3 1 0 0 0 0 1 2 3 0 3 3 1 2 6 2 3 0 1 13 2 3 1 3 1
21110439 836 6 1 2 1 3 2 3 1 0 2 1 0 0 0 0 2 2 2 3 4 2 0 13 5 0 9 5 4 1 3 1 9 8 0
21110440 814 10 1 1 2 3 3 2 2 2 3 3 1 0 1 1 0 0 0 0 2 4 4 0 1 0 0 3 1 2 3 1 4 2 4 3 5 3 13
21110442 846 1 1 1 0 1 1 0 0 0 0 1 0 0 3 0 0 2 0 0 4 13 3 5 3 4 0 3 0 2
21110446 933 9 2 2 3 3 2 1 3 1 1 1 0 1 1 0 0 0 0 3 3 3 0 4 6 2 0 1 4 1 2 13 4 2 0 0 3 0
21110447 914 5 2 1 1 3 2 1 0 3 1 0 0 0 0 2 2 1 3 4 5 13 0 3 6 3 0 0 0 2 0 0 0 1
21110448 893 1 1 1 0 1 1 0 0 0 0 1 0 0 0 1 2 13 3 3 4 4 0 2 5 3 2 3 4 3
21110449 929 1 2 1 0 1 1 0 0 0 0 0 1 0 13 1 3 3 2 4 6 3 4 5 5 0 0 0 1 2
21110451 952 4 3 1 2 3 1 0 2 1 0 0 0 0 1 1 2 0 6 4 13 2 6 3 1 3 4 1 1 0 0 0 2
21110452 963 11 1 2 1 3 3 1 2 1 3 3 2 1 0 2 1 0 0 0 0 4 3 4 0 4 1 4 0 2 13 4 2 3 3 4 0 1 0 0
21110453 913 9 3 1 2 3 3 2 2 2 1 1 0 3 1 0 0 0 0 2 4 3 0 0 4 1 13 2 2 1 1 3 5 4 3 3 3 1
21110454 737 5 2 1 3 3 1 1 0 2 1 0 0 0 0 2 1 2 4 4 3 3 1 13 5 3 0 3 3 0 0 0 0 2
21110455 788 5 1 3 3 3 2 1 0 2 1 0 0 0 0 1 1 3 0 13 3 2 2 3 4 1 6 6 6 7 0 1 1 3
21110457 916 3 3 2 3 1 0 2 1 0 0 0 0 0 1 2 3 3 6 13 3 4 3 0 7 1 1 2 3 0 1 0
21110458 907 3 1 3 3 1 0 1 1 0 0 0 0 1 0 2 0 0 2 1 2 5 4 2 0 1 3 3 4 2 5 13
21110459 734 11 3 3 2 3 3 1 2 1 1 1 2 1 0 2 1 0 0 0 0 4 3 4 0 3 3 3 1 2 4 3 0 13 1 4 0 2 0 0
21110460 752 11 3 2 2 1 3 2 1 1 1 3 2 1 0 3 1 0 0 0 0 4 4 3 0 0 0 3 3 13 4 2 0 4 3 3 0 1 3 6
21110461 820 11 2 3 3 2 2 1 3 2 3 1 1 3 1 5 0.33333333333333331 6 0.33333333333333331 7 0.33333333333333331 3 4 4 13 4 6 1 3 3 3 3 7 8 2 3 0 5 0 1
21110462 832 7 1 1 2 2 1 3 2 1 0 1 1 0 0 0 0 3 3 1 3 4 2 3 2 4 5 3 13 4 1 0 0 0 0 3
21110464 906 10 1 2 1 3 2 3 3 3 2 1 1 0 2 1 0 0 0 0 3 3 4 2 3 9 6 4 8 13 4 3 4 4 7 1 3 0 1
21110466 1118 7 3 3 1 2 2 3 3 1 0 1 1 0 0 0 0 1 2 4 0 0 2 0 5 4 3 0 8 6 4 3 13 3 0 1
21110467 918 8 1 3 2 1 1 2 3 3 1 0 3 1 0 0 0 0 3 2 3 2 2 13 1 0 1 5 4 3 2 2 3 0 0 1 0
21110468 1023 8 2 1 1 1 2 2 3 3 1 0 3 1 0 0 0 0 3 3 2 13 3 3 1 5 3 4 2 1 6 0 0 2 3 0 0
21110469 1050 7 2 3 2 3 1 1 2 1 0 3 1 0 0 0 0 2 3 2 0 1 0 0 1 13 2 3 6 5 3 2 0 4 4 1
21110472 916 8 2 2 1 3 3 1 1 3 1 0 3 1 0 0 0 0 3 2 3 13 7 3 0 3 3 2 1 3 5 4 0 2 3 3 0
21110473 964 3 2 1 3 1 0 3 1 0 0 0 0 1 1 1 0 4 1 1 0 2 4 7 2 6 5 9 2 1 4 13
21110475 961 10 2 2 3 3 1 1 3 1 1 2 1 0 3 1 0 0 0 0 4 3 3 1 4 3 5 3 3 1 2 2 2 13 0 0 3 0 0
21110476 762 3 3 1 2 1 0 2 1 0 0 0 0 1 1 1 13 4 5 0 4 3 3 0 5 1 2 1 0 8 0 0
21110477 996 2 3 2 1 0 2 1 0 0 0 0 0 1 1 3 0 0 0 0 0 3 1 0 1 5 13 2 1 5 9
21110478 917 3 1 3 2 3 1 7 0.33333333333333331 8 0.33333333333333331 9 0.33333333333333331 1 1 1 0 0 1 0 0 3 0 2 0 13 4 4 3 4 3 5
21110480 786 8 1 2 1 3 2 3 2 1 1 0 2 1 0 0 0 0 3 3 2 0 3 3 4 0 6 3 3 1 6 3 13 3 0 0 0
21110481 961 9 1 3 2 2 1 3 2 3 3 1 0 2 1 0 0 0 0 2 3 4 0 1 6 3 1 7 5 13 0 0 3 3 0 3 6 4
21110482 841 7 3 1 2 2 2 2 3 1 0 3 1 0 0 0 0 1 4 2 3 1 0 0 7 3 0 1 7 3 4 0 13 1 8 0
21110483 901 4 1 2 2 3 1 0 3 1 0 0 0 0 1 2 1 9 4 0 0 13 6 3 0 5 3 3 3 0 0 1 0
21110484 944 8 2 1 3 2 2 1 1 2 1 0 3 1 0 0 0 0 3 4 1 13 6 4 0 3 4 3 0 5 4 1 3 3 0 0 0
21110486 992 5 3 3 1 1 1 1 0 3 1 0 0 0 0 3 0 2 0 2 0 4 2 2 7 6 4 3 1 8 2 4 6 13
21110488 955 11 2 2 2 3 2 1 1 3 3 1 1 1 0 3 1 0 0 0 0 4 4 3 2 3 2 0 3 7 1 1 1 13 0 2 1 5 2 0
21110491 814 7 3 1 1 2 2 1 1 1 0 2 1 0 0 0 0 4 2 1 0 0 0 3 2 7 3 4 2 4 4 7 0 1 4 13
21110493 993 6 3 3 1 2 1 2 1 0 1 1 0 0 0 0 2 2 2 1 0 0 0 2 2 0 0 3 5 1 3 2 13 4 3
21110495 885 3 1 3 1 1 0 3 1 0 0 0 0 2 0 1 0 2 0 3 2 4 0 0 1 3 5 2 13 4 3 7
21110498 866 4 2 2 2 1 1 0 3 1 0 0 0 0 1 3 0 0 1 4 3 0 0 7 4 2 3 2 13 1 4 1 1
21110499 852 7 3 2 3 1 3 1 3 1 0 2 1 0 0 0 0 2 1 4 4 2 3 4 2 4 13 4 0 1 1 1 0 0 0 2
21110500 887 11 2 2 1 3 2 3 2 1 3 1 1 1 0 3 1 0 0 0 0 4 4 3 0 2 1 0 0 6 8 4 0 7 1 3 5 13 3 2
21110503 858 7 1 3 2 3 2 2 1 1 0 3 1 0 0 0 0 2 3 2 2 4 0 0 1 1 6 3 7 13 2 1 3 4 6 4
21110505 890 7 2 1 1 3 2 1 3 1 0 2 1 0 0 0 0 3 2 2 0 2 1 0 0 0 7 7 4 13 5 3 3 3 4 3
21110506 793 5 2 2 1 1 3 1 0 3 1 0 0 0 0 2 2 1 2 3 6 3 13 4 0 1 3 3 0 0 4 3 0 0
21110509 872 1 3 3 1 7 0.33333333333333331 8 0.33333333333333331 9 0.33333333333333331 0 0 1 3 2 5 1 0 3 13 4 3 2 6 3 0 3 0 1
21110511 781 11 2 3 3 1 2 2 1 3 2 3 1 3 1 8 0.33333333333333331 9 0.33333333333333331 10 0.33333333333333331 3 4 4 1 3 4 1 3 4 2 0 13 3 3 5 3 7 9 5
21110515 869 8 3 3 1 2 1 2 1 3 1 0 3 1 0 0 0 0 3 2 3 13 8 3 1 4 6 2 4 3 5 1 0 2 3 2 0
21110516 792 6 3 2 3 2 1 3 1 0 2 1 0 0 0 0 1 2 3 3 0 0 3 2 1 8 4 4 5 13 5 1 3 1 7
21110517 863 9 2 1 3 3 3 1 2 2 2 1 0 1 1 0 0 0 0 2 4 3 0 3 0 0 0 3 0 4 1 3 6 8 0 4 5 13
21110519 902 7 2 3 2 1 1 2 1 1 0 2 1 0 0 0 0 3 3 1 3 13 1 1 3 4 4 0 3 6 3 3 3 0 2 0
21110520 777 9 3 1 2 1 3 2 3 1 3 1 0 2 1 0 0 0 0 3 2 4 1 3 3 13 0 3 3 7 0 2 6 1 0 2 3 0
21110521 831 7 2 1 1 3 2 2 2 1 0 3 1 0 0 0 0 2 4 1 3 1 3 0 3 7 0 3 7 3 1 0 4 13 3 0
21110522 854 2 3 1 1 0 2 1 0 0 0 0 1 0 1 6 0 0 0 3 0 3 3 0 0 5 4 3 3 3 13
21110523 774 8 1 2 3 1 2 3 2 2 1 0 1 1 0 0 0 0 2 4 2 0 13 5 2 3 6 4 1 0 1 4 0 3 0 5 3
21110524 1012 11 2 2 2 1 1 1 2 3 3 3 3 1 0 1 1 0 0 0 0 3 4 4 1 0 1 0 0 2 6 2 0 7 2 5 0 1 3 13
21110525 965 1 2 1 0 1 1 0 0 0 0 0 1 0 1 0 0 0 4 4 3 0 8 5 3 2 13 4 3 3
21110527 856 10 3 1 2 3 2 1 2 3 1 3 1 0 2 1 0 0 0 0 3 3 4 1 3 1 5 3 3 13 2 3 0 0 2 0 1 0 4
21110528 871 9 1 3 2 1 1 2 3 3 2 1 0 1 1 0 0 0 0 3 3 3 13 1 3 2 4 3 3 0 3 2 0 0 3 0 3 0
21110529 786 5 1 3 2 1 2 1 0 1 1 0 0 0 0 2 2 1 0 4 2 2 0 1 6 3 3 7 3 1 2 13 3 6
21110530 936 4 1 2 2 2 1 0 3 1 0 0 0 0 1 3 0 0 3 0 0 1 4 1 0 4 6 3 0 13 5 3 3
21110531 815 10 1 3 2 2 2 1 3 1 2 3 1 0 3 1 0 0 0 0 3 4 3 1 4 3 4 3 7 3 2 1 6 5 13 0 7 0 0
21110532 883 5 3 3 2 3 1 1 0 1 1 0 0 0 0 1 1 3 8 13 5 2 0 8 7 4 0 6 5 4 0 0 2 1
21110534 867 1 3 1 0 2 1 0 0 0 0 0 0 1 5 0 0 6 2 1 3 0 6 3 13 1 3 3 4 3
21110535 840 9 3 3 1 1 1 3 2 3 2 1 0 1 1 0 0 0 0 3 2 4 0 0 0 2 2 0 1 1 0 4 3 2 3 2 4 13
21110537 861 1 1 1 0 3 1 0 0 0 0 1 0 0 0 1 2 0 9 3 6 4 2 2 1 3 3 5 3 13
21110538 964 9 1 3 1 1 2 3 3 3 2 1 0 1 1 0 0 0 0 3 2 4 0 2 13 4 2 1 3 7 0 0 4 5 0 2 4 6
21110539 987 0 1 0 3 1 0 0 0 0 0 0 0 0 0 2 0 0 3 5 3 6 7 4 8 1 3 3 13
21110540 743 7 2 1 2 2 1 1 3 1 0 3 1 0 0 0 0 3 3 1 2 3 8 3 3 4 6 13 1 3 6 3 3 0 0 0
21110541 845 4 2 1 2 1 1 0 3 1 0 0 0 0 2 2 0 13 5 3 3 4 6 3 0 4 3 3 0 1 3 2 0
21110543 971 9 3 1 3 2 2 2 1 3 2 1 0 3 1 0 0 0 0 2 4 3 3 3 4 13 1 0 1 2 0 0 4 4 1 0 3 0
21110544 809 8 3 3 2 1 1 3 3 2 1 0 1 1 0 0 0 0 2 2 4 0 4 1 2 0 7 4 1 2 5 8 5 2 2 1 13
21110545 1055 6 2 2 1 1 2 1 1 0 3 1 0 0 0 0 3 3 0 4 3 3 0 3 4 5 0 13 8 1 3 2 3 0 0
21110546 919 7 2 1 3 3 3 1 3 1 0 1 1 0 0 0 0 2 1 4 2 1 0 0 0 0 2 13 0 7 6 6 0 2 4 4
21110548 870 4 1 3 2 3 1 0 1 1 0 0 0 0 1 1 2 2 2 4 2 4 3 3 1 13 4 1 0 3 3 0 0
21110549 867 8 1 2 1 1 2 3 1 2 1 0 3 1 0 0 0 0 4 3 1 13 3 7 2 5 5 4 1 2 4 7 0 3 0 3 0
21110550 941 8 2 1 3 3 1 3 3 1 1 0 2 1 0 0 0 0 3 1 4 1 2 0 0 3 5 0 0 4 4 13 2 4 9 3 4
21110551 942 8 1 2 2 1 3 3 3 1 1 0 3 1 0 0 0 0 3 2 3 0 1 0 0 0 0 2 3 3 5 13 2 5 4 4 6
21110552 871 1 2 1 0 1 1 0 0 0 0 0 1 0 5 2 3 0 4 4 13 1 3 3 0 0 0 0 3 0
21110554 978 0 1 0 2 1 0 0 0 0 0 0 0 3 5 3 3 2 1 6 1 4 6 13 1 3 2 4 3
21110555 962 5 2 1 3 3 1 3 1 7 0.33333333333333331 8 0.33333333333333331 9 0.33333333333333331 2 1 2 3 0 2 1 13 3 0 0 7 4 3 4 0 2 0 0
21110557 912 5 3 1 3 3 3 1 0 2 1 0 0 0 0 1 0 4 2 1 3 2 2 1 1 6 0 5 4 13 1 0 2 0
21110559 824 8 2 1 2 2 2 3 1 3 1 0 3 1 0 0 0 0 2 4 2 1 0 3 0 1 3 6 0 6 3 2 0 13 4 3 1
21110560 1060 3 3 1 2 1 0 2 1 0 0 0 0 1 1 1 0 0 3 0 0 1 3 4 1 5 3 3 4 2 4 13
21110561 865 3 3 2 1 1 0 2 1 0 0 0 0 1 1 1 3 5 13 4 6 1 5 6 1 2 3 3 0 3 0 0
21110562 824 2 2 1 1 0 2 1 0 0 0 0 1 1 0 1 3 5 3 1 13 3 2 1 2 5 4 4 2 1 0
21110563 825 4 3 3 1 3 1 0 1 1 0 0 0 0 1 0 3 4 2 2 0 13 6 0 0 1 5 3 0 3 5 0 2
21110564 822 5 1 3 2 2 3 1 0 2 1 0 0 0 0 1 2 2 4 3 0 0 5 2 3 0 4 13 1 0 4 1 0 1
21110565 945 0 1 0 2 1 0 0 0 0 0 0 0 13 5 9 0 7 3 3 3 3 1 2 0 1 0 4 0
21110568 810 11 2 3 3 2 1 3 2 1 1 1 3 1 0 2 1 0 0 0 0 4 3 4 2 3 1 3 0 1 13 2 6 3 7 6 0 3 4 8
21110570 932 10 3 2 1 3 1 3 1 2 1 2 3 1 5 0.33333333333333331 6 0.33333333333333331 7 0.33333333333333331 4 3 3 0 4 4 3 0 2 3 5 3 0 5 13 0 0 0 8
21110571 872 5 2 3 3 3 1 1 0 2 1 0 0 0 0 1 1 3 0 3 8 13 1 7 1 4 0 2 1 2 0 0 4 4
21110572 751 2 2 2 3 1 5 0.33333333333333331 6 0.33333333333333331 7 0.33333333333333331 0 2 0 1 0 3 0 4 5 0 0 1 13 4 3 4 7 4 8
21110575 905 3 3 1 1 1 0 2 1 0 0 0 0 2 0 1 3 2 4 0 3 13 5 1 3 5 2 0 3 0 0 0
21110576 967 11 3 1 3 1 2 3 2 2 3 1 2 1 0 1 1 0 0 0 0 3 4 4 1 0 2 0 13 2 8 2 1 4 1 3 3 2 4 1
21110577 920 1 1 1 0 2 1 0 0 0 0 1 0 0 13 1 4 5 3 6 3 0 4 4 2 2 0 3 1 0
21110578 866 3 2 1 2 1 0 2 1 0 0 0 0 1 2 0 2 1 9 3 0 5 8 13 1 4 4 5 3 0 1 0
21110579 971 4 3 1 2 2 1 0 3 1 0 0 0 0 1 2 1 0 1 0 0 3 0 2 3 2 13 1 0 1 6 4 0
21110580 1027 7 2 1 3 2 1 1 3 1 0 3 1 0 0 0 0 3 2 2 13 4 3 3 5 5 2 1 3 0 6 0 0 0 2 0
21110581 955 5 1 3 1 2 2 1 0 2 1 0 0 0 0 2 2 1 1 3 5 2 4 1 13 0 2 3 2 0 3 1 4 1
21110582 888 3 2 1 3 1 0 3 1 0 0 0 0 1 1 1 2 0 1 3 0 0 3 4 1 4 3 2 0 13 5 4
21110584 870 6 3 1 1 1 3 1 1 0 2 1 0 0 0 0 4 0 2 0 0 0 2 3 1 3 0 3 6 2 2 0 13 5 2
21110585 935 0 1 0 2 1 0 0 0 0 0 0 0 2 1 2 13 1 3 6 7 3 7 4 5 3 4 1 0
21110587 926 8 3 2 2 3 2 1 1 3 1 0 3 1 0 0 0 0 2 3 3 2 0 0 0 0 1 6 0 1 5 4 4 4 4 8 13
21110590 865 0 1 0 3 1 0 0 0 0 0 0 0 1 0 0 0 6 2 3 2 3 13 0 0 3 4 1 0
21110591 939 4 3 1 3 2 1 0 3 1 0 0 0 0 1 1 2 3 2 3 2 5 7 2 1 1 1 1 3 3 2 13 0
21110594 856 0 1 0 1 1 0 0 0 0 0 0 0 1 2 0 3 0 3 4 2 3 1 13 2 4 4 4 7
21110597 855 5 3 1 2 3 1 3 1 7 0.33333333333333331 8 0.33333333333333331 9 0.33333333333333331 2 1 2 0 5 2 13 0 5 8 2 1 0 3 3 0 3 0 0
21110598 762 9 2 3 2 2 1 1 3 2 3 1 0 1 1 0 0 0 0 2 4 3 1 3 2 3 4 7 2 0 13 4 0 0 1 4 3 1
21110599 917 11 3 1 2 2 3 1 1 2 3 1 2 1 0 3 1 0 0 0 0 4 4 3 0 0 1 2 2 0 3 7 4 13 7 0 1 4 3 4
21110600 883 0 1 0 2 1 0 0 0 0 0 0 0 0 3 1 0 3 1 3 13 5 6 2 3 0 3 2 1
21110601 1092 7 1 1 1 2 3 3 2 1 0 3 1 0 0 0 0 3 2 2 3 13 5 3 2 7 5 6 0 3 1 6 0 2 0 0
21110603 941 10 1 3 2 3 3 2 1 1 2 2 1 0 1 1 0 0 0 0 3 4 3 0 3 0 0 1 13 1 0 3 3 5 2 4 4 0 2
21110608 807 4 3 2 1 2 1 0 3 1 0 0 0 0 1 2 1 3 0 3 0 2 7 5 13 1 3 4 7 1 1 2 3
21110610 975 2 3 1 1 0 2 1 0 0 0 0 1 0 1 3 0 4 0 5 6 4 2 4 1 5 1 13 2 3 0
21110611 827 8 2 1 2 1 2 1 2 1 1 0 3 1 0 0 0 0 4 4 0 0 3 0 0 0 13 3 4 0 1 5 2 3 3 3 3
21110612 993 6 2 3 3 1 2 1 1 0 2 1 0 0 0 0 2 2 2 3 4 3 3 0 1 3 4 0 5 2 13 0 0 0 1
21110615 972 5 2 3 1 3 3 1 0 1 1 0 0 0 0 1 1 3 0 1 0 0 2 13 4 0 3 5 4 2 3 3 3 0
21110616 1057 1 1 1 0 2 1 0 0 0 0 1 0 0 3 3 1 13 0 2 4 4 0 7 5 2 0 1 4 3
21110620 833 9 2 2 3 2 1 1 1 2 3 1 0 1 1 0 0 0 0 3 4 2 13 3 3 3 7 6 2 0 8 6 1 0 0 5 0 0
21110623 1007 9 2 2 1 1 2 3 3 3 3 1 0 1 1 0 0 0 0 2 3 4 0 0 2 0 4 1 1 5 3 13 4 1 2 3 2 0
21110624 784 6 2 1 2 3 2 3 1 0 1 1 0 0 0 0 1 3 2 3 5 2 1 5 4 2 0 13 4 1 0 0 1 0 0
21110625 739 10 3 2 1 2 2 3 2 1 3 1 1 0 1 1 0 0 0 0 3 4 3 4 0 2 0 1 7 1 0 5 4 0 3 13 2 0 0
21110627 937 3 2 3 3 1 0 2 1 0 0 0 0 0 1 2 13 8 4 3 3 6 4 3 1 7 0 0 3 1 0 0
21110628 958 3 2 1 2 1 0 3 1 0 0 0 0 1 2 0 0 2 0 1 5 4 0 0 8 5 3 1 13 3 6 0
21110629 914 6 1 2 3 1 2 2 1 0 3 1 0 0 0 0 2 3 1 1 4 3 3 3 0 6 13 3 0 8 0 0 1 2 0
21110630 852 5 2 1 3 1 1 1 0 3 1 0 0 0 0 3 1 1 1 0 0 0 13 2 2 3 5 8 5 6 4 6 3 2
21110633 850 8 2 2 1 3 3 2 2 3 1 0 1 1 0 0 0 0 1 4 3 0 1 0 8 0 4 13 4 3 1 5 2 0 3 0 1
21110634 864 4 1 2 2 1 3 1 4 0.33333333333333331 5 0.33333333333333331 6 0.33333333333333331 2 2 0 3 0 0 0 5 13 3 0 1 4 0 3 3 3 2 0
21110635 895 5 2 2 2 1 1 1 0 3 1 0 0 0 0 2 3 0 7 6 4 0 13 5 3 0 3 1 6 1 2 3 3 3
21110636 946 1 3 1 0 1 1 0 0 0 0 0 0 1 0 0 0 1 4 0 0 2 4 13 0 0 2 4 5 3
21110637 977 5 2 2 1 1 1 1 0 3 1 0 0 0 0 3 2 0 3 3 3 2 0 3 6 13 3 4 5 1 0 0 4 2
21110638 878 4 3 1 2 1 1 0 1 1 0 0 0 0 2 1 1 0 0 2 3 0 3 1 4 3 3 13 5 2 3 4 2
21110639 915 0 1 0 1 1 0 0 0 0 0 0 0 1 2 0 3 3 4 3 2 13 6 2 0 6 4 1 5
21110640 822 7 3 3 3 2 2 1 2 1 0 2 1 0 0 0 0 1 3 3 0 8 4 13 0 4 4 5 0 1 4 6 3 1 0 1
21110641 865 2 1 1 1 0 3 1 0 0 0 0 2 0 0 3 3 0 0 7 6 0 0 13 4 0 0 3 2 4 2
21110642 901 10 1 2 3 3 1 2 2 2 3 3 1 0 1 1 0 0 0 0 2 4 4 13 8 7 1 4 8 3 5 3 4 3 0 2 1 0 0
21110643 907 2 1 2 1 0 2 1 0 0 0 0 1 1 0 1 1 3 13 3 5 7 4 0 1 4 2 0 0 0 2
21110645 861 8 2 2 3 2 1 1 3 1 1 0 1 1 0 0 0 0 3 3 2 13 1 2 0 5 4 3 3 3 6 6 0 2 4 0 0
21110646 850 11 3 3 2 3 3 1 2 1 2 2 1 1 0 1 1 0 0 0 0 3 4 4 13 3 2 0 8 3 3 3 7 4 0 0 1 1 2 0
21110647 996 11 2 2 1 1 3 1 2 3 3 2 3 1 0 1 1 0 0 0 0 3 4 4 0 0 0 2 13 1 4 0 5 6 4 0 6 5 1 2
21110649 900 2 3 3 1 0 1 1 0 0 0 0 0 0 2 2 1 0 0 0 3 0 0 0 3 2 4 0 7 5 13
21110650 1037 5 2 1 3 1 2 1 0 3 1 0 0 0 0 2 2 1 0 4 0 3 0 2 3 1 3 3 4 1 0 8 13 2
21110651 871 0 1 0 3 1 0 0 0 0 0 0 0 0 3 0 0 0 1 4 0 0 4 5 2 2 4 1 13
21110652 793 5 3 3 3 2 3 1 0 2 1 0 0 0 0 0 1 4 2 3 2 1 0 4 4 1 0 13 3 1 0 0 0 1
21110654 943 8 2 3 2 2 1 3 1 3 1 0 3 1 0 0 0 0 2 3 3 4 6 4 1 13 0 0 2 4 0 0 0 1 0 0 0
21110656 783 9 3 1 1 3 2 1 3 2 2 1 0 3 1 0 0 0 0 3 3 3 0 0 1 0 1 1 4 2 0 0 0 5 2 2 6 13
21110657 769 11 2 2 1 3 2 1 3 1 2 1 3 1 0 3 1 0 0 0 0 4 4 3 0 13 4 3 3 3 6 7 0 0 5 4 0 0 1 2
21110658 912 7 3 2 3 3 1 1 2 1 0 2 1 0 0 0 0 2 2 3 8 5 2 0 2 13 5 3 4 6 1 3 1 1 4 6
21110661 844 11 1 2 2 3 1 1 2 3 3 3 1 1 0 2 1 0 0 0 0 4 3 4 3 2 3 13 2 5 6 1 5 1 5 2 0 0 1 3
21110662 1070 4 3 3 1 1 1 0 1 1 0 0 0 0 2 0 2 2 0 0 0 1 3 4 0 2 6 10 2 13 5 2 3
21110664 933 7 2 2 1 2 3 1 3 1 0 1 1 0 0 0 0 2 3 2 5 4 4 5 1 13 7 6 0 3 5 3 2 0 0 0
21110665 957 3 1 1 3 1 0 2 1 0 0 0 0 2 0 1 2 0 13 1 0 3 5 2 1 6 4 2 2 3 5 1
21110666 915 7 2 1 2 3 1 3 1 1 0 2 1 0 0 0 0 3 2 2 2 0 0 3 0 13 1 6 0 4 3 5 1 2 3 4
21110667 953 11 3 2 1 3 1 2 1 3 3 2 2 1 0 1 1 0 0 0 0 3 4 4 0 4 3 2 0 2 13 1 1 3 6 3 0 0 0 3
21110668 875 0 1 0 3 1 0 0 0 0 0 0 0 2 1 7 13 6 4 4 3 0 0 1 4 0 0 0 2
21110670 871 5 3 2 1 2 2 1 0 3 1 0 0 0 0 1 3 1 4 1 4 0 1 3 0 3 3 13 2 3 4 1 0 0
21110671 831 8 2 3 3 2 2 1 1 1 1 0 1 1 0 0 0 0 3 3 2 2 5 0 3 5 8 5 3 13 3 1 0 0 0 2 0
21110672 805 3 3 1 3 1 0 2 1 0 0 0 0 1 0 2 0 3 2 13 3 1 3 8 0 3 4 1 2 0 0 3
21110673 957 7 2 2 2 3 3 1 3 1 0 3 1 0 0 0 0 1 3 3 0 0 1 1 3 1 5 4 0 2 3 4 2 1 13 3
21110676 868 11 2 3 1 3 1 2 2 1 3 3 1 1 0 2 1 0 0 0 0 4 3 4 0 2 0 1 3 4 0 0 3 5 1 2 13 9 3 3
21110678 905 3 1 3 3 1 0 1 1 0 0 0 0 1 0 2 4 0 2 2 4 6 0 0 3 2 4 1 13 7 4 0
21110681 945 1 1 1 0 2 1 0 0 0 0 1 0 0 9 0 1 3 3 4 1 13 0 2 3 3 0 0 2 3
21110682 892 8 3 2 3 3 1 2 1 3 1 0 1 1 0 0 0 0 2 2 4 13 8 1 2 6 9 1 0 5 5 3 0 2 2 4 0
21110685 1018 3 1 3 2 1 0 2 1 0 0 0 0 1 1 1 3 5 4 3 4 13 4 0 3 0 0 0 1 6 0 0
21110686 974 8 1 2 1 3 3 1 3 2 1 0 2 1 0 0 0 0 3 2 3 0 3 1 8 2 0 13 3 3 5 3 2 0 1 0 0
21110687 978 1 1 1 0 3 1 0 0 0 0 1 0 0 2 4 4 13 8 6 5 2 4 3 3 3 0 0 1 8
21110688 936 7 2 1 3 3 2 2 3 1 0 3 1 0 0 0 0 1 3 3 3 1 0 0 1 4 0 0 6 4 1 2 13 7 3 0
21110689 832 7 2 1 1 2 3 3 3 1 0 1 1 0 0 0 0 2 2 3 2 1 0 0 8 2 5 0 13 6 0 2 4 1 4 0
21110690 971 6 3 1 2 1 3 2 1 0 3 1 0 0 0 0 2 2 2 13 3 1 3 3 3 5 2 2 0 3 0 0 0 0 1
21110692 826 5 2 1 3 2 3 1 0 2 1 0 0 0 0 1 2 2 0 1 1 0 0 0 4 0 0 3 6 3 3 13 8 5
21110694 929 1 2 1 0 2 1 0 0 0 0 0 1 0 1 4 2 3 1 4 1 13 2 7 4 1 0 3 3 3
21110695 1071 1 3 1 0 2 1 0 0 0 0 0 0 1 0 3 1 0 0 2 1 13 2 5 4 2 1 4 4 1
21110696 879 1 2 1 0 1 1 0 0 0 0 0 1 0 1 1 8 13 0 4 8 4 2 3 9 7 0 0 0 2
21110698 821 11 1 1 2 3 3 3 2 1 2 1 2 1 0 3 1 0 0 0 0 4 4 3 2 3 2 13 5 4 5 1 1 3 3 1 0 0 0 2
21110699 835 11 2 3 3 2 3 1 1 3 2 2 1 1 0 1 1 0 0 0 0 3 4 4 3 0 3 1 4 6 0 0 2 5 0 0 13 2 1 0
21110700 936 6 1 3 3 2 2 3 1 0 3 1 0 0 0 0 1 2 3 13 8 4 1 4 4 3 0 2 0 0 0 1 0 0 0
21110701 833 10 3 2 1 2 3 2 3 2 1 1 1 0 1 1 0 0 0 0 3 4 3 0 2 1 3 0 2 3 6 1 13 6 3 3 0 3 0
21110702 910 4 3 1 1 2 1 0 2 1 0 0 0 0 2 1 1 1 0 0 2 0 1 13 3 2 4 1 4 3 2 5 4
21110704 764 7 3 3 2 3 1 1 2 1 0 1 1 0 0 0 0 2 2 3 0 3 2 4 0 0 13 1 1 8 2 3 2 3 3 4
21110705 854 3 2 3 1 1 0 2 1 0 0 0 0 1 1 1 3 13 3 0 2 4 3 1 4 8 3 0 3 0 1 3
21110706 946 1 2 1 0 1 1 0 0 0 0 0 1 0 0 1 0 0 0 4 2 13 0 3 7 6 2 1 4 5
21110708 976 10 1 1 1 3 1 3 2 2 3 2 1 0 3 1 0 0 0 0 4 3 3 0 5 8 13 3 5 6 7 2 5 4 4 0 0 0 3
21110709 977 4 1 2 1 3 1 0 1 1 0 0 0 0 2 1 1 13 3 4 0 3 7 4 2 2 3 4 0 4 3 0 0
21110710 959 10 1 2 3 3 1 2 1 3 1 3 1 0 2 1 0 0 0 0 4 2 4 2 3 13 8 1 1 6 3 3 4 2 0 2 3 0 0
21110711 838 6 2 3 1 2 3 1 1 0 2 1 0 0 0 0 2 2 2 4 3 3 0 1 5 6 2 9 5 3 0 1 7 13 3
21110712 920 11 1 1 2 2 1 3 3 2 3 3 1 1 0 2 1 0 0 0 0 4 3 4 3 1 6 13 0 4 2 3 3 3 2 5 0 0 4 1
21110713 838 4 3 3 1 1 1 0 1 1 0 0 0 0 2 0 2 13 9 5 3 4 5 4 0 3 3 2 2 0 2 0 0
21110715 836 1 3 3 1 4 0.33333333333333331 5 0.33333333333333331 6 0.33333333333333331 0 0 1 13 4 4 2 9 5 1 0 5 6 1 0 3 0 2 0
21110716 899 7 1 2 3 2 2 2 3 1 0 1 1 0 0 0 0 1 4 2 1 4 1 13 3 0 5 4 0 0 4 2 0 0 1 0
21110717 857 6 2 3 3 1 2 2 1 0 2 1 0 0 0 0 1 3 2 1 0 0 0 1 1 3 13 0 2 6 7 0 4 4 1
21110719 1002 10 1 2 3 2 1 1 2 2 1 3 1 0 3 1 0 0 0 0 4 4 2 3 0 0 0 2 3 1 0 8 6 0 3 13 4 3 0
21110720 896 9 2 2 3 1 3 1 1 2 2 1 0 3 1 0 0 0 0 3 4 2 3 1 3 0 4 3 4 2 3 8 4 1 0 0 13 4
21110721 1024 3 3 2 1 1 0 2 1 0 0 0 0 1 1 1 3 0 2 1 0 0 5 3 3 8 4 1 0 13 3 4
21110722 808 4 1 1 2 1 1 0 2 1 0 0 0 0 3 1 0 4 2 1 3 13 4 3 0 6 4 3 0 2 3 0 0
21110723 848 1 1 1 0 1 1 0 0 0 0 1 0 0 0 0 6 0 4 8 7 0 7 5 2 0 13 3 2 3
21110726 882 1 1 1 0 3 1 0 0 0 0 1 0 0 0 1 1 2 3 4 3 2 5 3 1 5 2 2 6 13
21110727 837 6 1 3 2 1 2 3 1 0 1 1 0 0 0 0 2 2 2 4 13 1 4 2 9 3 0 3 4 0 0 2 6 0 0
21110728 882 9 1 2 3 1 1 1 2 3 3 1 0 2 1 0 0 0 0 4 2 3 3 2 3 13 3 1 6 3 0 4 1 2 0 0 2 3
21110729 853 8 3 2 1 1 2 3 3 1 1 0 3 1 0 0 0 0 3 2 3 1 2 3 5 0 3 13 1 0 0 3 2 0 0 2 0
21110730 904 9 2 3 1 2 2 1 1 3 3 1 0 3 1 0 0 0 0 3 3 3 5 8 13 5 4 3 3 2 0 1 3 1 2 0 0 0
21110731 849 9 1 3 1 1 2 2 2 3 3 1 0 2 1 0 0 0 0 3 3 3 2 7 3 1 0 1 6 3 1 0 2 13 0 0 3 0
21110732 948 0 1 0 3 1 0 0 0 0 0 0 0 2 8 0 0 0 0 5 3 3 1 5 3 0 3 4 13
21110733 863 5 1 3 2 3 3 1 0 3 1 0 0 0 0 1 1 3 13 3 2 0 3 5 3 1 1 3 4 0 2 2 1 0
21110735 838 9 2 1 2 3 3 1 1 1 3 1 0 2 1 0 0 0 0 4 2 3 3 3 0 0 6 5 0 2 13 2 4 1 2 3 1 0
21110737 933 4 2 1 1 2 1 0 3 1 0 0 0 0 2 2 0 5 4 13 0 4 5 2 1 0 1 3 0 0 2 0 0
21110738 993 10 3 1 3 2 3 1 2 2 3 1 1 0 2 1 0 0 0 0 3 3 4 13 4 3 1 3 1 6 4 2 2 4 0 1 0 0 0
21110739 937 2 1 2 1 0 2 1 0 0 0 0 1 1 0 1 3 1 3 3 5 1 2 2 4 13 5 6 0 0 3
21110741 831 7 1 3 1 3 3 2 1 1 0 3 1 0 0 0 0 3 1 3 0 1 0 0 0 2 3 4 0 0 13 3 2 4 2 4
21110744 941 8 1 2 1 2 3 1 2 3 1 0 1 1 0 0 0 0 3 3 2 3 4 0 0 4 5 2 3 1 9 8 0 13 2 5 3
21110745 874 7 1 2 1 3 2 1 1 1 0 3 1 0 0 0 0 4 2 1 0 0 3 0 0 0 3 6 3 4 4 2 2 3 5 13
21110746 884 10 1 2 2 2 1 1 2 3 3 3 1 0 3 1 0 0 0 0 3 4 3 1 2 3 2 6 1 3 1 0 3 7 1 0 5 13 2
21110747 847 5 3 3 3 2 2 1 0 2 1 0 0 0 0 0 2 3 0 4 3 2 1 4 3 1 0 13 4 1 3 1 0 0
21110749 866 7 3 2 3 1 3 1 2 1 0 2 1 0 0 0 0 2 2 3 0 0 0 3 0 3 1 1 2 5 3 4 1 2 3 13
21110752 846 4 3 2 1 2 1 0 2 1 0 0 0 0 1 2 1 1 2 4 3 3 8 7 3 1 3 6 8 0 3 1 13
21110753 889 6 2 3 3 1 1 1 1 0 2 1 0 0 0 0 3 1 2 3 2 0 0 3 4 8 0 4 4 1 2 13 3 3 0
21110754 955 5 3 3 2 2 1 1 0 2 1 0 0 0 0 1 2 2 1 13 3 0 2 6 0 3 4 3 4 3 1 1 0 0
21110756 977 10 3 2 3 1 1 2 1 1 3 3 1 0 2 1 0 0 0 0 4 2 4 3 9 13 3 5 6 3 1 3 5 2 7 2 0 0 3
21110757 898 4 1 2 3 1 1 0 3 1 0 0 0 0 2 1 1 0 1 0 0 2 2 1 0 0 0 13 2 3 4 5 3
21110759 932 8 2 2 2 1 1 1 1 3 1 0 3 1 0 0 0 0 4 3 1 3 0 0 0 4 13 1 3 4 6 0 0 2 2 3 8
21110760 885 7 2 1 1 2 3 1 2 1 0 3 1 0 0 0 0 3 3 1 0 3 0 2 1 2 4 5 0 4 5 9 0 4 1 13
21110761 1000 11 2 3 2 1 1 2 1 1 2 3 3 1 0 3 1 0 0 0 0 4 4 3 3 5 3 13 0 2 3 3 1 3 2 1 0 0 0 3
21110762 866 4 1 2 1 1 3 1 4 0.33333333333333331 5 0.33333333333333331 6 0.33333333333333331 3 1 0 13 4 3 0 9 4 0 2 5 2 2 0 1 3 0 0
21110764 917 9 2 3 1 3 3 1 1 1 2 1 0 2 1 0 0 0 0 4 2 3 3 0 0 0 3 0 3 2 3 2 4 5 13 8 1 0
21110765 850 9 1 3 1 1 2 2 2 3 3 1 0 3 1 0 0 0 0 3 3 3 13 5 1 1 2 2 1 3 2 3 3 7 2 0 1 4
21110767 974 5 3 3 3 1 2 1 0 2 1 0 0 0 0 1 1 3 0 0 1 0 0 3 1 0 3 5 13 3 2 4 3 0
21110768 971 9 2 1 2 2 3 3 2 1 1 1 0 3 1 0 0 0 0 3 4 2 0 3 13 3 1 0 3 3 0 2 3 1 0 3 4 0
21110769 902 1 2 1 0 1 1 0 0 0 0 0 1 0 4 2 13 0 3 5 2 0 3 5 3 0 0 0 1 1
21110771 928 3 3 1 2 1 0 1 1 0 0 0 0 1 1 1 3 2 3 4 0 3 4 13 1 6 4 2 0 4 1 2
21110772 864 6 3 2 3 3 2 3 1 0 1 1 0 0 0 0 0 2 4 1 3 2 3 1 0 13 1 2 4 5 7 0 0 3 3
21110773 924 8 1 2 3 1 1 3 2 2 1 0 3 1 0 0 0 0 3 3 2 13 5 3 0 4 4 0 0 1 8 6 0 4 2 0 4
21110777 872 3 1 3 3 1 0 2 1 0 0 0 0 1 0 2 3 2 0 0 1 3 0 0 4 7 0 3 13 4 3 0
21110779 887 8 2 2 1 1 1 3 3 2 1 0 1 1 0 0 0 0 3 3 2 3 2 7 4 5 5 13 3 7 1 1 8 2 4 2 0
21110780 926 11 3 3 2 2 3 1 1 1 2 2 3 1 0 1 1 0 0 0 0 3 4 4 0 3 0 0 13 4 3 0 2 4 0 3 3 3 8 1
21110782 887 1 2 1 0 3 1 0 0 0 0 0 1 0 4 8 13 0 1 3 7 1 2 5 8 0 3 3 0 7
21110786 879 6 3 3 3 2 1 1 1 0 2 1 0 0 0 0 2 1 3 3 0 0 0 7 5 4 2 3 13 5 1 2 1 4 3
21110787 881 3 3 1 3 1 0 1 1 0 0 0 0 1 0 2 2 0 2 0 6 5 5 3 7 5 1 2 13 4 3 3
21110789 826 11 3 2 1 3 3 1 2 1 1 3 2 1 0 2 1 0 0 0 0 4 3 4 1 3 3 2 2 5 4 13 0 0 4 1 6 0 0 0
21110790 795 7 2 3 1 3 3 3 1 1 0 2 1 0 0 0 0 2 1 4 1 2 13 1 2 4 7 1 2 4 3 1 0 3 0 2
21110792 1061 10 3 1 3 1 1 2 2 3 2 1 1 0 3 1 0 0 0 0 4 3 3 3 6 2 3 3 1 13 0 5 3 4 2 2 1 0 0
21110794 929 8 1 3 2 3 1 3 1 3 1 0 2 1 0 0 0 0 3 1 4 2 3 3 2 2 3 1 0 8 5 1 0 13 7 4 0
21110795 931 2 3 3 3 1 6 0.33333333333333331 7 0.33333333333333331 8 0.33333333333333331 0 0 2 3 0 0 0 4 4 0 0 4 6 3 2 13 3 1 0
21110800 949 10 3 3 1 1 1 3 2 2 3 1 1 0 2 1 0 0 0 0 4 2 4 2 0 0 0 1 3 2 6 0 3 5 3 3 3 13 5
