21110001 934 7 1 1 1 2 3 2 3 1 0 3 1 0 0 0 0 3 2 2 13 1 5 0 2 7 2 0 0 3 1 2 3 0 0 0
21110002 891 10 1 2 2 3 2 1 1 1 3 2 1 0 3 1 0 0 0 0 4 4 2 0 0 0 4 4 5 2 2 0 1 1 4 3 4 7 13
21110004 720 4 2 3 1 2 1 0 3 1 0 0 0 0 1 2 1 4 2 13 0 3 6 4 0 1 3 3 8 1 4 0 0
21110006 845 10 2 2 1 3 1 1 3 3 2 1 1 0 2 1 0 0 0 0 4 3 3 4 2 1 3 5 4 0 0 13 8 3 0 3 2 4 1
21110007 825 5 1 3 3 1 2 1 0 1 1 0 0 0 0 2 1 2 2 13 2 3 0 3 3 1 2 5 7 4 0 0 4 3
21110008 957 0 1 0 1 1 0 0 0 0 0 0 0 13 5 9 3 1 5 2 0 7 2 0 0 3 0 0 0
21110009 797 5 2 3 1 2 1 1 0 1 1 0 0 0 0 2 2 1 2 5 1 13 3 4 4 7 3 1 2 3 3 0 2 0
21110010 930 9 3 2 2 2 1 2 3 1 1 1 0 1 1 0 0 0 0 3 4 2 3 0 0 0 0 13 4 2 3 3 5 2 0 1 3 1
21110012 765 7 2 2 3 1 1 2 3 1 0 1 1 0 0 0 0 2 3 2 0 3 0 3 1 1 4 3 13 7 3 3 2 2 5 0
21110013 914 8 1 3 2 2 1 1 3 2 1 0 3 1 0 0 0 0 3 3 2 0 0 1 0 0 1 5 3 0 5 7 2 3 13 8 2
21110014 870 4 2 2 1 1 1 0 2 1 0 0 0 0 2 2 0 0 0 3 0 0 1 3 13 6 4 3 2 1 4 7 3
21110015 878 9 1 3 1 2 2 1 3 2 3 1 0 2 1 0 0 0 0 3 3 3 0 1 1 0 4 3 3 2 6 1 5 2 13 4 4 3
21110021 939 4 3 3 3 2 1 0 2 1 0 0 0 0 0 1 3 1 13 4 2 3 2 5 4 1 4 3 1 0 1 2 1
21110022 946 0 1 0 1 1 0 0 0 0 0 0 0 1 2 3 0 0 3 2 0 2 5 7 3 3 1 3 13
21110023 724 9 3 1 2 2 1 2 3 3 1 1 0 1 1 0 0 0 0 3 3 3 0 13 5 2 1 5 4 3 3 1 3 2 0 2 0 0
21110027 834 0 1 0 1 1 0 0 0 0 0 0 0 3 2 2 4 13 3 0 0 3 4 5 1 1 3 3 2
21110028 1014 9 1 1 3 2 2 3 2 1 1 1 0 3 1 0 0 0 0 4 3 2 3 13 5 1 5 3 2 1 2 0 3 3 0 0 3 2
21110030 933 8 2 3 1 1 3 3 1 2 1 0 2 1 0 0 0 0 3 2 3 0 1 0 0 2 3 0 1 0 1 2 4 0 7 13 2
21110031 1046 6 2 1 2 2 1 3 1 0 2 1 0 0 0 0 2 3 1 0 4 1 13 0 1 3 3 3 0 7 4 0 1 3 2
21110032 961 1 1 1 0 1 1 0 0 0 0 1 0 0 2 1 3 3 8 5 5 2 13 6 2 0 0 2 1 0
21110034 818 6 3 1 3 1 1 3 1 0 2 1 0 0 0 0 3 0 3 2 4 13 3 0 1 3 5 0 0 6 7 0 2 2 3
21110037 935 10 3 1 2 1 2 3 3 2 1 2 1 0 3 1 0 0 0 0 3 4 3 1 3 13 0 6 3 2 0 3 5 3 1 1 6 2 0
21110038 781 11 3 1 1 2 2 1 2 2 3 3 1 1 0 3 1 0 0 0 0 4 4 3 1 3 13 2 5 5 3 1 3 1 4 0 2 0 0 2
21110039 930 11 1 3 1 1 1 3 2 3 2 2 2 1 0 3 1 0 0 0 0 4 4 3 0 1 1 3 3 1 4 3 2 6 6 2 0 2 7 13
21110041 906 0 1 0 1 1 0 0 0 0 0 0 0 1 3 4 3 0 2 4 13 2 3 3 1 0 2 0 3
21110042 960 2 1 3 1 0 1 1 0 0 0 0 1 0 1 1 13 3 6 3 6 4 0 4 2 3 2 2 0 3 0
21110043 818 5 2 1 1 1 3 1 0 3 1 0 0 0 0 3 1 1 1 0 0 2 5 0 0 2 6 13 0 0 2 5 4 4
21110044 977 4 2 1 1 2 3 1 6 0.33333333333333331 7 0.33333333333333331 8 0.33333333333333331 2 2 0 1 4 13 4 5 7 8 3 2 5 5 3 0 0 3 0
21110045 927 6 2 1 2 3 1 2 1 0 2 1 0 0 0 0 2 3 1 0 0 3 3 0 0 6 13 2 5 5 7 1 4 1 1
21110047 894 6 1 3 3 2 1 2 1 0 2 1 0 0 0 0 2 2 2 0 1 0 3 3 0 3 0 6 3 1 0 13 8 2 0
21110049 892 0 1 0 2 1 0 0 0 0 0 0 0 13 7 5 3 2 4 5 4 3 3 3 1 0 0 1 0
21110051 907 2 2 2 1 0 2 1 0 0 0 0 0 2 0 3 1 0 0 4 4 0 3 5 3 6 1 13 6 1 0
21110053 716 1 3 1 0 3 1 0 0 0 0 0 0 1 3 0 0 1 2 5 2 3 3 1 5 0 13 1 2 0
21110054 926 11 2 2 3 2 1 3 1 3 1 1 3 1 0 2 1 0 0 0 0 4 3 4 3 4 0 0 3 6 7 0 1 8 4 3 13 7 2 0
21110055 1007 7 1 1 3 3 3 3 2 1 0 1 1 0 0 0 0 2 1 4 13 3 2 1 8 5 3 0 6 5 0 0 2 0 2 0
21110060 1043 11 3 2 3 2 3 1 2 3 2 1 1 1 0 1 1 0 0 0 0 3 4 4 13 4 2 0 4 1 3 0 4 8 0 0 2 1 0 3
21110061 827 10 3 3 3 2 3 1 1 2 1 2 1 0 2 1 0 0 0 0 3 3 4 4 4 3 13 0 2 5 6 0 8 5 5 0 1 0 1
21110062 1021 3 1 3 2 1 0 2 1 0 0 0 0 1 1 1 1 5 13 3 4 4 1 0 1 2 0 0 2 0 0 0
21110063 927 0 1 0 3 1 0 0 0 0 0 0 0 13 7 2 2 8 4 3 0 3 4 3 1 1 6 0 0
21110065 863 7 3 1 3 3 2 2 3 1 0 1 1 0 0 0 0 1 2 4 1 0 0 0 4 3 3 2 6 4 4 0 13 7 9 3
21110066 976 0 1 0 3 1 0 0 0 0 0 0 0 13 4 2 0 8 4 2 1 6 7 3 0 5 0 1 0
21110068 926 8 3 2 1 2 1 2 3 1 1 0 3 1 0 0 0 0 3 3 2 2 3 2 3 1 13 4 1 0 2 6 1 0 0 3 0
21110069 974 5 1 2 1 3 3 1 0 1 1 0 0 0 0 2 1 2 4 5 6 3 2 3 3 0 3 13 1 2 0 0 2 0
21110070 850 3 3 1 1 1 0 2 1 0 0 0 0 2 0 1 3 3 0 0 6 13 2 0 3 2 4 3 0 3 3 1
21110071 867 11 2 1 2 3 2 1 1 3 3 2 1 1 0 3 1 0 0 0 0 4 4 3 13 2 4 1 5 4 6 0 3 3 0 0 0 3 0 0
21110072 816 2 3 2 1 0 2 1 0 0 0 0 0 1 1 3 1 4 13 0 3 4 7 1 4 6 4 3 2 3 1
21110073 860 1 2 1 0 2 1 0 0 0 0 0 1 0 1 3 1 0 2 5 5 1 4 4 3 0 13 2 1 0
21110075 865 1 1 1 0 2 1 0 0 0 0 1 0 0 3 1 8 13 6 7 4 3 0 1 5 3 2 4 2 0
21110076 907 6 1 2 1 3 3 2 1 0 3 1 0 0 0 0 2 2 2 3 3 3 2 0 5 13 1 1 3 6 3 0 0 0 2
21110077 950 10 2 2 1 1 3 2 1 2 3 1 1 0 3 1 0 0 0 0 4 4 2 1 1 8 4 2 4 13 3 2 2 0 4 0 0 3 1
21110078 720 7 2 2 1 3 1 3 3 1 0 1 1 0 0 0 0 2 2 3 0 3 0 2 9 7 4 5 13 4 2 3 1 2 0 1
21110079 899 10 2 2 1 2 3 2 1 1 1 3 3 1 5 0.33333333333333331 6 0.33333333333333331 7 0.33333333333333331 4 4 2 4 7 13 0 4 6 3 0 4 5 4 3 1 2 3 0
21110080 881 4 2 3 2 3 1 0 2 1 0 0 0 0 0 2 2 1 1 2 0 3 5 1 1 1 8 13 5 3 2 3 0
21110082 1038 2 2 1 1 0 1 1 0 0 0 0 1 1 0 2 2 9 9 4 4 6 13 0 2 1 5 0 1 4 0
21110084 946 0 1 0 1 1 0 0 0 0 0 0 0 2 0 1 3 3 2 4 0 4 5 3 0 13 3 4 0
21110085 888 0 1 0 1 1 0 0 0 0 0 0 0 13 5 3 3 8 7 4 2 5 4 6 3 2 1 3 0
21110086 750 1 1 1 0 2 1 0 0 0 0 1 0 0 0 0 0 3 2 3 6 3 3 3 5 1 13 5 3 0
21110088 1008 5 2 3 2 3 1 1 0 1 1 0 0 0 0 1 2 2 0 0 3 2 0 1 0 6 1 2 4 3 0 0 5 13
21110090 981 5 1 2 1 1 1 3 1 5 0.33333333333333331 6 0.33333333333333331 7 0.33333333333333331 4 1 0 3 3 6 13 0 3 4 9 2 6 4 2 0 0 2 3
21110091 902 7 3 2 2 1 2 2 1 1 0 1 1 0 0 0 0 2 4 1 3 3 4 13 3 4 7 4 0 0 3 4 0 0 1 3
21110092 838 2 2 1 1 0 3 1 0 0 0 0 1 1 0 3 4 0 0 3 8 4 0 2 5 1 3 13 3 1 2
21110093 861 3 2 3 1 1 0 3 1 0 0 0 0 1 1 1 0 3 3 2 13 6 5 1 3 3 4 1 1 2 2 0
21110094 916 5 3 2 3 2 1 1 0 2 1 0 0 0 0 1 2 2 0 0 4 5 0 1 13 3 3 4 5 3 0 0 1 4
21110098 1024 2 3 1 1 0 2 1 0 0 0 0 1 0 1 0 1 0 0 0 2 3 3 0 0 7 6 3 3 3 13
21110099 852 3 3 3 3 1 0 1 1 0 0 0 0 0 0 3 0 2 8 3 1 3 13 1 2 5 1 6 2 4 2 3
21110100 911 9 1 3 2 3 1 2 3 1 2 1 0 2 1 0 0 0 0 3 3 3 0 0 3 0 1 1 6 13 3 5 4 4 0 3 3 2
21110101 903 9 3 3 3 2 2 1 1 1 3 1 0 2 1 0 0 0 0 3 2 4 0 3 3 13 2 3 3 1 0 3 4 4 0 0 2 1
21110104 914 3 3 3 2 1 0 2 1 0 0 0 0 0 1 2 4 0 1 0 3 5 3 0 5 3 1 0 13 3 3 3
21110106 908 11 1 2 1 3 2 1 3 2 3 3 2 1 0 1 1 0 0 0 0 3 4 4 1 1 2 0 4 4 3 0 13 3 6 2 0 3 3 0
21110111 860 8 3 2 2 3 2 3 3 1 1 0 1 1 0 0 0 0 1 3 4 6 0 0 0 1 1 3 13 2 5 6 3 2 3 4 1
21110112 926 9 2 1 3 3 2 2 1 2 3 3 1 5 0.33333333333333331 6 0.33333333333333331 7 0.33333333333333331 2 4 3 3 3 2 0 4 5 13 1 5 4 0 0 1 0 1 0
21110114 842 0 1 0 3 1 0 0 0 0 0 0 0 3 3 1 2 1 13 3 4 5 4 2 0 3 1 2 0
21110115 891 3 3 1 2 1 0 1 1 0 0 0 0 1 1 1 1 4 4 3 4 1 2 2 13 5 2 1 3 2 0 0
21110116 975 8 2 1 1 3 3 1 1 2 1 0 3 1 0 0 0 0 4 2 2 5 4 3 13 0 2 5 3 2 4 4 1 2 3 3 0
21110117 766 8 1 1 3 2 1 3 3 2 1 0 3 1 0 0 0 0 3 2 3 3 2 0 1 5 3 5 1 13 3 2 0 0 0 2 0
21110118 882 7 2 1 3 2 1 2 2 1 0 1 1 0 0 0 0 2 4 1 3 7 4 3 13 0 0 0 4 4 0 0 0 3 0 1
21110119 899 11 2 2 2 1 1 1 1 3 3 3 2 1 0 3 1 0 0 0 0 4 4 3 0 1 5 13 2 1 3 3 1 7 4 2 0 0 2 3
21110120 874 6 1 3 1 2 1 3 1 0 3 1 0 0 0 0 3 1 2 0 0 1 2 0 4 4 8 0 2 1 3 2 13 2 3
21110122 871 8 2 3 1 3 3 1 1 2 1 0 2 1 0 0 0 0 3 2 3 13 4 0 9 3 4 5 2 2 1 3 0 0 0 0 1
21110123 921 3 1 2 3 1 0 3 1 0 0 0 0 1 1 1 0 4 3 13 3 0 5 3 0 0 2 3 1 0 0 0
21110124 969 5 2 3 2 2 2 1 0 3 1 0 0 0 0 0 4 1 0 0 1 0 13 1 5 1 1 3 3 2 4 3 1 0
21110125 944 5 2 3 3 1 3 1 0 2 1 0 0 0 0 1 1 3 2 1 0 1 13 5 4 0 4 2 4 3 1 0 0 0
21110130 801 5 1 2 1 3 1 1 0 2 1 0 0 0 0 3 1 1 4 13 3 2 0 6 7 3 6 4 8 0 0 3 3 0
21110131 820 0 1 0 2 1 0 0 0 0 0 0 0 13 1 4 2 6 5 0 0 4 3 4 1 3 0 0 0
21110132 874 10 1 2 3 2 3 2 3 3 2 1 3 1 8 0.33333333333333331 9 0.33333333333333331 10 0.33333333333333331 2 4 4 1 1 0 0 3 5 3 2 0 2 4 3 1 3 13 1
21110133 923 4 2 3 2 2 1 0 1 1 0 0 0 0 0 3 1 1 1 2 0 5 4 4 1 13 2 3 1 3 0 0 0
21110134 882 0 1 0 2 1 0 0 0 0 0 0 0 2 0 1 1 3 3 4 0 2 9 5 4 3 1 13 0
21110138 855 2 1 1 1 0 1 1 0 0 0 0 2 0 0 0 3 3 0 2 4 3 2 0 3 13 3 2 4 3 3
21110139 917 10 3 2 1 3 2 3 1 1 3 2 1 0 2 1 0 0 0 0 3 3 4 0 0 0 3 0 2 3 6 0 4 1 5 1 13 3 5
21110140 1015 6 2 3 3 3 1 3 1 0 2 1 0 0 0 0 1 1 4 13 1 2 0 1 9 5 3 2 0 1 0 5 0 2 1
21110142 881 0 1 0 1 1 0 0 0 0 0 0 0 3 1 13 3 2 5 7 3 0 6 5 0 3 2 0 0
21110143 922 5 2 2 2 3 3 1 0 1 1 0 0 0 0 0 3 2 4 13 1 3 4 3 3 9 0 0 5 4 0 0 4 1
21110144 824 6 1 3 3 2 3 2 3 1 8 0.33333333333333331 9 0.33333333333333331 10 0.33333333333333331 1 2 3 0 0 0 2 3 2 0 1 1 1 4 0 13 5 5 0
21110151 923 2 2 2 1 0 1 1 0 0 0 0 0 2 0 0 3 1 0 0 4 4 4 3 5 6 8 3 4 3 13
21110152 821 1 3 1 0 1 1 0 0 0 0 0 0 1 2 3 4 0 2 5 2 3 13 4 2 3 1 4 1 1
21110153 931 3 1 3 2 1 0 2 1 0 0 0 0 1 1 1 0 3 13 4 0 5 8 3 2 1 5 3 0 1 5 3
21110154 882 8 3 3 2 3 1 2 3 2 1 0 1 1 0 0 0 0 1 3 4 1 7 3 0 3 8 2 1 3 4 5 4 6 3 13 0
21110156 913 8 3 2 2 1 1 1 3 2 1 0 2 1 0 0 0 0 3 3 2 3 2 4 1 4 3 4 3 0 6 3 13 3 1 0 0
21110157 964 6 3 1 3 2 1 2 1 0 2 1 0 0 0 0 2 2 2 0 0 5 3 1 2 8 0 3 4 1 13 0 3 1 2
21110158 951 10 1 2 3 1 3 2 1 2 2 3 1 0 1 1 0 0 0 0 3 4 3 0 5 7 13 0 3 8 9 0 2 3 5 3 3 0 1
21110159 892 7 1 1 2 3 3 3 3 1 0 1 1 0 0 0 0 2 1 4 0 0 0 2 2 3 4 6 0 0 4 7 0 0 4 13
21110160 930 7 3 1 3 1 2 2 2 1 0 1 1 0 0 0 0 2 3 2 0 2 7 13 3 5 5 1 1 9 3 2 0 3 0 0
21110161 962 11 3 3 3 2 3 1 2 2 1 2 1 1 0 1 1 0 0 0 0 3 4 4 0 2 3 0 2 3 4 3 4 1 13 1 0 3 4 4
21110163 838 5 3 2 3 2 1 1 0 3 1 0 0 0 0 1 2 2 0 3 7 13 0 0 3 3 0 3 7 1 3 2 1 3
21110164 933 7 1 3 2 2 2 3 1 1 0 3 1 0 0 0 0 2 3 2 0 13 3 4 1 3 5 4 0 3 4 4 0 0 2 1
21110165 1002 11 1 2 3 3 1 1 2 2 3 3 1 1 0 2 1 0 0 0 0 4 3 4 2 0 1 0 0 2 1 9 3 4 3 1 2 3 6 13
21110166 1014 9 2 3 3 2 1 2 3 1 3 1 0 2 1 0 0 0 0 2 3 4 3 4 13 1 3 5 4 0 3 2 4 1 1 0 0 0
21110170 899 8 3 2 1 1 1 1 3 2 1 0 3 1 0 0 0 0 4 2 2 2 0 0 0 3 1 3 13 3 5 3 2 5 3 2 3
21110172 939 11 2 1 2 1 1 3 1 3 3 2 3 1 0 2 1 0 0 0 0 4 3 4 0 0 2 2 1 2 7 4 4 1 4 7 0 13 3 1
21110173 877 3 3 2 1 1 0 2 1 0 0 0 0 1 1 1 2 3 0 1 13 8 1 1 7 6 5 3 3 5 5 2
21110176 859 5 1 2 2 3 2 1 0 3 1 0 0 0 0 1 3 1 1 0 4 0 3 4 3 4 13 3 4 2 4 3 1 1
21110178 846 2 2 2 1 0 2 1 0 0 0 0 0 2 0 3 1 4 1 6 13 5 0 4 0 4 0 1 6 0 0
21110179 936 7 2 3 2 3 2 1 3 1 0 1 1 0 0 0 0 1 3 3 0 0 3 1 3 4 6 4 3 1 2 4 0 3 3 13
21110180 949 10 2 2 3 2 3 2 1 3 1 1 1 0 3 1 0 0 0 0 3 4 3 4 1 0 0 4 3 0 0 6 4 2 1 13 8 6 0
21110182 970 4 3 1 1 2 1 0 2 1 0 0 0 0 2 1 1 13 3 3 3 3 6 5 0 1 4 3 0 0 3 0 2
21110186 899 3 1 1 2 1 0 2 1 0 0 0 0 2 1 0 0 4 3 0 0 8 4 4 1 4 6 3 2 3 5 13
21110187 830 4 2 1 3 3 1 0 1 1 0 0 0 0 1 1 2 0 5 1 2 0 6 3 0 1 3 13 0 3 2 2 3
21110188 692 10 2 2 1 3 2 1 1 3 2 3 1 0 3 1 0 0 0 0 3 4 3 0 0 0 4 0 0 4 1 1 0 6 13 0 3 4 2
21110191 785 3 3 2 3 1 0 1 1 0 0 0 0 0 1 2 0 13 8 4 2 4 3 1 1 3 0 2 0 0 1 2
21110192 811 10 3 3 2 1 3 1 1 1 3 2 1 0 2 1 0 0 0 0 4 2 4 0 0 0 2 0 0 5 3 2 3 3 1 0 0 5 13
21110193 960 8 2 1 1 3 2 1 3 2 1 0 3 1 0 0 0 0 3 3 2 0 0 3 0 0 3 2 0 1 5 5 0 1 6 13 2
21110199 842 3 3 1 3 1 0 2 1 0 0 0 0 1 0 2 2 3 3 13 0 1 7 2 0 1 4 4 0 1 2 0
21110201 969 5 1 3 3 1 1 1 0 2 1 0 0 0 0 3 0 2 2 0 0 0 0 3 1 13 1 4 5 2 2 2 4 4
21110202 934 4 2 1 3 2 1 0 3 1 0 0 0 0 1 2 1 3 4 4 0 2 1 4 0 13 9 4 1 9 0 0 0
21110203 818 5 1 3 3 3 3 1 0 1 1 0 0 0 0 1 0 4 2 0 1 2 4 1 5 2 0 2 13 3 1 3 2 3
21110205 832 0 1 0 1 1 0 0 0 0 0 0 0 1 7 4 2 13 6 4 4 3 4 4 6 0 2 3 0
21110206 943 9 1 3 2 2 1 3 2 2 1 1 0 1 1 0 0 0 0 3 4 2 0 3 0 3 13 4 1 0 3 2 2 0 1 4 3 0
21110207 786 0 3 1 8 0.33333333333333331 9 0.33333333333333331 10 0.33333333333333331 0 0 0 5 6 0 0 6 5 1 6 13 3 0 0 0 2 0 0
21110209 935 5 3 1 2 3 1 1 0 3 1 0 0 0 0 2 1 2 3 1 2 0 13 4 0 3 2 3 5 2 0 0 0 1
21110212 937 11 3 2 1 2 1 1 2 3 2 3 1 1 0 3 1 0 0 0 0 4 4 3 3 3 0 0 3 4 0 0 1 2 6 4 13 9 3 3
21110213 935 3 1 3 2 1 0 3 1 0 0 0 0 1 1 1 0 0 3 5 0 0 13 4 0 0 4 2 2 1 1 0
21110214 881 4 1 3 3 2 1 0 2 1 0 0 0 0 1 1 2 3 6 4 5 13 3 3 1 1 1 4 2 2 3 0 0
21110215 912 4 2 1 3 1 3 1 4 0.33333333333333331 5 0.33333333333333331 6 0.33333333333333331 2 1 1 5 13 3 1 4 4 2 0 4 2 0 0 3 0 0 0
21110216 958 10 1 3 2 1 1 3 2 3 2 3 1 0 1 1 0 0 0 0 3 3 4 2 0 4 2 0 6 3 5 0 4 3 3 0 13 4 1
21110217 853 7 1 2 2 2 3 1 3 1 0 3 1 0 0 0 0 2 3 2 0 2 6 2 6 1 5 1 0 5 4 13 3 3 4 1
21110219 859 2 1 3 3 1 8 0.33333333333333331 9 0.33333333333333331 10 0.33333333333333331 1 0 1 1 4 13 0 3 1 3 2 4 5 3 1 2 2 2 0
21110222 909 3 1 3 3 1 0 1 1 0 0 0 0 1 0 2 13 4 4 1 8 4 5 0 2 6 5 2 2 3 0 0
21110223 948 7 2 1 1 2 2 1 3 1 0 2 1 0 0 0 0 3 3 1 1 0 0 0 2 1 3 3 3 6 3 0 13 4 5 0
21110224 892 3 2 1 3 1 0 1 1 0 0 0 0 1 1 1 3 3 0 0 13 4 3 2 5 3 1 0 2 4 0 0
21110225 928 3 3 2 1 1 0 1 1 0 0 0 0 1 1 1 0 1 2 0 0 4 3 2 0 8 8 5 3 3 3 13
21110226 972 5 2 1 3 3 1 1 0 1 1 0 0 0 0 2 1 2 0 2 0 0 2 0 4 3 0 1 5 2 0 3 4 13
21110227 827 0 1 0 1 1 0 0 0 0 0 0 0 0 3 0 3 2 5 2 4 3 1 3 6 3 2 1 13
21110230 858 9 2 3 1 3 3 2 2 1 1 3 1 6 0.33333333333333331 7 0.33333333333333331 8 0.33333333333333331 3 3 3 0 1 3 0 1 3 3 2 5 4 2 3 0 5 7 13
21110231 791 5 3 2 3 1 1 1 0 2 1 0 0 0 0 2 1 2 1 0 2 4 0 4 4 5 0 0 8 13 0 1 2 0
21110232 953 7 2 1 1 2 3 3 2 1 0 2 1 0 0 0 0 2 3 2 3 1 7 13 0 3 2 9 0 3 8 4 0 1 0 1
21110233 879 0 3 1 6 0.33333333333333331 7 0.33333333333333331 8 0.33333333333333331 0 0 0 2 6 4 1 3 3 2 3 13 1 4 1 0 0 2 0
21110235 912 6 3 2 1 2 1 3 1 0 1 1 0 0 0 0 2 2 2 0 0 4 2 0 0 3 3 0 3 4 5 3 3 4 13
21110236 914 8 1 1 2 1 3 3 3 2 1 0 2 1 0 0 0 0 3 2 3 3 6 2 2 4 4 1 3 13 5 9 4 0 1 7 0
21110237 905 10 1 3 1 2 3 2 3 2 1 3 1 0 1 1 0 0 0 0 3 3 4 13 5 1 2 3 3 5 0 2 1 0 0 2 0 0 0
21110238 905 0 1 0 2 1 0 0 0 0 0 0 0 4 7 4 0 13 4 1 0 3 5 0 0 3 1 0 2
21110239 942 6 2 2 2 3 3 1 1 0 1 1 0 0 0 0 1 3 2 0 0 2 0 1 1 13 0 4 3 3 3 4 2 1 4
21110240 849 2 2 1 1 0 1 1 0 0 0 0 1 1 0 0 0 3 3 0 3 2 4 1 5 13 8 4 3 3 2
21110241 927 9 3 1 3 2 2 2 3 1 2 1 0 1 1 0 0 0 0 2 4 3 0 2 8 1 0 1 13 3 3 0 4 9 0 5 4 6
21110242 826 8 3 2 1 1 2 2 2 3 1 0 3 1 0 0 0 0 2 4 2 0 13 5 1 1 2 4 4 0 4 1 3 0 0 0 3
21110243 814 5 1 2 1 3 3 1 0 2 1 0 0 0 0 2 1 2 0 1 2 0 2 3 0 0 0 5 4 1 4 4 3 13
21110244 980 3 1 3 2 1 0 3 1 0 0 0 0 1 1 1 0 1 3 0 0 0 7 4 0 2 1 3 2 6 3 13
21110245 795 11 2 3 1 2 2 1 2 3 1 3 3 1 0 1 1 0 0 0 0 3 4 4 0 2 0 2 1 3 6 0 13 5 1 2 1 7 4 0
21110247 805 11 2 2 1 2 3 1 1 2 3 3 1 1 0 3 1 0 0 0 0 4 4 3 4 2 13 4 1 2 3 8 0 4 1 4 0 0 0 3
21110248 813 0 1 0 1 1 0 0 0 0 0 0 0 3 9 3 0 3 7 5 13 6 6 4 7 3 2 1 2
21110249 825 0 1 0 3 1 0 0 0 0 0 0 0 1 0 0 0 2 5 0 1 3 4 2 3 4 13 3 0
21110251 870 2 1 1 1 0 2 1 0 0 0 0 2 0 0 0 3 6 13 0 1 4 2 0 3 4 3 3 0 3 2
21110253 878 9 1 2 3 2 1 3 3 1 1 1 0 2 1 0 0 0 0 4 2 3 0 2 0 0 0 2 0 0 3 1 13 1 4 5 2 5
21110254 884 8 3 3 2 3 3 2 1 1 1 0 1 1 0 0 0 0 2 2 4 1 5 4 3 6 4 2 0 13 5 0 0 4 2 2 1
21110258 803 9 1 2 2 3 2 1 3 1 3 1 0 2 1 0 0 0 0 3 3 3 0 13 3 4 4 4 1 1 0 4 5 2 0 0 3 0
21110259 818 11 2 2 3 3 1 1 3 1 1 2 3 1 0 2 1 0 0 0 0 4 3 4 1 4 2 3 0 4 13 2 3 1 4 5 0 0 3 3
21110260 996 7 2 1 2 3 2 3 1 1 0 1 1 0 0 0 0 2 3 2 3 7 1 2 6 6 13 0 2 3 0 0 0 1 3 0
21110261 831 0 1 0 1 1 0 0 0 0 0 0 0 3 3 3 0 6 1 3 2 13 3 2 0 0 0 3 0
21110262 937 5 2 2 3 3 1 1 0 1 1 0 0 0 0 1 2 2 7 3 3 4 1 5 13 2 0 1 4 4 0 2 0 0
21110263 824 3 2 1 1 1 0 3 1 0 0 0 0 2 1 0 3 1 4 8 13 3 4 2 2 5 0 0 3 3 0 0
21110264 898 7 3 1 1 3 2 3 2 3 1 8 0.33333333333333331 9 0.33333333333333331 10 0.33333333333333331 2 2 3 3 6 2 2 13 4 4 1 1 2 4 3 0 6 0 1
21110266 884 0 1 0 3 1 0 0 0 0 0 0 0 0 0 1 0 2 3 4 2 6 6 1 0 13 3 3 0
21110267 928 2 1 3 1 0 3 1 0 0 0 0 1 0 1 2 2 2 13 1 6 5 3 0 4 4 3 0 0 1 3
21110268 846 2 1 3 1 0 3 1 0 0 0 0 1 0 1 2 0 1 13 2 2 4 5 0 1 3 3 0 0 6 3
21110269 872 4 1 2 1 2 1 0 2 1 0 0 0 0 2 2 0 1 4 13 0 5 4 3 1 3 3 2 0 0 4 3 0
21110270 909 0 1 0 1 1 0 0 0 0 0 0 0 4 13 2 0 3 7 2 0 3 4 3 1 2 1 0 0
21110271 971 3 3 1 3 1 0 3 1 0 0 0 0 1 0 2 0 3 13 1 0 3 5 2 0 4 3 2 2 1 3 0
21110273 912 7 1 1 2 3 3 2 1 1 0 3 1 0 0 0 0 3 2 2 0 0 0 1 3 2 3 0 4 3 3 2 13 4 4 3
21110274 915 8 2 3 2 3 1 3 3 2 1 0 1 1 0 0 0 0 1 3 4 1 0 3 0 0 0 7 13 1 1 2 5 2 3 4 3
21110280 947 9 3 2 3 2 1 1 3 2 1 1 0 2 1 0 0 0 0 3 3 3 2 1 1 0 3 3 4 0 4 4 6 3 2 13 4 1
21110281 825 0 1 0 1 1 0 0 0 0 0 0 0 3 0 3 2 2 1 3 0 3 8 6 3 13 3 7 0
21110283 797 0 1 0 1 1 0 0 0 0 0 0 0 2 1 2 3 3 5 3 4 0 3 8 13 0 3 3 0
21110284 906 2 3 1 1 0 3 1 0 0 0 0 1 0 1 2 4 0 1 3 5 0 0 2 4 2 2 3 1 13 1
21110285 871 8 2 1 1 2 3 1 2 1 1 0 3 1 0 0 0 0 4 3 1 2 2 1 0 3 6 3 3 1 3 7 8 13 4 2 0
21110286 897 2 1 3 1 0 2 1 0 0 0 0 1 0 1 13 4 6 1 2 4 7 3 2 4 1 0 0 3 0 0
21110288 901 9 1 3 1 1 2 2 3 1 3 1 0 2 1 0 0 0 0 4 2 3 3 3 5 0 4 1 13 0 9 5 3 0 8 2 2 3
21110289 889 9 2 1 2 1 1 3 2 2 3 1 0 3 1 0 0 0 0 3 4 2 1 7 1 0 2 3 1 0 3 13 4 3 4 2 4 5
21110290 809 2 2 3 1 0 3 1 0 0 0 0 0 1 1 2 2 4 1 7 6 3 1 0 1 3 13 3 0 0 0
21110291 794 7 1 1 1 3 1 2 3 1 0 2 1 0 0 0 0 4 1 2 0 1 3 4 2 3 4 5 3 4 6 13 0 2 2 0
21110292 900 10 3 3 1 3 2 1 2 2 2 1 1 0 3 1 0 0 0 0 3 4 3 0 2 5 13 0 5 3 7 0 1 0 3 1 0 3 0
21110293 875 4 1 2 2 3 1 0 2 1 0 0 0 0 1 2 1 0 3 3 13 3 1 3 4 0 0 3 5 0 1 0 3
21110295 886 11 2 1 3 3 1 3 3 1 2 2 1 1 0 2 1 0 0 0 0 4 3 4 2 0 0 1 0 5 5 3 4 1 2 1 2 3 13 3
21110296 843 3 3 1 2 1 0 3 1 0 0 0 0 1 1 1 0 1 3 0 0 0 1 3 2 4 4 3 0 13 4 2
21110297 908 11 3 1 3 2 3 1 2 3 1 2 1 1 0 2 1 0 0 0 0 4 3 4 1 2 0 0 0 4 3 3 2 6 5 3 1 7 3 13
21110298 1007 4 1 2 3 2 1 0 3 1 0 0 0 0 1 2 1 4 3 3 4 1 13 4 4 0 0 3 5 0 0 6 3
21110299 738 10 1 2 1 1 2 2 3 3 2 1 1 0 3 1 0 0 0 0 4 4 2 4 1 13 3 2 4 5 0 0 4 3 0 0 6 0 0
21110300 913 6 2 3 2 1 3 2 1 0 1 1 0 0 0 0 1 3 2 0 1 2 13 1 3 5 6 0 0 3 1 3 0 2 0
21110301 852 3 2 1 2 1 0 2 1 0 0 0 0 1 2 0 0 0 1 0 0 13 4 2 3 5 3 0 3 1 3 1
21110303 909 10 2 2 3 1 2 3 1 3 1 3 1 0 1 1 0 0 0 0 3 3 4 2 0 3 0 13 2 5 0 5 1 1 2 3 3 4 3
21110304 870 7 3 1 3 2 1 1 2 1 0 2 1 0 0 0 0 3 2 2 2 5 1 3 0 4 2 13 1 1 3 3 0 3 2 0
21110306 873 8 3 1 3 1 3 3 2 1 1 0 2 1 0 0 0 0 3 1 4 3 2 3 2 13 5 1 0 3 1 0 0 2 0 0 0
21110307 840 4 1 2 3 2 1 0 1 1 0 0 0 0 1 2 1 0 1 3 2 6 3 9 4 3 5 5 13 0 1 2 0
21110308 889 8 2 1 1 2 3 3 3 2 1 0 2 1 0 0 0 0 2 3 3 0 0 0 3 1 3 0 1 2 5 3 0 13 5 3 1
21110311 782 5 1 2 2 3 3 1 0 1 1 0 0 0 0 1 2 2 0 0 0 3 1 5 2 0 5 3 2 1 3 13 3 0
21110313 909 5 1 3 2 2 3 1 0 1 1 0 0 0 0 1 2 2 0 13 2 4 2 5 1 1 1 7 4 2 0 0 2 1
21110314 757 1 2 1 0 2 1 0 0 0 0 0 1 0 0 13 1 4 1 5 4 1 0 3 2 0 0 0 3 3
21110317 868 8 1 1 2 2 2 2 3 1 1 0 3 1 0 0 0 0 3 4 1 13 3 5 0 1 3 5 0 8 2 5 6 3 8 0 1
21110326 912 7 3 2 1 3 2 1 3 1 0 1 1 0 0 0 0 2 2 3 0 0 1 2 0 4 6 13 1 0 4 4 0 0 2 2
21110328 890 7 1 3 3 2 3 3 1 1 0 2 1 0 0 0 0 2 1 4 0 0 2 0 3 1 0 0 4 5 3 1 13 6 2 0
21110331 882 3 3 3 1 1 0 3 1 0 0 0 0 1 0 2 13 9 4 2 4 1 3 8 2 4 4 1 0 6 2 3
21110334 978 3 2 1 3 1 0 3 1 0 0 0 0 1 1 1 0 2 1 0 0 1 4 3 0 2 2 3 1 0 5 13
21110336 970 6 3 1 2 1 2 2 1 0 1 1 0 0 0 0 2 3 1 4 13 2 0 8 9 4 6 5 4 0 3 6 1 0 0
21110340 878 6 3 1 1 3 2 3 1 0 2 1 0 0 0 0 2 1 3 0 0 2 13 0 2 5 3 1 1 6 5 2 0 3 1
21110341 858 5 1 1 1 3 2 1 0 2 1 0 0 0 0 3 1 1 0 8 5 13 8 3 5 6 0 3 3 3 0 0 0 2
21110342 850 1 2 1 0 2 1 0 0 0 0 0 1 0 13 3 1 4 1 2 5 2 3 3 1 0 3 0 1 0
21110344 914 3 2 3 2 1 0 3 1 0 0 0 0 0 2 1 0 0 1 0 0 1 2 4 0 13 4 5 1 1 2 5
21110347 955 5 1 2 1 2 1 1 0 2 1 0 0 0 0 3 2 0 3 0 0 3 4 3 0 0 5 5 13 3 3 1 3 2
21110348 871 6 3 3 2 1 2 3 1 0 1 1 0 0 0 0 1 2 3 0 0 4 4 0 3 7 4 1 3 6 13 0 0 2 0
21110350 965 7 2 1 3 1 1 3 3 1 0 3 1 0 0 0 0 3 1 3 2 1 0 0 2 4 3 2 0 13 5 7 0 0 3 4
21110353 875 8 3 3 2 1 2 1 3 2 1 0 1 1 0 0 0 0 2 3 3 0 0 1 0 2 3 3 13 0 1 4 4 0 4 4 2
21110354 983 1 2 1 0 2 1 0 0 0 0 0 1 0 3 0 1 3 0 1 6 7 0 5 3 13 1 0 2 0
21110355 892 4 2 3 3 2 3 1 6 0.33333333333333331 7 0.33333333333333331 8 0.33333333333333331 0 2 2 6 1 3 0 0 3 5 4 0 3 5 3 0 13 5 1
21110357 890 3 3 2 2 1 0 1 1 0 0 0 0 0 2 1 0 7 1 5 0 5 4 13 0 0 1 3 2 3 0 4
21110359 810 11 3 3 3 1 3 2 1 2 1 2 1 1 0 2 1 0 0 0 0 4 3 4 4 1 0 0 3 8 2 0 13 5 3 6 0 1 0 2
21110364 1088 7 1 2 1 2 3 3 3 1 0 3 1 0 0 0 0 2 2 3 3 13 3 0 8 2 1 2 7 1 1 0 3 0 0 2
21110367 985 11 1 2 2 3 1 1 2 3 1 3 3 1 0 2 1 0 0 0 0 4 3 4 3 3 0 0 5 1 2 0 13 4 3 0 7 3 2 1
21110368 902 4 2 1 1 2 1 0 3 1 0 0 0 0 2 2 0 0 2 3 1 2 3 5 2 1 4 3 13 0 1 9 3
21110369 851 6 1 2 1 3 2 3 1 0 3 1 0 0 0 0 2 2 2 2 3 0 0 5 1 0 1 5 3 3 0 13 4 2 0
21110371 849 11 3 3 1 3 2 2 1 3 2 1 2 1 0 1 1 0 0 0 0 3 4 4 3 2 0 1 5 5 2 0 8 3 13 0 3 3 1 0
21110373 932 4 3 1 1 2 1 0 1 1 0 0 0 0 2 1 1 0 2 3 13 0 3 3 3 0 0 5 3 3 2 0 0
21110374 765 5 3 3 3 1 2 1 0 1 1 0 0 0 0 1 1 3 3 5 6 13 3 4 5 4 0 0 3 6 0 0 0 2
21110375 953 11 1 2 2 1 3 3 2 2 1 3 3 1 0 1 1 0 0 0 0 3 4 4 0 3 0 0 2 6 4 13 6 5 4 1 2 0 1 3
21110377 872 10 2 2 3 3 1 1 2 2 3 3 1 0 1 1 0 0 0 0 2 4 4 1 4 2 13 1 4 6 3 9 7 3 1 0 0 5 2
21110379 836 9 1 2 3 3 2 1 3 2 1 1 0 3 1 0 0 0 0 3 3 3 0 3 3 3 2 8 1 4 1 2 13 5 0 4 0 0
21110383 844 6 1 1 1 2 2 2 1 0 3 1 0 0 0 0 3 3 0 5 3 1 3 0 2 6 4 0 13 3 2 3 0 0 1
21110385 831 2 1 3 1 0 2 1 0 0 0 0 1 0 1 13 8 1 0 1 6 4 3 5 2 2 2 0 1 4 0
21110387 784 5 1 2 3 2 3 1 0 1 1 0 0 0 0 1 2 2 0 0 0 3 1 0 0 4 2 4 5 4 0 5 9 13
21110388 841 8 3 3 2 2 3 2 1 1 1 0 2 1 0 0 0 0 2 3 3 0 0 1 0 0 0 3 0 3 6 4 0 9 3 13 1
21110395 781 11 2 3 3 1 1 3 2 2 3 1 2 1 0 1 1 0 0 0 0 3 4 4 0 2 0 0 3 5 1 5 0 1 5 4 1 2 2 13
21110396 947 11 1 3 2 1 2 2 2 3 1 3 3 1 0 1 1 0 0 0 0 3 4 4 0 3 1 13 3 1 5 3 0 2 8 3 0 2 0 7
21110397 1020 8 2 1 3 1 2 3 2 3 1 0 3 1 0 0 0 0 2 3 3 0 0 1 0 0 0 1 2 0 3 5 7 2 13 1 4
21110400 872 2 1 3 1 0 2 1 0 0 0 0 1 0 1 0 0 0 3 0 3 3 0 0 3 5 1 3 13 6 2
