21310438 1237 8 2 2 2 3 1 3 3 1 1 0 1 1 0 0 0 0 2 3 3 3 1 2 0 1 2 4 0 4 0 6 0 3 14 9 4
21310439 1433 3 2 3 1 1 0 1 1 0 0 0 0 1 1 1 0 3 0 1 2 1 0 3 5 5 5 6 2 3 14 2
21310440 1499 6 3 3 1 3 2 3 1 0 2 1 0 0 0 0 1 1 4 0 0 1 2 0 2 3 3 1 8 14 4 4 3 3 1
21310441 1445 7 2 2 1 3 1 1 2 1 0 2 1 0 0 0 0 3 3 1 4 0 0 0 1 3 4 0 2 2 3 3 14 5 1 1
21310449 1398 8 2 1 2 3 2 1 3 1 1 0 3 1 0 0 0 0 3 3 2 0 1 3 3 0 5 14 8 1 5 2 3 2 3 0 0
21310461 1369 9 2 1 2 3 3 1 2 3 1 1 0 2 1 0 0 0 0 3 3 3 4 9 1 3 14 5 4 0 2 4 1 0 1 4 2 0
21310463 1290 9 2 3 1 3 3 1 1 3 2 1 0 2 1 0 0 0 0 3 2 4 0 3 2 4 0 1 4 14 1 3 3 3 0 0 2 3
21310466 1361 3 1 3 3 1 0 1 1 0 0 0 0 1 0 2 0 1 0 0 2 2 0 0 4 2 3 1 5 14 2 3
21310469 1216 0 1 0 1 1 0 0 0 0 0 0 0 2 2 2 2 3 3 4 14 0 1 5 4 0 0 1 1
21310476 1350 8 2 3 2 3 2 1 1 1 1 0 2 1 0 0 0 0 3 3 2 8 0 4 3 5 14 3 0 3 4 7 0 4 3 1 0
21310478 1410 3 1 2 3 1 0 1 1 0 0 0 0 1 1 1 4 1 5 3 0 0 2 14 0 0 3 6 1 2 3 2
21310480 1305 2 3 3 1 0 1 1 0 0 0 0 0 0 2 2 4 4 7 2 9 14 6 0 4 1 2 0 0 1 3
21310482 1600 0 1 0 1 1 0 0 0 0 0 0 0 4 6 7 2 1 3 14 8 2 4 6 3 0 1 2 3
21310486 1308 4 2 3 1 3 1 0 1 1 0 0 0 0 1 1 2 1 3 3 0 7 14 3 0 4 9 2 3 4 2 3 5
21310488 1539 0 3 1 6 0.33333333333333331 7 0.33333333333333331 8 0.33333333333333331 0 0 0 0 1 1 4 3 4 7 6 0 1 14 2 3 2 2 3
21310493 1428 0 1 0 1 1 0 0 0 0 0 0 0 7 4 14 4 0 5 2 1 0 2 1 5 2 3 0 4
21310494 1345 2 1 2 1 0 2 1 0 0 0 0 1 1 0 3 5 3 14 0 2 6 3 1 3 7 1 3 0 8 0
21310500 1260 9 3 1 2 2 2 3 2 1 3 3 1 5 0.33333333333333331 6 0.33333333333333331 7 0.33333333333333331 2 4 3 0 1 0 3 0 0 2 14 0 3 5 6 1 4 1 5
21310502 1486 0 1 0 3 1 0 0 0 0 0 0 0 1 14 3 0 9 3 0 0 6 5 2 2 4 3 0 1
21310505 1432 6 3 2 2 3 3 1 1 0 2 1 0 0 0 0 1 2 3 0 0 3 0 3 4 1 1 1 4 8 3 2 6 14 0
21310509 1545 5 2 1 1 2 2 1 0 1 1 0 0 0 0 2 3 0 14 3 0 0 4 7 5 0 3 5 8 2 1 3 0 3
21310522 1276 10 2 2 3 2 1 3 2 1 3 3 1 0 1 1 0 0 0 0 2 4 4 3 1 3 3 1 4 14 3 4 7 2 0 0 2 0 1
21310533 1578 6 2 3 1 2 1 1 1 0 1 1 0 0 0 0 3 2 1 0 2 2 0 0 0 5 0 0 14 4 0 4 9 5 3
21310541 1230 8 2 1 1 3 2 2 3 3 1 0 2 1 0 0 0 0 2 3 3 1 1 2 3 3 3 5 3 3 14 6 3 0 0 0 1
21310550 1481 1 1 1 0 3 1 0 0 0 0 1 0 0 3 4 5 8 0 3 4 14 0 2 3 1 0 0 0 2
21310553 1351 0 1 0 2 1 0 0 0 0 0 0 0 1 8 5 3 5 3 9 5 1 6 14 4 0 2 3 3
21310568 1473 5 1 2 2 1 1 1 0 3 1 0 0 0 0 3 2 0 0 2 0 0 0 3 1 4 3 2 4 14 0 3 4 4
21310570 1312 10 3 1 3 2 1 3 1 2 2 1 1 0 3 1 0 0 0 0 4 3 3 5 1 2 0 14 4 3 2 8 1 3 0 2 6 4 0
21310571 1267 10 3 1 2 1 3 2 1 3 2 1 1 0 2 1 0 0 0 0 4 3 3 2 3 14 1 2 7 8 3 3 4 2 1 1 5 3 0
21310581 1403 8 3 2 1 1 3 2 1 3 1 0 3 1 0 0 0 0 3 2 3 2 1 2 0 7 3 8 3 2 14 1 2 9 6 1 4
