21510901 459 7 2 3 3 2 3 1 2 1 0 3 1 0 0 0 0 1 3 3 0 0 1 0 1 4 2 12 3 5 6 3 0 3 3 1
21510902 500 6 2 2 1 1 3 3 1 0 3 1 0 0 0 0 2 2 2 1 0 2 0 0 3 3 3 0 0 5 3 0 12 8 4
21510903 492 5 3 2 1 1 3 1 0 2 1 0 0 0 0 2 1 2 0 0 2 3 0 3 5 1 0 4 2 4 1 0 5 12
21510904 548 0 1 0 2 1 0 0 0 0 0 0 0 12 6 3 3 1 4 4 0 4 2 3 3 0 0 0 1
21510905 541 1 1 1 0 3 1 0 0 0 0 1 0 0 3 1 0 2 0 6 3 2 0 0 3 6 0 3 3 12
21510906 569 0 1 0 3 1 0 0 0 0 0 0 0 6 4 0 0 8 7 4 2 12 3 1 1 2 0 0 0
21510907 515 3 1 1 3 1 0 1 1 0 0 0 0 2 0 1 2 2 0 0 3 3 12 3 3 5 2 0 3 3 4 5
21510908 564 11 2 3 3 1 1 2 3 1 1 2 2 1 0 3 1 0 0 0 0 4 4 3 0 5 0 2 2 4 3 0 12 4 6 0 1 4 1 3
21510909 570 6 2 1 2 2 3 1 1 0 3 1 0 0 0 0 2 3 1 0 0 0 1 3 1 0 1 5 2 4 2 0 4 12 5
21510910 497 6 3 1 3 1 2 2 1 0 2 1 0 0 0 0 2 2 2 3 7 0 0 4 6 1 1 3 5 3 0 3 12 0 2
21510911 544 2 2 3 1 0 2 1 0 0 0 0 0 1 1 0 1 1 1 0 0 12 2 3 3 5 6 0 0 4 4
21510912 547 6 3 2 2 1 1 3 1 0 1 1 0 0 0 0 2 2 2 0 2 0 0 3 0 1 6 2 3 4 12 0 0 5 4
21510913 501 8 3 1 3 2 2 3 1 2 1 0 1 1 0 0 0 0 2 3 3 2 3 1 1 0 2 3 4 1 4 6 12 3 0 2 0
21510914 620 8 1 1 2 3 1 3 2 1 1 0 3 1 0 0 0 0 4 2 2 0 0 0 2 5 3 2 6 7 5 6 0 12 3 0 3
21510915 557 11 3 3 1 1 1 3 3 2 1 2 2 1 0 2 1 0 0 0 0 4 3 4 0 6 0 0 3 6 12 2 3 6 3 0 4 1 4 0
21510916 589 4 1 2 3 2 1 0 2 1 0 0 0 0 1 2 1 1 0 0 0 0 3 1 1 2 4 4 5 0 12 7 5
21510917 607 2 2 2 1 0 3 1 0 0 0 0 0 2 0 3 1 1 12 0 3 4 5 0 6 4 4 0 4 3 0
21510918 504 11 3 1 1 1 2 3 2 1 2 3 2 1 0 3 1 0 0 0 0 4 4 3 3 2 1 0 2 7 3 1 3 1 12 0 2 0 0 0
21510919 549 7 2 3 1 1 2 1 2 1 0 3 1 0 0 0 0 3 3 1 12 3 4 4 4 6 5 0 1 3 4 3 0 0 3 2
21510920 588 11 2 1 3 1 2 1 1 2 3 2 3 1 0 3 1 0 0 0 0 4 4 3 0 2 5 12 0 3 1 3 2 3 4 3 0 0 0 1
21510921 567 5 3 2 1 3 1 1 0 2 1 0 0 0 0 2 1 2 2 4 1 4 12 4 5 0 4 9 4 0 0 0 2 1
21510922 472 5 3 1 2 1 3 1 0 3 1 0 0 0 0 2 1 2 12 3 7 1 7 6 5 2 5 2 4 0 0 0 6 3
21510923 481 1 3 1 0 1 1 0 0 0 0 0 0 1 1 3 0 0 0 6 3 2 0 2 3 4 0 12 6 5
21510924 497 9 1 1 1 2 3 1 2 3 3 1 0 2 1 0 0 0 0 4 2 3 5 7 3 2 12 6 2 0 3 3 0 0 3 1 0 0
21510925 583 5 2 3 3 1 3 1 0 2 1 0 0 0 0 1 1 3 2 1 2 0 0 3 4 3 3 1 3 5 0 3 12 1
21510926 591 1 3 1 0 2 1 0 0 0 0 0 0 1 0 12 2 3 6 3 1 3 0 1 5 4 0 0 3 3
21510927 531 4 3 1 2 3 1 0 1 1 0 0 0 0 1 1 2 0 0 2 12 0 3 0 8 3 1 5 4 2 3 3 3
21510928 576 6 3 3 1 1 1 2 1 0 1 1 0 0 0 0 3 1 2 0 0 2 2 0 0 4 4 0 3 7 5 2 3 6 12
21510929 607 5 2 3 2 1 2 1 0 1 1 0 0 0 0 1 3 1 1 3 0 3 0 3 6 5 2 5 3 1 0 3 7 12
21510930 536 8 2 2 2 1 3 3 1 3 1 0 1 1 0 0 0 0 2 3 3 7 3 1 0 12 4 3 2 1 2 1 2 0 0 3 0
21510931 606 1 2 1 0 2 1 0 0 0 0 0 1 0 12 1 4 5 1 5 7 1 5 3 3 5 3 2 0 0
21510932 532 0 1 0 1 1 0 0 0 0 0 0 0 0 3 1 8 2 3 4 12 2 4 3 6 1 0 2 0
21510933 524 4 3 3 2 3 1 0 2 1 0 0 0 0 0 1 3 12 6 1 0 2 4 4 0 2 1 2 1 1 1 0 0
21510934 518 7 3 1 2 1 1 2 3 1 0 3 1 0 0 0 0 3 2 2 2 0 0 0 2 4 0 1 5 4 6 8 3 12 5 0
21510935 529 4 1 2 3 2 1 0 3 1 0 0 0 0 1 2 1 1 4 3 12 0 1 5 6 0 4 7 2 1 2 3 0
21510936 541 3 2 1 2 1 0 3 1 0 0 0 0 1 2 0 2 0 0 0 4 1 0 0 12 4 3 0 5 3 7 1
21510937 603 3 2 1 2 1 0 1 1 0 0 0 0 1 2 0 1 0 2 0 2 7 3 3 0 4 5 7 0 6 1 12
21510939 545 10 2 2 1 1 3 1 2 2 3 3 1 0 3 1 0 0 0 0 3 4 3 0 0 4 1 0 2 5 3 0 0 5 3 1 3 12 4
21510940 552 5 2 3 3 1 2 1 0 1 1 0 0 0 0 1 2 2 0 0 3 3 3 0 6 3 0 12 3 5 0 2 1 8
21510941 539 2 3 1 3 1 4 0.33333333333333331 5 0.33333333333333331 6 0.33333333333333331 1 0 1 0 5 12 3 0 0 5 3 3 0 2 3 0 0 3 3
21510942 571 7 1 1 1 1 3 2 2 1 0 2 1 0 0 0 0 4 2 1 0 2 1 4 3 12 5 5 0 4 2 6 0 0 0 3
21510943 593 7 2 2 1 2 1 3 3 1 0 1 1 0 0 0 0 2 3 2 3 8 5 12 2 3 6 0 3 0 1 1 0 0 4 2
21510944 510 0 1 0 1 1 0 0 0 0 0 0 0 0 4 4 3 0 3 12 6 3 6 4 3 0 2 0 3
21510945 579 9 2 2 3 3 2 2 1 1 3 1 0 1 1 0 0 0 0 2 4 3 0 0 0 3 1 3 3 6 0 3 4 4 0 5 3 12
21510946 549 7 2 3 2 3 2 1 1 1 0 2 1 0 0 0 0 2 3 2 1 0 6 3 3 5 6 8 1 5 6 7 0 3 3 12
21510947 510 10 1 3 1 3 1 2 2 1 3 2 1 0 3 1 0 0 0 0 4 3 3 12 6 4 2 3 4 1 0 0 4 0 0 0 2 0 0
21510948 520 11 1 3 1 3 3 3 2 1 1 2 2 1 0 2 1 0 0 0 0 4 3 4 0 0 3 6 0 12 5 3 0 1 1 5 2 3 3 2
21510949 499 7 3 1 1 1 1 3 3 1 0 2 1 0 0 0 0 4 0 3 6 12 5 0 4 3 5 1 2 3 2 2 5 0 2 0
21510950 464 0 1 0 1 1 0 0 0 0 0 0 0 3 12 4 1 3 4 3 0 4 6 2 0 2 0 3 0
21510951 537 0 1 0 2 1 0 0 0 0 0 0 0 0 0 1 2 0 2 1 3 3 1 5 3 3 12 3 4
21510952 602 6 1 3 2 1 3 3 1 0 2 1 0 0 0 0 2 1 3 3 0 0 0 1 6 0 0 2 3 4 2 12 6 3 1
21510953 561 5 1 2 1 1 3 3 1 4 0.33333333333333331 5 0.33333333333333331 6 0.33333333333333331 3 1 1 0 0 0 3 1 3 0 0 12 5 3 2 2 5 6 2
21510954 485 11 1 2 2 1 3 3 2 2 1 3 3 1 0 1 1 0 0 0 0 3 4 4 0 0 3 2 0 0 4 1 4 12 3 1 4 4 4 2
21510955 549 7 2 2 1 3 1 1 2 1 0 2 1 0 0 0 0 3 3 1 3 0 0 0 4 3 0 0 7 3 3 1 12 6 7 3
21510956 542 11 3 1 2 3 1 1 2 3 2 2 3 1 0 1 1 0 0 0 0 3 4 4 3 1 4 1 12 2 3 3 7 4 2 0 4 0 3 0
21510957 458 7 3 2 3 2 2 3 1 1 0 1 1 0 0 0 0 1 3 3 0 1 0 0 0 3 2 4 1 3 4 5 2 4 1 12
21510959 566 3 3 3 1 1 0 2 1 0 0 0 0 1 0 2 12 0 7 0 5 4 3 0 6 5 2 1 3 5 0 0
21510960 514 6 3 2 3 2 3 2 1 0 1 1 0 0 0 0 0 3 3 2 1 2 1 3 6 4 1 0 4 6 3 12 7 4 1
21510961 545 5 3 3 1 2 2 1 0 1 1 0 0 0 0 1 2 2 0 0 0 1 3 3 0 0 4 3 4 3 12 4 2 3
21510962 585 0 1 0 1 1 0 0 0 0 0 0 0 0 0 2 0 6 3 3 1 5 2 8 0 4 5 12 0
21510964 646 4 3 2 1 3 1 0 2 1 0 0 0 0 1 1 2 0 0 3 1 3 6 3 1 5 4 5 8 0 2 4 12
21510965 553 10 3 3 2 2 3 2 1 2 1 1 1 0 1 1 0 0 0 0 3 4 3 2 4 12 0 5 3 3 0 2 1 1 7 0 3 0 0
21510966 532 2 3 2 1 0 3 1 0 0 0 0 0 1 1 0 2 4 12 2 0 0 6 0 3 1 6 0 0 1 1
21510967 632 4 3 2 3 2 1 0 2 1 0 0 0 0 0 2 2 12 6 3 3 3 5 1 0 3 1 6 1 0 0 0 3
21510968 551 7 2 3 1 2 3 1 3 1 0 2 1 0 0 0 0 2 2 3 4 4 5 0 12 2 0 1 7 1 4 2 0 1 0 0
21510969 563 4 1 2 2 1 1 0 3 1 0 0 0 0 2 2 0 0 2 0 0 3 1 12 1 0 0 4 3 0 4 2 3
21510970 547 8 3 3 2 3 1 2 1 2 1 0 3 1 0 0 0 0 2 3 3 0 1 1 0 3 7 4 2 1 6 4 12 3 5 3 2
21510971 581 9 2 3 2 1 3 2 1 1 3 1 0 3 1 0 0 0 0 3 3 3 1 2 3 0 4 2 1 0 12 4 1 0 5 5 3 2
21510972 568 7 3 2 3 3 3 1 1 1 0 1 1 0 0 0 0 2 1 4 3 2 2 3 4 3 3 0 3 5 4 1 4 12 3 2
21510973 573 5 2 1 3 2 3 1 0 1 1 0 0 0 0 1 2 2 0 0 2 3 4 2 3 1 0 1 4 5 2 1 12 3
21510974 606 7 3 1 3 1 3 3 1 1 0 2 1 0 0 0 0 3 0 4 2 0 0 0 2 3 5 3 0 1 3 6 2 4 3 12
21510975 566 3 1 2 3 1 0 1 1 0 0 0 0 1 1 1 0 2 3 0 3 3 5 3 5 3 3 1 12 4 2 0
21510976 509 4 3 3 2 1 1 0 1 1 0 0 0 0 1 1 2 0 0 2 0 2 1 1 3 6 3 2 0 12 8 8 4
21510977 561 11 1 1 3 3 2 3 2 2 1 1 3 1 0 2 1 0 0 0 0 4 3 4 4 3 0 0 3 5 3 1 12 6 5 0 2 4 0 0
21510978 479 8 2 1 3 2 3 1 2 3 3 1 6 0.33333333333333331 7 0.33333333333333331 8 0.33333333333333331 2 3 3 0 1 0 0 0 1 5 3 0 2 4 4 2 3 1 12
21510979 492 7 3 3 2 1 1 2 3 1 0 2 1 0 0 0 0 2 2 3 3 4 4 4 0 3 4 5 0 0 2 12 0 1 1 3
21510980 625 1 3 1 0 2 1 0 0 0 0 0 0 1 0 0 0 3 0 0 3 4 0 3 5 7 1 4 12 3
21510981 508 3 1 3 2 1 0 3 1 0 0 0 0 1 1 1 3 1 3 0 3 5 1 0 2 7 4 0 2 12 3 3
21510982 535 7 1 2 2 2 3 1 1 1 0 3 1 0 0 0 0 3 3 1 0 3 0 0 0 3 4 0 0 1 7 4 2 12 6 4
21510983 564 2 1 3 1 0 2 1 0 0 0 0 1 0 1 12 5 2 0 5 2 0 0 3 0 1 3 0 0 0 1
21510984 486 11 1 1 1 3 1 2 3 2 3 2 2 1 0 3 1 0 0 0 0 4 4 3 0 0 0 2 0 0 4 5 1 0 5 4 1 4 2 12
21510985 604 0 1 0 2 1 0 0 0 0 0 0 0 1 0 3 3 1 4 6 1 0 5 7 2 0 2 3 12
21510986 550 9 3 3 2 2 1 1 1 2 2 1 0 3 1 0 0 0 0 3 4 2 3 0 0 0 12 2 2 1 1 6 3 8 1 4 3 0
21510987 505 8 1 3 2 2 3 2 2 1 1 0 1 1 0 0 0 0 2 4 2 5 4 3 0 8 4 7 0 12 5 3 3 0 3 1 0
21510988 560 11 2 1 1 3 3 2 3 3 1 2 2 1 0 1 1 0 0 0 0 3 4 4 4 12 0 1 4 6 7 0 4 4 3 0 0 0 2 0
21510989 583 6 1 2 2 1 2 1 1 0 3 1 0 0 0 0 3 3 0 0 12 5 2 2 4 3 1 0 5 4 3 3 1 3 0
21510990 537 7 1 1 3 2 1 2 3 1 0 2 1 0 0 0 0 3 2 2 0 4 3 12 0 1 6 3 0 1 4 0 2 0 2 3
21510991 497 7 1 2 2 1 1 3 3 1 0 2 1 0 0 0 0 3 2 2 12 4 1 0 7 4 2 0 4 3 0 0 3 0 3 3
21510992 570 7 2 3 2 1 3 2 3 1 0 2 1 0 0 0 0 1 3 3 3 4 0 0 0 5 6 12 3 1 5 6 1 1 2 1
21510993 624 2 3 2 1 0 3 1 0 0 0 0 0 1 1 2 3 5 12 1 3 4 3 1 6 5 1 0 2 0 0
21510994 513 1 2 1 0 1 1 0 0 0 0 0 1 0 8 4 7 1 4 3 3 0 12 1 3 2 0 4 2 0
21510995 533 8 3 3 3 1 1 2 1 2 1 0 2 1 0 0 0 0 3 2 3 12 6 5 2 7 4 4 3 1 0 3 0 0 0 3 0
21510996 575 0 1 0 2 1 0 0 0 0 0 0 0 5 3 3 3 4 6 5 0 12 1 1 3 0 0 4 2
21510997 533 9 1 1 1 2 2 3 3 2 3 1 0 1 1 0 0 0 0 3 3 3 0 0 0 3 1 0 0 0 3 2 4 0 12 6 4 2
21510998 574 4 1 2 3 3 1 0 2 1 0 0 0 0 1 1 2 1 0 0 3 0 1 12 5 0 0 2 5 0 3 4 3
21510999 546 1 2 1 0 3 1 0 0 0 0 0 1 0 12 3 2 1 8 5 0 0 3 1 0 0 2 1 0 0
21511000 503 1 3 1 0 1 1 0 0 0 0 0 0 1 6 12 4 0 3 2 3 0 3 1 4 0 3 1 2 2
21511001 553 10 1 2 3 1 3 2 2 1 3 3 1 0 1 1 0 0 0 0 3 3 4 3 2 0 0 4 3 0 2 6 5 3 0 12 8 1 0
21511002 586 8 2 2 2 2 1 3 1 3 1 0 1 1 0 0 0 0 2 4 2 0 0 3 0 12 2 3 0 3 4 6 1 1 4 3 3
21511003 566 5 1 3 1 2 1 1 0 2 1 0 0 0 0 3 1 1 4 3 3 3 8 7 2 3 12 3 5 0 0 0 3 0
21511004 621 10 1 1 3 2 1 3 3 2 2 2 1 0 3 1 0 0 0 0 3 4 3 3 1 2 4 0 0 3 7 0 0 7 12 0 1 3 0
21511006 569 8 1 3 3 2 1 3 2 1 1 0 1 1 0 0 0 0 3 2 3 0 3 0 0 2 3 2 12 1 4 3 3 0 3 3 2
21511007 579 7 3 2 1 1 3 2 1 1 0 1 1 0 0 0 0 3 2 2 0 3 0 2 12 7 3 3 5 5 6 3 3 2 3 0
21511008 583 9 2 1 3 2 1 3 1 1 2 1 0 2 1 0 0 0 0 4 3 2 3 3 4 3 5 6 1 0 12 3 2 0 3 0 0 0
21511009 511 2 2 3 1 0 1 1 0 0 0 0 0 1 1 5 12 0 1 2 5 2 0 3 1 3 2 3 0 1 0
21511010 563 8 1 1 3 2 3 2 2 3 1 0 2 1 0 0 0 0 2 3 3 0 0 1 0 3 0 1 0 12 5 3 3 4 3 3 0
21511011 561 11 1 2 2 1 3 1 2 1 2 3 3 1 0 3 1 0 0 0 0 4 4 3 1 12 3 6 0 2 5 3 0 3 4 1 0 2 3 0
21511012 538 6 2 2 2 3 1 1 1 0 3 1 0 0 0 0 2 3 1 0 0 2 0 3 1 1 12 0 4 5 6 0 3 3 3
21511013 589 7 3 2 2 1 2 1 2 1 0 3 1 0 0 0 0 2 4 1 1 3 0 0 3 5 1 0 2 7 5 1 12 8 5 3
21511014 516 9 2 1 2 3 1 2 1 2 3 1 0 3 1 0 0 0 0 3 4 2 3 2 0 0 3 4 3 0 12 5 1 0 1 4 4 3
21511015 601 10 2 2 2 1 3 1 3 2 3 1 1 0 3 1 0 0 0 0 3 4 3 0 0 0 3 2 3 6 1 1 0 12 3 0 3 3 4
21511016 550 7 1 1 2 3 1 2 3 1 0 1 1 0 0 0 0 3 2 2 2 3 5 4 7 12 1 2 0 3 4 3 0 0 5 2
21511017 609 1 2 1 0 3 1 0 0 0 0 0 1 0 0 0 3 2 6 1 1 0 5 4 3 3 12 7 6 5
21511018 525 4 3 2 1 2 1 0 2 1 0 0 0 0 1 2 1 2 1 3 0 12 1 1 0 4 3 6 3 3 0 3 0
21511019 524 5 2 2 1 3 3 1 0 2 1 0 0 0 0 1 2 2 3 0 0 0 3 1 3 0 4 1 0 0 12 3 1 2
21511021 587 0 1 0 1 1 0 0 0 0 0 0 0 3 0 3 3 0 2 6 4 0 3 5 8 0 3 5 12
21511022 540 7 3 2 3 1 2 1 3 1 0 1 1 0 0 0 0 2 2 3 0 0 1 2 0 4 3 0 6 2 6 3 0 12 4 3
21511023 572 0 1 0 3 1 0 0 0 0 0 0 0 0 0 2 0 1 3 1 12 0 2 5 4 0 3 2 1
21511024 611 9 3 1 3 2 2 2 3 1 3 1 0 1 1 0 0 0 0 2 3 4 0 0 1 0 2 2 12 3 0 0 1 5 0 3 4 3
21511025 508 2 1 2 1 0 1 1 0 0 0 0 1 1 0 1 1 0 2 3 2 2 3 0 5 6 5 0 5 7 12
21511026 623 10 2 1 3 3 2 1 1 3 2 2 1 0 1 1 0 0 0 0 3 4 3 1 3 5 2 0 0 6 3 0 4 2 12 3 1 0 0
21511027 621 3 1 2 3 1 0 2 1 0 0 0 0 1 1 1 3 2 5 1 12 4 4 3 1 5 3 3 0 3 3 0
21511028 491 2 1 2 1 0 1 1 0 0 0 0 1 1 0 2 0 0 0 12 4 3 0 1 4 5 3 3 3 2 3
21511029 517 2 1 2 1 0 3 1 0 0 0 0 1 1 0 5 3 1 3 3 4 3 4 2 12 8 2 0 1 6 0
21511030 464 2 2 2 1 0 1 1 0 0 0 0 0 2 0 1 3 4 5 4 1 5 7 0 2 4 12 0 3 3 0
21511031 576 4 1 3 1 1 1 0 3 1 0 0 0 0 3 0 1 4 6 12 0 2 3 4 2 2 5 2 3 0 3 3 1
21511032 557 4 2 1 3 2 1 0 3 1 0 0 0 0 1 2 1 12 7 4 0 3 5 4 5 3 5 3 3 0 0 1 0
21511034 556 10 3 1 2 2 1 3 2 3 3 1 1 0 2 1 0 0 0 0 3 3 4 0 0 0 1 2 0 8 0 3 5 0 4 1 3 3 12
21511035 511 5 3 2 2 1 3 1 0 3 1 0 0 0 0 1 2 2 3 1 5 12 2 3 2 7 0 0 1 3 0 0 0 1
21511036 558 3 3 2 2 1 0 3 1 0 0 0 0 0 2 1 12 3 0 2 4 7 1 0 4 3 3 0 0 1 1 0
21511037 526 7 3 2 3 2 1 1 3 3 1 7 0.33333333333333331 8 0.33333333333333331 9 0.33333333333333331 2 2 3 0 1 0 0 0 0 5 4 1 4 3 5 2 0 2 12
21511038 597 11 3 3 2 1 2 1 2 3 3 1 1 1 0 2 1 0 0 0 0 4 3 4 12 4 3 3 3 3 4 0 4 7 1 6 0 3 2 0
21511039 563 0 1 0 3 1 0 0 0 0 0 0 0 12 7 2 1 7 5 0 0 3 1 4 0 2 0 0 0
21511040 488 8 1 2 2 1 1 2 3 3 1 0 3 1 0 0 0 0 3 3 2 2 0 1 1 0 4 2 3 3 1 5 2 0 3 7 12
21511041 498 0 1 0 2 1 0 0 0 0 0 0 0 0 4 2 0 3 1 1 0 1 4 6 5 2 3 12 3
21511042 597 8 2 3 2 1 3 2 1 1 1 0 1 1 0 0 0 0 3 3 2 0 0 3 0 0 1 4 12 2 3 5 4 2 3 3 3
21511043 569 0 1 0 1 1 0 0 0 0 0 0 0 0 0 3 6 2 12 3 0 2 3 4 1 3 3 3 0
21511045 584 9 2 3 2 2 3 2 1 3 1 1 0 1 1 0 0 0 0 2 4 3 3 0 0 3 4 3 3 6 5 6 5 0 1 3 12 0
21511046 516 4 3 2 1 3 1 0 3 1 0 0 0 0 1 1 2 0 1 1 2 3 4 3 1 5 7 2 0 12 3 5 2
21511047 438 6 3 1 1 1 1 2 1 0 2 1 0 0 0 0 4 1 1 4 3 3 12 0 5 6 3 0 2 3 0 3 0 2 0
21511048 547 7 1 1 1 3 2 2 2 1 0 3 1 0 0 0 0 3 3 1 8 0 0 0 1 12 2 1 2 5 3 0 5 3 3 0
21511049 510 10 2 3 2 2 1 3 2 3 1 3 1 0 1 1 0 0 0 0 2 4 4 2 4 3 12 3 5 3 3 4 6 4 1 0 3 0 1
21511050 523 9 2 1 3 3 3 2 2 2 1 1 0 1 1 0 0 0 0 2 4 3 3 1 0 0 0 3 2 4 0 4 5 1 0 4 5 12
21511051 471 8 1 3 1 3 1 3 3 2 1 0 1 1 0 0 0 0 3 1 4 2 0 0 0 0 2 2 0 2 1 6 1 0 5 2 12
21511052 614 9 3 3 3 2 3 1 1 2 1 1 0 2 1 0 0 0 0 3 2 4 4 4 1 0 3 4 5 0 3 12 3 2 1 0 2 0
21511053 540 2 1 2 1 0 1 1 0 0 0 0 1 1 0 0 2 5 12 0 1 3 5 0 1 2 2 1 0 2 0
21511055 563 2 2 3 1 0 2 1 0 0 0 0 0 1 1 4 12 5 1 1 6 5 1 0 3 3 0 2 0 0 0
21511056 539 3 1 2 3 1 0 3 1 0 0 0 0 1 1 1 3 12 1 1 2 3 4 2 4 4 0 0 1 2 0 0
21511057 618 3 2 2 1 1 0 2 1 0 0 0 0 1 2 0 3 3 3 1 12 6 4 1 4 3 4 0 0 3 0 0
21511058 620 7 2 3 1 1 1 3 2 1 0 1 1 0 0 0 0 3 2 2 0 0 0 3 1 12 3 0 4 4 5 7 2 2 2 3
21511059 566 11 1 2 2 1 3 3 2 3 1 1 2 1 0 3 1 0 0 0 0 4 4 3 12 6 1 3 3 6 4 2 4 4 2 0 0 1 0 0
21511060 499 1 2 1 0 3 1 0 0 0 0 0 1 0 0 0 0 3 0 0 6 3 1 0 5 3 2 5 1 12
21511061 563 10 3 2 1 2 2 1 1 2 3 3 1 0 3 1 0 0 0 0 3 4 3 12 4 4 1 4 6 2 0 1 0 2 0 0 1 0 0
21511062 509 10 3 3 2 1 3 3 1 1 2 1 1 0 2 1 0 0 0 0 4 2 4 0 1 0 2 0 0 3 4 0 0 4 6 2 7 4 12
21511063 498 11 1 3 3 1 1 3 2 2 3 2 1 1 0 2 1 0 0 0 0 4 3 4 0 0 0 4 0 2 3 4 0 3 4 7 1 3 5 12
21511064 468 0 1 0 3 1 0 0 0 0 0 0 0 3 0 3 0 2 3 1 2 4 6 4 0 8 7 12 1
21511065 439 10 3 2 1 3 3 2 2 1 1 1 1 0 3 1 0 0 0 0 4 3 3 0 2 6 0 3 1 7 3 3 6 2 12 2 4 3 1
21511066 558 6 2 1 3 3 1 3 1 0 1 1 0 0 0 0 2 1 3 2 0 2 12 3 1 5 4 3 1 3 2 0 4 2 3
21511067 585 9 1 1 3 3 2 1 2 3 3 1 0 2 1 0 0 0 0 3 2 4 2 3 4 12 0 1 3 4 2 4 5 8 0 1 0 3
21511068 598 4 2 1 3 3 1 0 2 1 0 0 0 0 1 1 2 0 3 7 12 3 6 5 5 0 2 1 3 0 0 0 1
21511069 570 8 2 1 2 3 2 2 1 1 1 0 3 1 0 0 0 0 3 4 1 2 3 0 0 3 5 4 0 12 3 0 6 1 3 1 3
21511070 555 11 3 2 3 2 2 3 1 1 1 1 2 1 0 3 1 0 0 0 0 4 4 3 0 0 0 3 0 3 4 3 1 6 4 4 12 7 7 2
21511071 555 2 3 1 1 0 2 1 0 0 0 0 1 0 1 0 0 0 5 5 3 0 0 4 4 5 3 12 6 3 3
21511072 553 2 1 1 1 0 2 1 0 0 0 0 2 0 0 12 4 2 0 8 4 3 3 5 2 3 0 0 1 0 0
21511073 580 4 3 3 1 2 1 0 1 1 0 0 0 0 1 1 2 0 0 2 2 1 3 4 3 3 5 5 0 4 12 0 0
21511074 496 0 1 0 1 1 0 0 0 0 0 0 0 1 0 2 0 3 0 2 0 12 1 3 0 4 6 2 3
21511075 577 10 3 3 1 2 1 2 1 3 2 1 1 0 2 1 0 0 0 0 4 3 3 0 0 0 3 3 3 5 3 1 6 3 0 12 2 4 3
21511076 612 8 2 1 3 1 1 2 3 2 1 0 3 1 0 0 0 0 3 3 2 12 4 4 3 6 3 3 0 3 3 1 0 2 0 0 0
21511077 632 0 1 0 2 1 0 0 0 0 0 0 0 0 3 3 0 3 5 0 0 3 6 1 0 12 1 5 2
21511078 625 0 1 0 1 1 0 0 0 0 0 0 0 4 3 2 1 12 7 5 3 0 5 0 3 0 2 0 3
21511079 607 3 3 2 3 1 0 1 1 0 0 0 0 0 1 2 1 6 7 12 0 4 3 3 2 0 2 0 0 1 3 0
21511080 563 7 2 1 1 2 3 2 3 1 0 3 1 0 0 0 0 2 3 2 0 3 0 0 1 4 5 3 1 3 6 4 0 2 6 12
21511081 511 5 3 1 3 1 2 1 0 2 1 0 0 0 0 2 1 2 2 4 0 3 1 7 3 0 4 6 4 0 3 4 12 0
21511082 526 5 1 3 1 3 3 1 0 3 1 0 0 0 0 2 0 3 2 1 0 0 0 6 2 12 0 5 3 4 0 2 3 3
21511085 559 9 1 1 2 1 3 3 2 1 3 1 0 2 1 0 0 0 0 4 2 3 3 0 3 2 5 1 0 0 5 6 2 0 12 3 3 0
21511086 636 0 1 0 2 1 0 0 0 0 0 0 0 0 3 0 0 3 6 6 3 0 7 5 8 3 1 3 12
21511087 578 11 2 3 2 1 3 2 1 1 3 3 2 1 0 1 1 0 0 0 0 3 4 4 4 12 1 4 0 0 4 2 1 0 6 3 2 0 3 4
21511088 588 0 1 0 1 1 0 0 0 0 0 0 0 4 12 6 3 3 1 3 0 0 3 4 2 0 0 0 2
21511089 535 2 2 3 1 0 1 1 0 0 0 0 0 1 1 3 12 3 3 3 5 1 4 1 3 2 0 3 2 0 0
21511090 541 3 1 3 1 1 0 1 1 0 0 0 0 2 0 1 0 2 0 0 0 2 5 0 0 3 4 4 3 12 5 2
21511091 477 11 1 3 2 1 2 1 3 2 1 3 2 1 0 3 1 0 0 0 0 4 4 3 0 0 4 4 0 3 6 5 0 1 3 12 2 0 3 0
21511092 546 7 3 1 2 3 1 1 2 1 0 3 1 0 0 0 0 3 2 2 0 3 2 0 0 1 2 4 0 5 3 6 3 4 4 12
21511093 463 6 2 1 1 3 2 1 1 0 2 1 0 0 0 0 3 2 1 0 0 2 0 4 3 1 0 4 6 3 0 5 7 12 3
21511094 633 5 1 2 1 3 2 1 0 1 1 0 0 0 0 2 2 1 3 3 3 0 5 7 2 0 7 4 0 2 12 1 0 0
21511095 484 8 2 1 3 2 3 1 1 1 1 0 3 1 0 0 0 0 4 2 2 0 0 2 0 2 3 4 5 0 1 12 4 2 1 2 4
21511096 545 4 1 3 1 2 1 0 3 1 0 0 0 0 2 1 1 3 1 3 1 12 7 6 6 7 5 2 2 0 3 3 2
21511097 578 1 1 1 0 2 1 0 0 0 0 1 0 0 0 4 2 3 0 4 5 1 3 5 6 12 0 3 0 3
21511098 534 9 3 2 1 1 1 1 3 2 3 1 0 2 1 0 0 0 0 4 2 3 0 3 0 3 0 4 6 4 0 0 3 12 2 3 3 4
21511099 498 3 3 2 3 1 0 2 1 0 0 0 0 0 1 2 3 0 2 1 5 3 0 0 12 3 0 0 1 7 1 0
21511100 551 3 1 2 2 1 0 1 1 0 0 0 0 1 2 0 3 2 0 3 3 0 0 0 3 6 3 1 12 4 0 0
21511101 540 0 1 0 2 1 0 0 0 0 0 0 0 12 1 4 0 4 3 3 1 3 4 0 0 3 2 0 0
21511103 571 7 2 2 2 2 3 1 1 1 0 3 1 0 0 0 0 2 4 1 0 0 3 0 3 3 0 0 3 5 6 0 12 1 6 1
21511104 544 1 1 1 0 3 1 0 0 0 0 1 0 0 1 5 2 3 0 2 6 1 3 3 2 12 0 0 0 3
21511105 587 10 1 2 3 1 1 1 3 3 2 2 1 0 3 1 0 0 0 0 4 3 3 3 1 2 4 1 5 5 12 0 0 3 0 0 0 2 2
21511106 552 8 2 1 3 3 2 3 1 2 1 0 2 1 0 0 0 0 2 3 3 0 0 1 1 2 4 3 3 3 7 4 1 12 5 3 0
21511107 522 3 3 3 1 1 0 2 1 0 0 0 0 1 0 2 0 3 5 12 1 3 5 3 2 3 0 3 0 0 0 3
21511108 625 6 3 1 3 1 1 3 1 0 2 1 0 0 0 0 3 0 3 0 0 3 2 0 12 3 2 0 4 4 2 6 3 1 4
21511109 528 8 2 3 1 1 3 2 2 3 1 0 1 1 0 0 0 0 2 3 3 0 2 0 0 3 1 0 3 5 5 6 0 12 2 1 0
21511110 597 3 3 1 2 1 0 3 1 0 0 0 0 1 1 1 12 5 2 0 3 6 3 1 6 2 0 1 0 3 0 0
21511111 571 7 2 1 3 3 2 2 2 1 0 3 1 0 0 0 0 1 4 2 0 1 0 3 0 3 5 1 1 4 4 4 0 1 2 12
21511112 608 11 2 1 1 1 2 1 3 3 3 3 2 1 0 2 1 0 0 0 0 4 3 4 0 0 3 0 0 3 5 4 0 3 4 6 1 2 4 12
21511113 600 0 1 0 3 1 0 0 0 0 0 0 0 2 0 0 0 1 4 1 12 0 7 5 5 0 2 3 4
21511114 637 10 1 1 3 1 2 2 3 3 2 1 1 0 3 1 0 0 0 0 4 3 3 0 12 2 3 0 4 6 3 2 1 5 7 0 2 1 0
21511115 558 9 1 2 1 1 3 2 3 1 2 1 0 3 1 0 0 0 0 4 3 2 0 2 7 3 3 3 6 12 3 4 7 1 0 6 5 2
21511116 514 0 1 0 2 1 0 0 0 0 0 0 0 1 2 3 3 12 3 3 0 5 5 0 0 0 1 0 0
21511117 504 8 3 2 2 3 3 3 1 2 1 0 2 1 0 0 0 0 1 3 4 0 0 1 0 0 3 0 1 0 4 3 3 1 3 8 12
21511118 555 2 1 2 1 0 1 1 0 0 0 0 1 1 0 6 0 0 0 12 4 0 3 4 5 4 2 1 4 2 0
21511119 563 7 3 1 3 1 2 2 1 1 0 2 1 0 0 0 0 3 2 2 2 12 7 3 0 3 6 8 0 1 5 2 0 0 1 3
21511120 560 2 1 2 1 0 2 1 0 0 0 0 1 1 0 3 0 0 0 12 2 4 0 5 3 1 0 4 3 1 4
21511121 619 10 1 2 2 1 1 3 3 2 1 2 1 0 3 1 0 0 0 0 4 4 2 3 2 6 3 12 5 3 3 1 3 0 0 0 0 0 3
21511122 535 4 1 3 3 2 1 0 1 1 0 0 0 0 1 1 2 0 5 3 12 2 2 6 3 1 0 1 0 0 0 0 2
21511123 451 11 2 1 2 1 3 2 2 3 1 3 3 1 0 1 1 0 0 0 0 3 4 4 0 2 0 0 1 2 3 12 3 4 3 4 0 0 3 1
21511124 553 1 1 1 0 2 1 0 0 0 0 1 0 0 2 2 0 1 3 4 1 3 0 1 6 4 0 4 2 12
21511125 532 6 3 2 1 1 3 1 1 0 2 1 0 0 0 0 3 1 2 0 4 12 4 0 3 4 8 0 3 0 4 2 3 0 5
21511126 583 3 1 3 1 1 0 2 1 0 0 0 0 2 0 1 0 0 2 0 1 2 4 4 0 0 6 5 0 12 3 3
21511127 530 9 1 1 3 2 2 3 1 3 2 1 0 3 1 0 0 0 0 3 3 3 5 3 0 0 12 4 0 2 4 2 1 0 1 0 0 0
21511128 560 10 3 2 1 3 1 2 3 1 2 3 1 0 1 1 0 0 0 0 3 3 4 0 0 1 0 5 2 12 2 5 4 4 0 6 2 1 0
21511129 540 5 1 3 2 2 1 1 0 1 1 0 0 0 0 2 2 1 0 0 4 3 2 2 4 5 0 0 1 5 0 0 4 12
21511130 586 1 1 1 0 3 1 0 0 0 0 1 0 0 1 5 6 0 3 2 5 0 6 3 12 2 2 1 0 0
21511131 590 6 1 3 1 3 2 3 1 0 2 1 0 0 0 0 2 1 3 0 0 3 0 0 0 3 0 1 3 5 2 3 6 8 12
21511132 550 7 3 1 3 1 3 2 1 1 0 1 1 0 0 0 0 3 1 3 12 2 3 3 5 4 2 0 7 1 2 0 2 0 0 0
21511133 538 2 3 2 1 0 2 1 0 0 0 0 0 1 1 0 1 3 1 2 3 5 2 1 4 6 4 1 0 12 3
21511134 575 2 1 3 1 0 2 1 0 0 0 0 1 0 1 5 6 3 0 6 4 3 0 12 4 2 1 0 3 0 0
21511135 552 1 3 1 0 1 1 0 0 0 0 0 0 1 2 0 0 2 1 0 0 4 1 12 4 2 0 4 3 3
21511136 527 1 2 1 0 3 1 0 0 0 0 0 1 0 0 3 0 0 1 2 2 1 3 8 1 0 12 5 5 0
21511137 564 2 3 2 1 0 3 1 0 0 0 0 0 1 1 8 0 0 0 12 3 3 3 4 5 1 0 3 3 4 0
21511138 537 4 3 1 2 2 1 0 3 1 0 0 0 0 1 2 1 5 0 0 0 3 1 4 12 0 1 6 5 0 0 4 2
21511139 577 3 2 1 1 1 0 1 1 0 0 0 0 2 1 0 3 1 0 3 5 2 3 2 5 6 3 0 2 12 4 0
21511140 538 11 3 2 3 1 1 2 2 2 3 3 1 1 0 1 1 0 0 0 0 3 4 4 5 8 12 4 0 5 1 3 6 0 2 3 0 0 0 3
21511141 585 10 2 1 3 1 1 2 2 2 3 3 1 0 1 1 0 0 0 0 3 4 3 0 0 3 0 3 2 2 0 6 6 1 1 12 2 4 1
21511142 506 3 1 3 3 1 0 3 1 0 0 0 0 1 0 2 0 0 0 1 3 2 6 3 0 0 4 12 0 4 2 3
21511144 524 6 2 1 3 2 1 3 1 0 1 1 0 0 0 0 2 2 2 0 4 7 12 0 0 5 5 3 2 4 3 0 0 0 3
21511145 580 11 3 3 2 2 1 2 3 1 1 3 1 1 0 2 1 0 0 0 0 4 3 4 3 4 3 1 6 5 3 0 12 3 2 0 0 0 0 3
21511146 642 4 3 1 2 3 1 0 2 1 0 0 0 0 1 1 2 3 1 2 0 4 4 12 0 1 5 3 3 3 3 0 0
21511147 570 7 3 2 3 3 2 2 2 1 0 1 1 0 0 0 0 0 4 3 3 3 12 4 0 3 4 3 1 1 5 3 0 0 1 0
21511149 482 10 3 3 1 3 2 2 3 1 2 1 1 0 2 1 0 0 0 0 3 3 4 3 7 12 0 8 7 3 0 3 3 1 1 2 0 3 0
21511150 581 1 1 1 0 1 1 0 0 0 0 1 0 0 0 5 7 12 2 2 6 2 0 1 3 4 3 3 0 0
21511151 588 5 1 1 2 1 1 1 0 2 1 0 0 0 0 4 1 0 3 0 0 0 2 2 4 3 5 5 3 2 12 6 1 0
21511152 532 10 2 1 3 1 3 2 1 3 1 2 1 0 2 1 0 0 0 0 4 3 3 12 4 2 2 2 1 6 1 1 5 3 0 3 0 0 0
21511153 504 7 2 2 1 3 1 3 3 1 0 2 1 0 0 0 0 2 2 3 0 1 0 0 4 5 0 0 7 4 5 3 12 4 1 2
21511154 515 1 3 1 0 3 1 0 0 0 0 0 0 1 0 0 3 2 0 0 1 0 12 5 3 1 4 7 2 0
21511155 493 1 3 1 0 1 1 0 0 0 0 0 0 1 0 1 2 0 12 4 3 0 6 3 3 2 2 6 1 3
21511156 566 0 1 0 1 1 0 0 0 0 0 0 0 2 3 4 12 3 1 4 8 0 2 3 4 0 2 0 1
21511157 445 4 1 3 2 1 1 0 3 1 0 0 0 0 2 1 1 3 3 0 0 5 6 4 0 1 12 2 0 0 2 0 3
21511158 447 6 3 1 2 3 1 3 1 0 1 1 0 0 0 0 2 1 3 0 3 4 0 2 3 5 1 1 4 12 3 2 2 3 2
21511159 549 2 2 2 1 0 3 1 0 0 0 0 0 2 0 12 7 1 0 4 4 4 0 4 1 5 2 1 0 0 0
21511160 555 9 1 3 2 3 2 1 2 3 1 1 0 1 1 0 0 0 0 3 3 3 0 2 0 0 12 3 4 4 4 5 4 3 1 2 0 0
21511161 495 6 3 3 2 1 3 3 3 1 4 0.33333333333333331 5 0.33333333333333331 6 0.33333333333333331 1 1 4 2 3 7 12 0 0 5 4 1 1 4 6 0 0 0 2
21511162 508 1 1 1 0 2 1 0 0 0 0 1 0 0 2 3 3 12 3 6 5 5 0 1 1 4 0 0 0 2
21511163 491 5 2 1 2 1 3 1 0 1 1 0 0 0 0 2 2 1 0 0 0 2 4 3 0 0 3 4 5 3 12 6 4 3
21511164 594 6 3 1 1 2 3 2 1 0 2 1 0 0 0 0 2 2 2 0 2 0 1 4 4 3 3 3 6 1 0 12 2 1 0
21511165 599 0 1 0 2 1 0 0 0 0 0 0 0 6 3 1 3 1 3 7 2 2 3 0 12 0 0 3 1
21511166 543 5 3 2 3 1 1 1 0 3 1 0 0 0 0 2 1 2 12 7 4 0 8 5 3 1 2 6 4 2 0 2 1 0
21511167 592 5 2 1 2 3 1 1 0 1 1 0 0 0 0 2 2 1 0 3 12 2 0 4 4 6 3 0 0 3 1 0 0 2
21511168 595 1 1 1 0 3 1 0 0 0 0 1 0 0 12 5 4 1 3 4 2 3 3 5 0 0 2 0 0 0
21511169 585 10 3 1 3 2 1 2 2 1 3 3 1 0 2 1 0 0 0 0 3 3 4 1 6 4 0 12 4 4 1 5 1 2 0 5 0 2 0
21511170 582 10 1 3 1 1 1 2 3 2 3 2 1 0 3 1 0 0 0 0 4 3 3 0 0 3 2 0 0 4 4 0 1 6 6 2 3 3 12
21511171 513 8 2 3 3 1 2 2 2 1 1 0 3 1 0 0 0 0 2 4 2 0 0 1 0 0 2 4 0 3 4 1 1 3 5 12 0
21511172 605 9 3 2 1 3 1 2 2 1 3 1 0 2 1 0 0 0 0 3 3 3 3 3 3 2 4 6 4 1 12 3 3 0 0 3 1 0
21511173 566 0 1 0 2 1 0 0 0 0 0 0 0 3 12 5 3 0 1 4 4 0 3 1 3 0 2 0 0
21511174 523 1 2 1 0 3 1 0 0 0 0 0 1 0 1 3 12 3 2 5 4 1 0 5 1 4 2 0 0 0
21511175 512 9 3 3 1 2 1 3 2 3 1 1 0 1 1 0 0 0 0 3 2 4 2 0 0 0 0 6 1 2 1 4 4 5 2 2 7 12
21511176 584 9 1 1 3 3 2 2 3 1 2 1 0 1 1 0 0 0 0 3 3 3 12 3 2 0 5 4 5 3 7 1 0 0 0 0 0 2
21511177 549 4 2 3 3 2 1 0 3 1 0 0 0 0 0 2 2 1 6 12 3 4 5 4 2 5 6 1 0 1 2 1 0
21511178 533 10 1 3 1 2 2 2 1 2 3 3 1 0 3 1 0 0 0 0 3 4 3 1 3 3 12 0 1 5 6 0 2 7 1 0 0 0 2
21511180 563 1 1 1 0 2 1 0 0 0 0 1 0 0 7 2 12 3 4 3 4 0 3 1 1 0 2 0 0 0
21511181 593 2 3 2 1 0 2 1 0 0 0 0 0 1 1 12 5 3 1 3 3 1 0 6 4 3 0 3 0 0 0
21511182 506 6 1 1 1 2 2 3 1 0 3 1 0 0 0 0 3 2 1 12 8 5 0 4 6 4 3 3 3 0 0 0 0 2 0
21511183 534 9 2 2 3 1 3 1 1 2 1 1 0 3 1 0 0 0 0 4 3 2 2 0 0 0 4 6 5 0 1 3 5 6 2 3 12 7
21511184 564 7 1 2 1 3 2 3 2 1 0 3 1 0 0 0 0 2 3 2 0 1 0 0 0 12 4 2 0 4 6 3 7 4 5 1
21511185 510 9 1 1 2 3 1 1 2 2 3 1 0 3 1 0 0 0 0 4 3 2 0 0 0 3 0 4 2 3 0 1 4 1 2 3 2 12
21511186 533 1 2 1 0 1 1 0 0 0 0 0 1 0 0 2 0 0 0 0 1 4 3 2 1 4 0 4 5 12
21511187 591 8 2 1 1 3 2 1 3 3 1 0 2 1 0 0 0 0 3 2 3 12 1 5 2 5 5 7 0 4 3 5 3 0 3 0 0
21511188 537 8 3 3 1 1 3 2 1 2 1 0 1 1 0 0 0 0 3 2 3 3 0 3 0 3 5 2 0 3 5 2 0 12 1 4 2
21511189 545 7 2 3 1 2 1 3 2 1 0 2 1 0 0 0 0 2 3 2 0 3 0 0 0 3 3 4 0 1 4 6 1 2 1 12
21511190 533 9 2 3 1 3 2 1 1 3 2 1 0 2 1 0 0 0 0 3 3 3 4 2 12 4 1 5 0 1 7 0 0 3 2 0 1 0
21511191 511 11 2 3 1 3 1 2 2 1 3 1 2 1 0 3 1 0 0 0 0 4 4 3 0 1 0 0 12 2 4 0 1 2 6 3 4 4 2 1
21511192 588 9 2 3 2 3 1 2 3 2 1 1 0 1 1 0 0 0 0 2 4 3 0 4 12 8 1 3 1 3 0 4 2 6 0 0 3 3
21511193 521 8 1 1 2 2 3 2 1 2 1 0 3 1 0 0 0 0 3 4 1 0 3 0 0 3 0 0 0 1 6 5 3 12 6 2 1
21511194 518 1 2 1 0 1 1 0 0 0 0 0 1 0 2 12 3 3 1 3 5 4 3 0 6 2 0 0 1 3
21511195 498 0 1 0 1 1 0 0 0 0 0 0 0 0 0 6 0 0 4 2 0 4 5 5 3 4 5 12 0
21511196 557 9 2 1 3 2 3 3 1 1 2 3 1 7 0.33333333333333331 8 0.33333333333333331 9 0.33333333333333331 3 3 3 1 3 0 0 0 2 0 4 0 0 5 7 0 3 3 12
21511197 555 1 2 1 0 2 1 0 0 0 0 0 1 0 0 0 2 0 0 1 3 1 3 5 5 0 3 1 12 0
21511198 563 1 2 1 0 3 1 0 0 0 0 0 1 0 0 12 7 5 0 3 4 6 3 0 5 4 0 0 0 1
21511199 581 8 3 2 1 3 1 1 1 2 1 0 2 1 0 0 0 0 4 2 2 12 3 4 3 7 3 4 0 1 6 4 2 0 2 6 0
21511200 524 9 1 2 2 1 3 3 1 2 1 1 0 3 1 0 0 0 0 4 3 2 4 12 3 0 4 4 6 0 0 2 1 3 0 2 0 0
