21510002 1454 11 2 1 1 1 3 2 2 3 1 3 2 1 0 3 1 0 0 0 0 4 4 3 3 5 3 4 7 1 14 6 2 5 3 3 0 2 0 1
21510003 1381 7 3 1 2 3 1 1 2 1 0 2 1 0 0 0 0 3 2 2 14 4 1 3 9 8 3 2 5 0 5 3 0 3 0 0
21510009 1496 0 1 0 2 1 0 0 0 0 0 0 0 4 7 3 3 1 6 7 3 0 2 4 14 0 1 0 3
21510012 1302 1 2 1 0 3 1 0 0 0 0 0 1 0 3 14 7 4 4 5 6 8 4 4 4 1 0 1 2 0
21510015 1760 3 3 2 2 1 0 1 1 0 0 0 0 0 2 1 1 0 6 2 5 4 3 5 4 1 6 3 3 14 2 1
21510031 1428 7 1 3 1 2 1 2 3 1 0 3 1 0 0 0 0 3 2 2 2 2 4 1 4 14 3 4 3 4 7 3 0 2 3 1
21510033 1446 2 3 1 1 0 1 1 0 0 0 0 1 0 1 0 5 5 3 0 1 2 14 0 0 0 3 2 0 2 0
21510035 1538 0 3 1 9 0.33333333333333331 10 0.33333333333333331 11 0.33333333333333331 0 0 0 0 0 0 1 0 3 2 3 4 5 0 0 14 2 1 0
21510041 1352 9 2 3 2 1 1 2 1 2 3 1 0 3 1 0 0 0 0 3 4 2 3 3 14 4 9 4 7 1 0 2 1 4 0 3 3 0
21510042 1210 3 2 3 2 1 0 1 1 0 0 0 0 0 2 1 4 0 3 0 1 2 0 0 4 4 1 0 2 1 14 10
21510044 1553 8 3 2 1 2 2 2 1 3 1 0 3 1 0 0 0 0 2 4 2 3 0 6 1 3 5 14 0 4 7 4 0 1 8 6 3
21510045 1716 4 2 3 2 1 1 0 3 1 0 0 0 0 1 2 1 0 9 14 1 2 2 5 4 0 1 7 3 1 3 0 0
21510049 1351 11 3 2 1 3 3 1 2 1 2 2 1 1 0 3 1 0 0 0 0 4 4 3 1 0 0 1 2 2 2 3 0 3 4 1 5 4 14 3
21510055 1568 4 1 2 2 3 1 0 1 1 0 0 0 0 1 2 1 4 4 3 0 5 8 1 0 14 4 2 1 3 3 2 0
21510061 1545 11 1 2 1 3 2 3 1 3 2 2 1 1 0 3 1 0 0 0 0 4 4 3 1 3 3 0 3 5 4 0 14 1 0 2 2 8 3 5
21510062 1279 9 2 3 3 1 2 1 3 2 1 1 0 2 1 0 0 0 0 3 3 3 0 3 0 4 0 5 3 3 0 1 8 4 1 2 14 3
21510072 1388 1 1 1 0 3 1 0 0 0 0 1 0 0 2 1 0 0 1 3 14 2 5 6 4 3 3 3 2 4
21510073 1377 0 1 0 2 1 0 0 0 0 0 0 0 3 1 14 1 5 5 2 1 3 3 0 4 0 0 2 0
21510075 1392 7 1 1 2 3 1 3 2 1 0 2 1 0 0 0 0 3 2 2 0 2 0 3 6 3 3 3 1 7 5 2 3 5 14 1
21510082 1499 10 1 1 3 3 1 2 2 3 2 2 1 0 1 1 0 0 0 0 3 4 3 14 1 2 3 2 6 4 1 2 3 0 0 1 0 0 0
21510088 1512 4 2 2 1 1 1 0 1 1 0 0 0 0 2 2 0 3 2 4 14 2 3 3 4 0 0 5 3 0 0 6 1
21510093 1509 4 2 1 3 1 1 0 1 1 0 0 0 0 2 1 1 2 0 2 0 1 3 8 7 4 14 4 3 3 7 2 9
21510101 1257 2 1 1 1 0 2 1 0 0 0 0 2 0 0 8 4 14 3 2 4 4 1 0 2 2 3 1 0 0 7
21510102 1457 2 3 1 1 0 1 1 0 0 0 0 1 0 1 0 0 8 3 0 2 3 7 3 5 9 2 3 3 4 14
21510103 1372 5 3 2 2 3 1 1 0 2 1 0 0 0 0 1 2 2 1 8 3 0 3 7 7 1 1 3 5 2 4 6 14 3
21510104 1265 7 2 1 1 2 2 3 3 1 0 3 1 0 0 0 0 2 3 2 0 0 1 3 0 0 3 5 3 4 4 2 1 14 6 4
21510106 1468 11 1 1 2 2 3 3 1 2 3 2 3 1 0 1 1 0 0 0 0 3 4 4 3 8 2 3 2 8 14 1 5 8 3 4 1 2 0 1
21510107 1361 5 2 2 2 1 1 1 0 1 1 0 0 0 0 2 3 0 0 3 4 3 3 3 3 8 1 5 6 3 3 14 3 2
21510112 1283 3 3 2 1 1 0 1 1 0 0 0 0 1 1 1 0 0 2 0 2 0 2 1 4 3 4 1 3 5 14 3
21510113 1504 8 1 3 3 1 1 2 2 2 1 0 3 1 0 0 0 0 3 3 2 9 3 0 0 2 3 5 1 14 8 5 0 4 4 1 2
21510126 1493 0 1 0 2 1 0 0 0 0 0 0 0 3 0 1 2 5 4 3 2 0 0 4 14 1 3 1 10
21510129 1407 6 3 1 3 1 2 2 1 0 3 1 0 0 0 0 2 2 2 2 4 4 14 0 1 6 7 1 7 8 9 0 3 0 2
21510134 1581 7 3 1 2 2 3 3 2 1 0 2 1 0 0 0 0 1 3 3 3 2 6 4 0 1 14 5 0 1 4 1 1 3 0 0
21510136 1386 11 3 2 1 2 1 2 2 3 1 3 1 1 0 3 1 0 0 0 0 4 4 3 2 0 0 1 1 0 2 4 2 3 14 2 1 5 1 3
21510145 1516 0 1 0 3 1 0 0 0 0 0 0 0 0 0 0 1 1 4 2 2 3 7 14 0 6 4 3 3
21510148 1332 10 2 2 3 1 1 2 1 1 3 3 1 0 3 1 0 0 0 0 4 3 3 3 5 1 3 2 3 2 14 3 7 6 2 0 4 1 4
21510149 1358 5 3 1 2 2 3 1 0 3 1 0 0 0 0 1 2 2 1 2 8 3 0 4 14 1 3 4 5 8 1 3 6 2
