21510301 891 6 3 2 1 2 3 1 1 0 1 1 0 0 0 0 2 2 2 2 3 5 13 0 5 3 5 2 2 1 1 0 3 0 0
21510303 865 10 1 2 1 3 1 2 3 1 3 2 1 0 3 1 0 0 0 0 4 3 3 3 0 0 2 4 2 0 0 3 4 4 0 3 13 1 0
21510304 833 4 2 1 3 2 1 0 3 1 0 0 0 0 1 2 1 2 3 2 3 5 6 7 1 1 1 1 13 0 3 0 2
21510306 863 10 3 3 2 2 1 3 1 2 1 2 1 0 3 1 0 0 0 0 3 4 3 1 2 1 3 1 3 4 2 13 6 3 2 0 4 1 0
21510308 973 3 2 2 1 1 0 1 1 0 0 0 0 1 2 0 0 13 2 4 3 5 4 1 0 4 1 0 2 3 4 0
21510309 915 11 2 3 1 1 3 2 2 1 1 2 3 1 0 3 1 0 0 0 0 4 4 3 13 4 2 5 4 1 4 0 2 3 0 0 3 1 0 0
21510310 875 10 2 2 2 2 3 1 1 3 1 3 1 0 1 1 0 0 0 0 3 4 3 13 3 3 0 7 6 0 0 3 5 4 0 0 3 0 3
21510311 838 8 2 3 2 1 3 3 1 2 1 0 3 1 0 0 0 0 2 3 3 0 2 0 0 1 2 4 1 0 4 4 1 0 13 5 3
21510313 893 3 1 3 3 1 0 1 1 0 0 0 0 1 0 2 3 0 2 0 5 3 3 0 3 6 13 2 3 4 3 0
21510314 852 8 3 2 1 3 1 2 1 1 1 0 3 1 0 0 0 0 4 2 2 3 13 3 3 1 7 4 2 7 0 7 2 0 0 2 3
21510315 991 3 1 3 3 1 0 3 1 0 0 0 0 1 0 2 2 5 13 0 4 4 5 0 2 3 3 2 0 1 1 0
21510316 913 10 2 3 1 2 2 3 1 1 3 3 1 0 2 1 0 0 0 0 3 3 4 1 2 3 0 4 6 4 0 4 8 2 1 1 3 7 13
21510317 842 11 1 3 1 2 1 3 2 2 3 2 1 1 0 3 1 0 0 0 0 4 4 3 3 4 3 1 4 7 2 5 3 1 1 4 8 13 2 2
21510318 1031 2 3 3 1 0 2 1 0 0 0 0 0 0 2 0 3 4 13 0 1 4 6 0 3 3 3 1 2 4 0
21510320 894 7 2 1 3 1 3 1 2 1 0 2 1 0 0 0 0 3 2 2 13 4 6 0 4 7 3 2 7 5 6 0 3 3 3 1
21510321 821 3 1 2 3 1 0 2 1 0 0 0 0 1 1 1 0 1 0 0 3 3 2 13 1 5 4 5 0 2 1 3
21510322 886 11 3 2 3 1 3 1 2 1 2 2 1 1 0 3 1 0 0 0 0 4 4 3 0 3 13 3 0 1 3 5 0 4 7 3 2 2 1 0
21510324 926 1 2 1 0 2 1 0 0 0 0 0 1 0 1 2 4 13 2 3 5 6 0 0 1 3 0 0 1 1
21510328 960 2 3 2 1 0 3 1 0 0 0 0 0 1 1 4 0 5 0 6 3 2 3 6 3 1 1 13 6 3 0
21510330 959 3 3 1 1 1 0 3 1 0 0 0 0 2 0 1 3 6 0 9 2 3 6 3 0 3 13 4 3 4 2 3
21510331 949 8 1 1 2 2 2 3 3 1 1 0 3 1 0 0 0 0 3 3 2 1 3 5 4 2 4 7 3 0 3 3 13 0 1 2 0
21510334 755 11 1 3 1 1 2 2 1 3 2 2 3 1 0 3 1 0 0 0 0 4 4 3 3 1 3 13 0 3 4 6 0 2 5 5 0 0 3 3
21510336 754 9 2 3 1 3 2 1 1 1 3 1 0 2 1 0 0 0 0 4 2 3 3 4 3 2 0 0 5 13 2 3 4 1 6 3 0 0
21510337 866 0 1 0 2 1 0 0 0 0 0 0 0 0 0 0 3 0 4 3 13 3 3 6 7 1 3 4 6
21510338 820 10 3 1 2 1 3 2 1 2 2 1 1 0 3 1 0 0 0 0 4 4 2 2 3 3 0 13 2 2 0 1 1 9 3 4 4 1 3
21510339 889 10 3 1 3 2 1 3 3 2 2 1 1 0 2 1 0 0 0 0 3 3 4 0 0 1 3 0 2 3 5 2 1 5 13 0 0 0 1
21510341 814 2 3 3 1 0 1 1 0 0 0 0 0 0 2 0 2 5 2 0 1 4 13 0 3 4 1 3 0 2 3
21510344 845 11 3 3 2 1 3 1 2 1 3 1 2 1 0 2 1 0 0 0 0 4 3 4 2 1 3 6 3 4 8 4 5 2 13 0 0 1 0 0
21510346 908 9 3 1 2 1 2 1 3 1 3 1 0 2 1 0 0 0 0 4 2 3 2 1 0 3 1 3 5 0 7 5 2 2 13 8 3 0
21510348 851 8 1 3 2 3 1 1 2 2 1 0 3 1 0 0 0 0 3 3 2 0 2 5 13 0 4 4 1 1 0 0 4 0 2 0 0
21510353 832 1 3 1 0 2 1 0 0 0 0 0 0 1 3 4 13 0 3 8 3 0 4 4 1 2 0 9 1 0
21510357 1020 10 3 2 3 2 1 1 1 3 1 2 1 0 2 1 0 0 0 0 4 3 3 0 0 0 2 3 13 5 1 0 3 4 3 0 1 2 4
21510358 794 2 1 2 1 0 3 1 0 0 0 0 1 1 0 3 1 4 1 13 3 0 0 3 5 2 2 6 6 0 3
21510359 882 7 1 2 1 3 1 3 3 3 1 4 0.33333333333333331 5 0.33333333333333331 6 0.33333333333333331 3 1 3 0 1 0 0 2 3 0 0 4 0 2 0 4 6 13 2
21510360 934 2 1 1 1 0 2 1 0 0 0 0 2 0 0 0 0 2 0 0 1 0 3 2 4 5 5 0 13 7 6
21510361 933 1 3 1 0 3 1 0 0 0 0 0 0 1 4 6 3 4 5 7 1 2 4 3 13 0 1 2 0 0
21510362 740 11 3 3 1 2 2 1 3 2 3 1 2 1 0 1 1 0 0 0 0 3 4 4 0 0 0 3 2 3 4 0 3 5 7 0 13 1 3 3
21510363 830 11 2 3 3 3 2 1 1 2 1 1 3 1 0 2 1 0 0 0 0 4 3 4 3 7 0 0 3 3 1 0 3 4 1 0 13 2 4 2
21510365 926 8 3 1 3 1 2 2 3 1 1 0 2 1 0 0 0 0 3 2 3 3 1 5 3 13 1 2 0 0 4 2 3 0 2 1 0
21510366 870 11 2 1 1 1 2 3 2 3 3 1 3 1 0 2 1 0 0 0 0 4 3 4 1 3 4 3 3 6 6 2 0 5 3 13 0 2 0 1
21510367 882 9 3 2 2 3 1 3 3 1 1 1 0 2 1 0 0 0 0 3 2 4 1 4 0 0 5 0 2 0 5 3 0 2 13 6 1 0
21510368 970 5 3 1 3 3 3 1 0 2 1 0 0 0 0 1 0 4 0 0 2 0 0 0 0 2 1 6 4 1 6 13 1 2
21510369 869 1 2 1 0 2 1 0 0 0 0 0 1 0 0 1 1 0 0 4 4 4 0 5 7 8 4 3 3 13
21510372 876 6 1 3 1 2 2 1 3 1 4 0.33333333333333331 5 0.33333333333333331 6 0.33333333333333331 3 2 1 7 5 13 7 1 4 9 2 0 4 3 7 2 0 0 0
21510373 915 2 2 3 1 0 2 1 0 0 0 0 0 1 1 1 1 4 2 0 7 1 13 0 6 4 4 0 3 2 1
21510375 867 9 3 2 2 1 3 1 2 2 3 3 1 7 0.33333333333333331 8 0.33333333333333331 9 0.33333333333333331 2 4 3 4 4 5 1 7 4 3 2 13 1 0 3 1 0 0 0
21510378 885 2 2 1 1 0 3 1 0 0 0 0 1 1 0 13 1 4 6 3 3 3 3 0 2 2 0 1 4 0 0
21510379 912 9 2 1 2 3 3 1 3 1 2 1 0 2 1 0 0 0 0 3 3 3 3 1 13 3 3 2 6 1 0 3 3 2 0 0 4 1
21510382 867 10 2 3 3 1 2 2 1 1 3 1 1 0 3 1 0 0 0 0 4 3 3 3 5 13 1 3 6 2 2 0 1 5 0 2 0 0 0
21510383 917 4 3 1 2 3 1 0 3 1 0 0 0 0 1 1 2 3 5 3 3 13 7 6 1 1 3 2 0 0 0 0 2
21510384 881 3 1 2 2 1 0 3 1 0 0 0 0 1 2 0 2 1 0 5 0 6 5 4 0 1 13 4 0 3 0 3
21510385 934 3 1 3 1 1 0 2 1 0 0 0 0 2 0 1 1 3 5 13 2 4 7 8 0 3 3 3 0 0 0 2
21510386 823 10 1 2 3 1 2 1 3 3 1 2 1 0 3 1 0 0 0 0 4 3 3 3 7 2 3 1 4 3 13 2 4 1 2 0 0 1 2
21510387 895 11 3 3 1 2 2 1 1 2 2 3 3 1 0 1 1 0 0 0 0 3 4 4 0 1 2 0 3 6 4 3 13 5 2 0 4 3 3 1
21510388 855 1 2 1 0 2 1 0 0 0 0 0 1 0 3 0 3 0 5 13 3 1 1 1 2 2 1 3 0 0
21510391 819 11 3 3 3 2 1 1 3 2 2 1 2 1 0 1 1 0 0 0 0 3 4 4 2 4 3 3 1 3 5 4 0 3 4 13 0 0 3 0
21510392 777 0 1 0 3 1 0 0 0 0 0 0 0 3 3 3 0 0 1 5 1 3 2 6 4 0 13 2 3
21510393 790 2 1 3 1 0 1 1 0 0 0 0 1 0 1 0 5 5 13 2 4 4 3 0 2 1 3 0 0 0 2
21510394 861 3 1 1 1 1 0 2 1 0 0 0 0 3 0 0 3 0 2 0 0 2 3 4 1 3 2 4 0 4 3 13
21510395 1037 1 2 1 0 3 1 0 0 0 0 0 1 0 4 0 1 0 3 3 6 0 8 4 2 1 3 8 13 0
21510396 924 2 3 1 1 0 2 1 0 0 0 0 1 0 1 0 2 0 1 1 3 5 4 0 2 6 7 3 4 4 13
21510397 854 11 2 3 1 3 2 1 3 1 3 1 2 1 0 2 1 0 0 0 0 4 3 4 3 5 9 13 0 3 5 5 0 0 3 4 0 0 1 2
21510398 781 2 1 1 1 0 3 1 0 0 0 0 2 0 0 0 2 5 1 0 4 6 3 0 0 1 13 2 2 2 6
21510399 957 1 1 3 1 7 0.33333333333333331 8 0.33333333333333331 9 0.33333333333333331 1 0 0 2 13 5 3 0 3 3 3 0 5 2 0 0 0 0 1
21510400 907 2 3 3 1 0 2 1 0 0 0 0 0 0 2 1 5 0 2 3 5 8 0 13 2 1 0 1 4 0 0
21510401 941 1 1 1 0 2 1 0 0 0 0 1 0 0 0 3 5 2 0 1 3 1 2 1 13 4 0 0 2 0
21510402 916 7 1 3 2 1 2 3 2 1 0 1 1 0 0 0 0 2 3 2 0 3 0 1 2 4 2 5 0 4 13 4 0 1 6 4
21510403 1040 11 2 3 2 2 1 3 2 1 3 1 3 1 0 1 1 0 0 0 0 3 4 4 13 2 0 0 3 5 2 0 6 4 3 1 1 0 0 0
21510404 969 10 1 1 3 3 2 3 1 2 3 1 1 0 2 1 0 0 0 0 4 2 4 0 3 0 0 0 1 0 0 0 4 4 2 2 13 5 4
21510407 944 11 1 2 2 3 1 1 2 2 3 3 1 1 0 3 1 0 0 0 0 4 4 3 0 2 2 2 1 3 5 3 1 5 4 13 0 1 3 0
21510408 1024 6 3 1 2 1 2 2 1 0 3 1 0 0 0 0 2 3 1 13 6 4 2 7 1 4 0 4 9 1 0 4 0 0 0
21510409 950 8 1 2 2 2 3 3 1 1 1 0 3 1 0 0 0 0 3 3 2 2 0 0 0 3 0 2 1 0 1 5 5 0 4 3 13
21510410 1027 8 2 2 1 3 1 1 3 3 1 0 2 1 0 0 0 0 3 2 3 3 1 3 13 0 7 5 6 2 3 0 3 3 0 0 0
21510414 771 6 2 3 1 1 3 2 1 0 3 1 0 0 0 0 2 2 2 0 1 0 2 0 4 7 3 2 2 5 1 1 4 3 13
21510415 905 8 1 3 3 1 3 1 1 2 3 1 7 0.33333333333333331 8 0.33333333333333331 9 0.33333333333333331 4 1 3 3 0 0 0 4 3 2 0 5 5 6 0 13 3 2 2
21510416 967 10 3 2 1 1 1 2 3 1 3 2 1 0 2 1 0 0 0 0 4 3 3 3 4 4 3 4 5 13 1 2 3 2 1 0 0 3 3
21510418 901 0 1 0 3 1 0 0 0 0 0 0 0 4 3 2 0 3 13 6 0 1 3 0 1 2 5 0 0
21510419 756 10 2 2 1 3 3 3 1 2 3 1 1 0 2 1 0 0 0 0 3 3 4 5 1 0 0 3 13 4 0 4 3 4 1 5 1 2 2
21510420 862 4 3 2 1 1 1 0 2 1 0 0 0 0 2 1 1 0 2 1 13 0 4 5 2 0 2 5 3 1 0 3 1
21510421 831 0 1 0 3 1 0 0 0 0 0 0 0 2 0 2 1 0 3 3 0 1 6 4 2 0 13 4 1
21510423 974 5 1 3 1 2 3 1 0 1 1 0 0 0 0 2 1 2 1 0 0 0 2 2 0 0 3 13 0 0 4 6 2 3
21510424 954 11 2 1 1 3 2 1 2 3 1 2 3 1 0 3 1 0 0 0 0 4 4 3 1 1 13 3 0 5 4 4 3 4 1 2 3 2 0 2
21510426 932 7 1 1 2 3 1 3 2 1 0 2 1 0 0 0 0 3 2 2 0 4 2 4 1 2 1 2 3 5 13 5 5 9 3 1
21510429 974 11 3 2 3 3 1 2 2 1 3 1 1 1 0 2 1 0 0 0 0 4 3 4 0 3 2 1 1 5 0 3 2 9 4 1 2 3 13 7
21510431 975 8 1 3 3 1 2 1 3 2 1 0 2 1 0 0 0 0 3 2 3 2 2 3 13 0 1 6 3 0 0 4 3 0 1 3 0
21510432 1014 11 1 3 3 3 1 2 1 2 1 3 2 1 0 2 1 0 0 0 0 4 3 4 3 4 0 2 2 7 1 0 1 3 5 3 3 4 13 0
21510435 867 7 2 3 1 1 3 1 3 1 0 2 1 0 0 0 0 3 1 3 4 1 3 13 0 3 2 3 2 6 0 3 0 0 3 0
21510436 832 11 3 2 2 2 2 3 3 1 3 1 1 1 0 1 1 0 0 0 0 3 4 4 0 3 0 3 13 3 4 0 5 1 3 2 2 5 1 0
21510438 857 9 3 3 1 1 2 3 3 2 1 3 1 5 0.33333333333333331 6 0.33333333333333331 7 0.33333333333333331 3 2 4 3 5 3 2 4 4 8 13 1 4 6 2 3 0 1 2
21510439 772 5 2 1 2 2 3 1 0 1 1 0 0 0 0 1 3 1 2 4 3 13 1 6 3 4 0 3 1 3 0 0 5 3
21510441 965 1 2 1 0 2 1 0 0 0 0 0 1 0 1 0 0 0 0 4 3 4 3 0 3 3 1 4 4 13
21510443 1016 9 3 2 2 3 2 1 3 1 1 1 0 3 1 0 0 0 0 3 3 3 1 1 2 4 6 3 2 0 13 5 7 2 0 3 0 1
21510444 833 4 2 1 1 3 3 1 4 0.33333333333333331 5 0.33333333333333331 6 0.33333333333333331 2 1 1 3 2 0 0 3 3 1 3 4 5 6 2 13 4 0 0
21510445 966 6 3 3 2 2 3 1 1 0 2 1 0 0 0 0 1 2 3 13 1 0 0 3 5 0 2 6 3 1 0 1 3 0 0
21510446 888 1 3 1 0 3 1 0 0 0 0 0 0 1 1 5 0 0 2 3 5 1 4 2 5 8 0 2 1 13
21510447 836 7 2 1 3 3 2 1 3 1 0 2 1 0 0 0 0 2 2 3 9 1 6 0 6 7 3 0 3 6 5 1 13 3 2 0
21510448 873 3 2 2 3 1 0 2 1 0 0 0 0 0 2 1 3 1 4 1 1 6 4 1 13 3 2 0 3 0 0 0
21510450 869 6 1 2 3 3 2 1 1 0 3 1 0 0 0 0 2 2 2 1 3 0 0 7 13 2 1 5 6 2 2 1 5 3 0
21510451 884 2 2 2 1 0 3 1 0 0 0 0 0 2 0 0 2 1 0 0 5 0 3 5 6 4 1 6 1 13 3
21510453 908 8 1 3 1 2 1 1 2 3 1 0 3 1 0 0 0 0 4 2 2 13 5 3 0 7 6 3 2 0 2 0 0 3 0 0 0
21510454 952 11 3 2 1 1 2 1 3 3 2 1 3 1 0 2 1 0 0 0 0 4 3 4 6 7 1 0 7 5 1 3 4 13 2 1 2 2 4 0
21510455 908 3 1 3 2 1 0 3 1 0 0 0 0 1 1 1 0 0 0 2 0 4 3 5 0 1 4 3 2 3 13 1
21510456 788 0 1 0 3 1 0 0 0 0 0 0 0 3 2 0 2 6 1 3 0 13 7 0 0 4 3 1 0
21510457 955 10 3 2 1 2 3 1 3 2 2 3 1 0 1 1 0 0 0 0 2 4 4 0 2 4 1 2 4 5 3 1 4 1 13 0 0 0 3
21510458 815 2 2 2 1 0 3 1 0 0 0 0 0 2 0 3 0 1 0 3 13 1 3 3 1 3 0 5 5 2 3
21510459 827 9 2 2 1 2 1 3 2 3 1 1 0 1 1 0 0 0 0 3 4 2 3 8 5 3 13 3 0 0 1 3 4 2 3 3 0 3
21510461 903 10 2 3 2 2 1 2 1 3 1 3 1 0 3 1 0 0 0 0 3 4 3 1 0 1 4 5 7 4 6 0 2 3 13 0 7 0 0
21510462 979 4 3 1 2 2 1 0 3 1 0 0 0 0 1 2 1 1 0 0 0 4 1 13 3 0 0 3 2 4 3 4 4
21510465 1026 0 1 0 1 1 0 0 0 0 0 0 0 13 0 3 0 5 4 3 1 4 3 2 0 3 0 0 2
21510467 885 9 3 1 3 3 1 1 2 2 3 1 0 2 1 0 0 0 0 3 2 4 3 0 4 0 4 4 2 0 6 1 13 2 1 0 0 0
21510470 1003 9 3 1 2 2 3 1 1 3 2 1 0 2 1 0 0 0 0 3 3 3 13 3 5 3 3 1 0 3 2 4 0 0 0 1 0 0
21510471 1023 5 2 3 3 2 2 1 0 3 1 0 0 0 0 0 3 2 2 3 0 0 5 1 1 1 13 5 4 0 1 3 3 0
21510472 990 10 3 1 1 2 2 1 1 3 2 3 1 0 2 1 0 0 0 0 4 3 3 0 1 0 3 2 1 2 2 3 5 4 0 13 6 1 0
21510475 874 7 1 2 3 2 1 1 3 1 0 1 1 0 0 0 0 3 2 2 13 3 3 2 4 7 6 0 3 4 2 3 0 0 3 3
21510477 923 6 3 1 2 3 2 1 1 0 2 1 0 0 0 0 2 2 2 0 0 0 2 1 1 1 4 0 2 5 5 0 3 7 13
21510479 907 11 3 2 1 2 3 2 1 3 1 2 3 1 0 1 1 0 0 0 0 3 4 4 0 1 0 1 0 3 5 3 3 13 2 3 0 0 2 0
21510480 884 0 1 0 1 1 0 0 0 0 0 0 0 1 4 6 13 4 5 7 8 0 3 3 4 0 2 2 0
21510481 926 11 2 1 3 3 2 2 1 2 1 3 1 1 0 3 1 0 0 0 0 4 4 3 13 6 5 2 4 5 4 1 0 1 0 0 2 0 0 0
21510482 908 7 2 3 2 3 1 1 3 1 0 3 1 0 0 0 0 2 2 3 1 0 0 0 4 2 13 0 3 3 3 1 3 4 6 2
21510483 1004 7 1 1 1 1 2 2 2 1 0 3 1 0 0 0 0 4 3 0 4 5 2 2 2 4 1 13 0 0 4 4 0 0 1 3
21510484 942 3 3 2 1 1 0 1 1 0 0 0 0 1 1 1 0 0 0 3 2 2 4 1 13 7 5 0 5 1 2 0
21510485 1006 11 1 2 1 2 2 3 3 3 1 2 1 1 0 3 1 0 0 0 0 4 4 3 0 2 0 0 3 1 0 0 6 13 1 4 2 6 4 3
21510486 914 5 1 3 1 1 2 1 0 3 1 0 0 0 0 3 1 1 13 5 3 1 5 3 4 2 2 3 3 0 0 0 0 2
21510487 837 0 1 0 1 1 0 0 0 0 0 0 0 3 3 0 2 5 5 0 0 13 4 3 0 1 2 3 0
21510488 875 2 3 2 3 1 4 0.33333333333333331 5 0.33333333333333331 6 0.33333333333333331 0 1 1 0 0 1 0 0 2 3 7 0 4 3 5 3 1 4 13
21510489 888 11 1 3 1 2 1 2 1 2 3 3 3 1 0 2 1 0 0 0 0 4 3 4 3 1 1 4 3 4 3 6 2 3 7 13 0 3 2 3
21510491 953 5 1 1 2 2 1 1 0 2 1 0 0 0 0 3 2 0 13 9 5 5 2 1 2 3 4 4 0 0 0 0 1 0
21510493 860 7 1 3 1 1 1 3 2 1 0 3 1 0 0 0 0 4 1 2 0 6 0 2 13 3 4 0 2 5 4 1 2 2 0 3
21510495 849 1 1 1 0 3 1 0 0 0 0 1 0 0 0 2 3 0 0 0 6 4 2 1 4 4 0 13 8 5
21510496 928 3 1 2 1 1 0 2 1 0 0 0 0 2 1 0 13 5 3 0 4 4 2 3 3 3 4 1 2 0 1 0
21510497 964 8 2 3 3 2 2 2 1 1 1 0 3 1 0 0 0 0 2 4 2 3 1 13 1 3 9 4 3 3 3 4 0 3 2 1 0
21510499 789 1 3 1 0 1 1 0 0 0 0 0 0 1 0 2 2 1 3 6 4 3 0 4 8 13 1 2 4 4
21510500 819 7 1 3 2 2 1 2 3 1 0 3 1 0 0 0 0 2 3 2 0 1 0 5 0 3 0 4 0 3 1 5 2 5 13 3
21510502 964 11 3 3 2 2 1 1 3 3 1 2 1 1 0 2 1 0 0 0 0 4 3 4 2 9 0 0 0 6 4 13 1 3 4 1 2 2 1 4
21510504 786 9 1 2 1 1 2 3 3 2 3 1 0 2 1 0 0 0 0 3 3 3 1 3 13 0 2 4 5 0 3 3 1 7 0 0 3 0
21510506 956 6 3 2 3 3 1 3 1 0 2 1 0 0 0 0 1 1 4 13 5 1 2 3 5 0 0 4 2 3 1 0 1 0 0
21510507 868 7 2 3 3 2 2 1 3 1 0 1 1 0 0 0 0 1 3 3 0 1 0 1 2 3 13 2 0 1 3 4 0 3 3 4
21510508 938 11 3 2 1 2 3 3 2 2 1 3 1 1 0 1 1 0 0 0 0 3 4 4 0 0 7 0 0 13 4 2 0 3 4 3 1 5 0 3
21510509 871 9 3 1 3 2 2 2 1 1 2 1 0 3 1 0 0 0 0 3 4 2 4 2 0 1 6 8 2 0 5 7 3 0 1 1 13 0
21510510 910 9 2 1 2 1 1 1 3 3 3 1 0 2 1 0 0 0 0 4 2 3 0 2 0 0 2 13 1 3 1 5 0 0 3 4 3 2
21510511 953 10 1 2 3 2 1 3 3 1 1 2 1 0 3 1 0 0 0 0 4 3 3 0 2 0 0 13 3 5 1 3 2 1 3 2 4 1 2
21510513 950 1 1 1 0 1 1 0 0 0 0 1 0 0 2 2 5 1 4 13 4 3 0 2 3 4 1 0 2 0
21510514 994 3 1 3 1 1 0 2 1 0 0 0 0 2 0 1 0 3 0 0 2 4 1 0 4 4 4 4 13 3 5 2
21510516 1045 4 2 1 3 2 1 0 3 1 0 0 0 0 1 2 1 2 3 0 0 1 5 2 0 4 3 3 0 3 1 13 1
21510518 981 5 2 2 2 3 3 1 0 1 1 0 0 0 0 0 3 2 0 4 6 13 3 3 5 4 0 9 1 3 0 0 0 1
21510519 1067 4 3 2 1 1 1 0 3 1 0 0 0 0 2 1 1 4 4 1 0 5 2 3 0 3 4 13 2 2 1 0 0
21510521 766 11 1 3 2 1 3 1 2 3 2 2 3 1 0 1 1 0 0 0 0 3 4 4 13 8 3 3 3 3 3 4 4 2 0 7 0 1 0 0
21510523 836 7 2 3 2 2 1 3 3 1 0 2 1 0 0 0 0 1 3 3 1 1 1 1 1 4 3 4 0 2 3 3 0 0 13 2
21510524 976 2 3 2 1 0 1 1 0 0 0 0 0 1 1 0 0 3 0 0 0 3 13 1 1 5 6 2 2 3 3
21510527 960 2 3 1 1 0 3 1 0 0 0 0 1 0 1 13 3 2 2 6 5 5 1 4 4 2 0 0 1 0 0
21510528 936 5 2 1 2 2 1 1 0 1 1 0 0 0 0 2 3 0 3 4 0 0 3 5 1 2 4 6 4 0 5 8 13 0
21510529 924 11 3 3 1 2 1 3 1 2 3 1 2 1 0 2 1 0 0 0 0 4 3 4 0 0 0 3 1 2 4 3 3 5 6 3 5 13 3 0
21510530 892 2 3 2 1 0 3 1 0 0 0 0 0 1 1 1 2 3 0 3 4 13 3 5 4 4 0 3 0 1 0
21510533 939 8 1 3 3 3 1 1 2 2 1 0 3 1 0 0 0 0 3 2 3 0 0 3 3 2 5 3 1 0 4 4 3 2 4 8 13
21510534 888 0 1 0 2 1 0 0 0 0 0 0 0 3 13 3 3 2 3 5 1 5 7 3 0 1 4 3 0
21510536 937 3 3 2 1 1 0 3 1 0 0 0 0 1 1 1 0 13 3 4 2 1 6 3 0 3 2 0 0 0 0 1
21510537 815 3 2 3 2 1 0 3 1 0 0 0 0 0 2 1 13 1 2 2 1 4 3 0 1 4 5 3 1 0 6 0
21510538 1052 8 3 3 1 1 2 2 3 2 1 0 1 1 0 0 0 0 2 3 3 2 0 3 3 0 3 6 1 0 0 5 13 0 0 5 8
21510539 911 4 1 3 1 3 1 0 1 1 0 0 0 0 2 0 2 2 0 0 0 13 2 3 0 5 4 7 6 3 1 2 2
21510540 925 8 2 2 2 2 3 3 1 1 1 0 1 1 0 0 0 0 2 4 2 1 0 0 0 4 1 13 0 0 3 3 3 3 4 3 2
21510541 905 7 2 1 3 3 1 1 3 1 0 2 1 0 0 0 0 3 1 3 2 0 0 2 1 3 1 4 2 3 2 3 13 4 1 0
21510542 897 1 1 1 0 1 1 0 0 0 0 1 0 0 0 2 0 2 0 2 3 8 0 3 0 5 3 13 4 1
21510543 824 5 3 2 1 1 2 1 0 1 1 0 0 0 0 2 2 1 8 4 13 3 2 4 3 0 3 5 1 6 2 0 0 0
21510545 811 7 3 2 2 1 1 2 3 1 0 1 1 0 0 0 0 2 3 2 0 1 0 3 4 3 2 3 2 2 1 0 13 3 5 1
21510546 819 4 1 2 1 3 1 0 3 1 0 0 0 0 2 1 1 0 0 7 2 0 2 0 13 1 3 5 7 0 0 0 4
21510548 885 0 1 0 1 1 0 0 0 0 0 0 0 0 1 6 13 0 3 1 4 5 3 2 3 3 2 2 3
21510550 983 9 3 3 3 1 2 1 3 1 2 1 0 2 1 0 0 0 0 3 2 4 0 3 13 4 0 5 3 1 1 3 2 0 0 2 0 0
21510552 874 2 1 3 1 0 1 1 0 0 0 0 1 0 1 2 3 7 5 3 7 5 3 13 4 2 0 3 0 6 3
21510553 955 11 3 3 3 1 2 3 1 2 2 2 1 1 0 1 1 0 0 0 0 3 4 4 0 0 3 1 3 0 4 2 7 3 2 3 0 4 1 13
21510554 899 4 3 1 1 1 1 0 3 1 0 0 0 0 3 0 1 0 3 2 2 9 2 2 4 0 7 13 4 4 6 3 1
21510555 944 4 2 2 3 2 1 0 1 1 0 0 0 0 0 3 1 13 3 3 1 2 4 9 6 3 1 10 1 3 0 3 0
21510556 753 9 3 2 2 2 2 3 3 1 1 1 0 1 1 0 0 0 0 2 4 3 4 13 0 1 4 3 2 0 4 3 1 0 1 2 3 0
21510558 853 0 1 0 2 1 0 0 0 0 0 0 0 8 1 5 3 2 13 3 2 5 0 1 0 1 0 3 0
21510559 910 10 2 3 2 1 2 2 1 1 1 3 1 0 3 1 0 0 0 0 4 4 2 1 3 13 4 2 5 1 0 3 2 7 6 3 4 0 0
21510560 854 11 2 1 1 2 3 3 1 2 3 2 3 1 0 1 1 0 0 0 0 3 4 4 0 0 3 1 6 1 2 7 2 4 6 3 3 3 7 13
21510561 889 5 1 1 2 3 1 1 0 3 1 0 0 0 0 3 1 1 0 2 1 2 0 4 4 6 3 13 3 5 0 0 0 2
21510562 798 2 3 1 1 0 1 1 0 0 0 0 1 0 1 0 0 2 0 0 13 1 3 0 1 4 2 2 4 2 5
21510565 807 3 2 3 3 1 0 1 1 0 0 0 0 0 1 2 1 2 1 0 9 13 3 0 6 5 4 1 2 2 1 2
21510566 975 7 3 2 2 1 1 3 3 1 0 2 1 0 0 0 0 2 2 3 13 3 3 1 3 7 4 6 1 5 3 0 2 3 0 0
21510567 742 11 3 2 2 1 3 1 2 1 2 3 1 1 0 3 1 0 0 0 0 4 4 3 0 4 1 13 2 4 1 4 2 4 2 3 0 0 0 1
21510568 941 1 2 1 0 1 1 0 0 0 0 0 1 0 1 6 1 5 5 1 13 8 9 5 2 3 2 2 3 0
21510572 835 8 3 1 2 2 3 2 1 3 3 1 4 0.33333333333333331 5 0.33333333333333331 6 0.33333333333333331 2 3 3 3 9 0 0 3 5 3 0 3 6 2 1 13 1 3 0
21510573 790 3 1 2 2 1 0 3 1 0 0 0 0 1 2 0 0 1 3 13 3 1 5 4 0 6 3 3 0 0 4 2
21510574 890 4 3 1 3 3 1 0 1 1 0 0 0 0 1 0 3 0 0 4 3 0 1 5 2 3 5 3 2 0 13 2 3
21510575 900 3 3 2 3 1 0 2 1 0 0 0 0 0 1 2 0 1 9 0 6 0 3 3 1 6 4 3 0 13 3 4
21510577 774 7 3 1 2 2 3 1 1 1 0 1 1 0 0 0 0 3 2 2 2 0 0 0 13 1 4 3 4 6 2 0 4 0 2 0
21510578 899 10 2 3 1 1 3 2 3 2 2 1 1 0 1 1 0 0 0 0 3 4 3 3 0 0 0 13 3 0 1 2 6 6 1 2 2 1 0
21510579 806 6 1 1 2 2 1 2 1 0 3 1 0 0 0 0 3 3 0 7 4 1 3 3 2 7 8 3 1 4 13 0 5 2 3
21510580 847 3 1 1 2 1 0 3 1 0 0 0 0 2 1 0 0 0 0 1 0 4 7 13 2 7 4 8 2 2 3 1
21510581 962 5 3 2 1 1 2 1 0 3 1 0 0 0 0 2 2 1 1 2 5 1 0 2 5 6 0 4 3 13 0 1 2 0
21510583 864 2 3 3 1 0 1 1 0 0 0 0 0 0 2 0 0 1 3 0 2 0 4 2 6 13 3 3 3 5 4
21510587 751 11 3 3 1 1 1 1 2 3 2 2 3 1 0 2 1 0 0 0 0 4 3 4 3 6 4 13 2 2 4 1 0 1 0 0 0 0 3 0
21510589 987 7 2 3 2 3 3 1 1 1 0 3 1 0 0 0 0 2 2 3 0 1 0 2 0 0 5 3 0 13 3 4 2 3 1 3
21510590 792 9 1 2 3 1 3 2 2 3 1 1 0 1 1 0 0 0 0 3 3 3 3 3 5 13 2 4 6 4 0 0 1 3 0 0 3 2
21510592 856 8 3 2 1 3 2 2 1 1 1 0 1 1 0 0 0 0 3 3 2 0 2 0 0 1 3 2 3 4 13 0 3 5 3 3 0
21510593 905 5 3 3 3 2 1 1 0 2 1 0 0 0 0 1 1 3 0 13 1 1 0 5 1 4 3 3 2 3 0 2 0 6
21510594 857 6 3 1 2 2 1 1 1 0 1 1 0 0 0 0 3 2 1 0 3 4 13 0 4 3 4 3 2 3 4 0 0 2 3
21510595 919 11 2 1 1 2 3 3 2 3 1 2 3 1 0 1 1 0 0 0 0 3 4 4 4 3 3 0 13 5 4 2 4 2 1 0 1 0 4 0
21510597 1026 10 1 3 3 2 2 3 1 2 1 3 1 0 1 1 0 0 0 0 3 3 4 0 3 2 0 1 5 5 8 3 4 2 3 2 1 3 13
21510598 1021 0 1 0 3 1 0 0 0 0 0 0 0 0 1 0 2 0 3 1 5 1 2 4 2 0 4 13 3
