21510746 1288 7 1 1 3 1 2 2 3 1 0 2 1 0 0 0 0 3 2 2 1 3 6 1 1 4 9 14 0 2 2 2 0 3 0 0
21510748 1414 1 2 1 0 2 1 0 0 0 0 0 1 0 1 0 0 3 0 1 6 1 0 2 3 14 6 5 3 4
21510752 1416 7 1 3 2 3 3 2 1 1 0 1 1 0 0 0 0 2 2 3 2 9 1 4 4 14 7 0 6 6 3 2 1 3 2 0
21510756 1523 3 1 3 3 1 0 2 1 0 0 0 0 1 0 2 0 0 0 3 0 2 0 2 7 6 1 0 3 14 3 1
21510759 1277 3 1 3 2 1 0 1 1 0 0 0 0 1 1 1 0 0 0 3 2 5 4 1 1 7 14 3 2 3 4 2
21510763 1256 3 2 1 2 1 0 3 1 0 0 0 0 1 2 0 1 3 2 3 5 8 14 6 1 1 3 2 3 4 3 0
21510769 1385 8 1 2 3 1 3 3 2 2 1 0 1 1 0 0 0 0 2 3 3 7 3 5 0 6 1 1 4 2 14 2 0 1 3 2 3
21510776 1473 9 1 1 3 3 3 2 2 3 1 1 0 2 1 0 0 0 0 3 2 4 2 2 3 4 1 3 14 3 5 1 5 1 2 0 0 3
21510785 1365 5 3 1 3 2 2 1 0 1 1 0 0 0 0 1 2 2 2 0 4 7 1 3 6 1 4 14 4 0 7 2 3 0
21510787 1293 2 3 1 1 0 3 1 0 0 0 0 1 0 1 4 0 9 2 6 1 6 3 5 14 5 3 3 4 2 3
21510797 1293 6 2 2 3 2 3 1 1 0 1 1 0 0 0 0 1 3 2 0 0 2 3 3 4 6 7 5 6 8 1 1 7 14 10
21510798 1236 3 1 1 2 1 0 3 1 0 0 0 0 2 1 0 0 3 2 3 2 8 4 6 4 4 2 7 3 1 14 1
21510805 1383 4 2 3 1 3 1 0 3 1 0 0 0 0 1 1 2 1 4 3 0 4 1 3 9 14 2 3 2 2 6 1 0
21510816 1945 9 3 1 2 3 3 2 1 2 1 1 0 1 1 0 0 0 0 3 3 3 0 0 2 0 3 6 3 3 5 4 3 0 14 5 3 4
21510824 1521 8 3 1 2 2 2 3 3 1 1 0 2 1 0 0 0 0 2 3 3 1 0 1 0 0 4 6 2 0 1 6 14 0 4 3 3
21510841 1365 10 2 1 1 2 3 2 1 1 3 3 1 0 2 1 0 0 0 0 4 3 3 3 6 0 2 1 9 4 4 4 5 7 1 14 2 8 6
21510849 1472 8 3 1 1 2 1 2 1 3 1 0 3 1 0 0 0 0 4 2 2 3 0 0 3 4 4 2 0 1 2 2 2 1 14 3 9
21510852 1415 2 1 1 1 0 1 1 0 0 0 0 2 0 0 0 0 2 0 0 0 2 3 3 1 14 6 2 6 4 2
21510856 1638 2 1 2 1 0 3 1 0 0 0 0 1 1 0 2 1 0 0 6 8 3 9 14 1 0 2 4 3 4 0
21510857 1376 2 3 3 1 0 3 1 0 0 0 0 0 0 2 0 1 2 0 3 6 9 14 0 3 4 5 2 1 7 3
21510858 1506 5 1 1 3 1 1 1 0 2 1 0 0 0 0 4 0 1 5 14 5 3 3 5 0 2 5 2 0 0 3 0 0 2
21510866 1605 3 1 3 2 1 0 1 1 0 0 0 0 1 1 1 0 3 2 0 1 4 0 4 2 5 2 1 3 6 14 3
21510868 1725 10 2 2 3 3 3 1 2 1 1 3 1 0 2 1 0 0 0 0 3 3 4 1 0 1 0 14 5 1 1 7 5 2 4 5 2 3 2
21510877 1402 0 1 0 1 1 0 0 0 0 0 0 0 0 0 3 0 14 4 2 1 4 8 5 2 5 2 1 0
21510878 1531 9 2 2 3 3 3 3 2 1 1 1 0 2 1 0 0 0 0 2 3 4 1 1 5 3 6 9 1 5 0 14 3 2 0 2 1 5
21510882 1649 1 3 1 0 1 1 0 0 0 0 0 0 1 9 0 3 0 2 2 5 0 3 4 14 3 6 4 1 0
21510885 1340 6 2 1 3 2 2 1 1 0 1 1 0 0 0 0 2 3 1 0 10 14 3 3 4 8 9 2 4 7 1 0 5 4 3
21510888 1279 9 1 3 1 2 2 1 1 3 2 1 0 3 1 0 0 0 0 4 3 2 2 0 1 0 3 4 6 3 8 4 3 2 2 14 1 0
21510890 1452 11 3 1 3 2 2 1 1 3 2 1 2 1 0 3 1 0 0 0 0 4 4 3 6 5 4 2 0 3 14 1 0 2 5 3 3 4 3 1
21510891 956 4 2 2 3 1 1 0 1 1 0 0 0 0 1 2 1 0 3 0 8 0 3 3 4 0 1 6 14 3 6 7 2
21510893 1583 1 1 1 0 1 1 0 0 0 0 1 0 0 5 4 4 0 2 10 5 2 5 14 4 0 8 7 3 3
21510894 1433 4 1 2 3 3 1 0 3 1 0 0 0 0 1 1 2 3 2 0 0 4 3 0 1 14 2 4 0 1 3 3 0
21510896 1232 7 1 3 2 3 1 2 2 1 0 3 1 0 0 0 0 2 3 2 3 14 2 1 7 5 6 1 4 0 2 0 1 3 0 0
21510898 1260 6 3 2 3 1 1 2 1 0 3 1 0 0 0 0 2 2 2 4 14 3 2 7 1 2 0 0 3 3 0 0 1 0 0
21510904 1460 0 1 0 2 1 0 0 0 0 0 0 0 14 4 3 2 2 5 1 3 1 3 0 0 1 0 0 0
21510913 1470 3 1 3 2 1 0 2 1 0 0 0 0 1 1 1 3 6 2 6 1 5 14 4 0 1 3 5 5 2 3 1
