21510601 587 7 2 2 1 1 3 3 2 1 0 2 1 0 0 0 0 2 3 2 0 0 7 0 3 4 6 12 3 5 4 1 0 1 3 3
21510602 569 6 2 1 3 3 1 2 1 0 3 1 0 0 0 0 2 2 2 6 1 1 3 0 5 4 3 0 2 12 4 2 3 4 4
21510603 591 2 3 3 1 0 1 1 0 0 0 0 0 0 2 3 3 0 0 4 5 1 0 3 7 2 2 3 4 12 0
21510604 538 5 3 3 1 1 1 1 0 3 1 0 0 0 0 3 0 2 12 4 4 2 7 5 0 0 1 4 2 2 0 3 2 0
21510605 539 5 1 1 2 3 1 1 0 3 1 0 0 0 0 3 1 1 3 1 0 0 2 7 2 0 4 3 3 0 12 6 3 2
21510606 562 11 1 3 2 3 1 3 2 2 1 3 2 3 1 6 0.33333333333333331 7 0.33333333333333331 8 0.33333333333333331 3 4 4 4 1 1 1 7 6 3 2 12 2 0 0 3 0 0 0
21510607 535 9 1 2 3 3 3 3 2 1 1 1 0 2 1 0 0 0 0 3 2 4 12 3 7 2 2 7 4 1 1 6 3 0 1 6 2 0
21510608 536 10 1 1 3 2 3 2 2 3 1 1 1 0 2 1 0 0 0 0 4 3 3 0 0 3 3 2 4 7 12 3 1 4 4 0 4 1 2
21510609 572 0 1 0 3 1 0 0 0 0 0 0 0 0 3 0 6 12 5 6 0 7 5 3 0 3 3 3 0
21510610 606 4 1 1 3 3 1 0 2 1 0 0 0 0 2 0 2 0 0 0 2 12 4 1 3 7 5 4 2 6 3 3 0
21510611 540 4 1 3 3 2 1 0 3 1 0 0 0 0 1 1 2 1 0 4 0 0 0 5 6 0 2 4 4 2 4 1 12
21510612 587 4 3 3 1 2 1 0 1 1 0 0 0 0 1 1 2 0 0 2 0 0 4 0 1 2 4 12 1 0 4 5 2
21510613 586 4 3 3 1 3 1 0 2 1 0 0 0 0 1 0 3 12 3 3 0 2 7 3 1 3 4 5 6 3 0 4 0
21510614 547 5 2 2 1 3 2 1 0 2 1 0 0 0 0 1 3 1 3 4 3 1 3 5 3 4 4 3 12 0 1 0 0 1
21510615 546 0 1 0 2 1 0 0 0 0 0 0 0 2 5 12 0 4 4 3 1 1 3 0 0 0 0 5 0
21510616 450 8 2 3 1 2 2 3 1 2 1 0 3 1 0 0 0 0 2 4 2 0 0 0 1 4 3 3 1 5 5 0 0 12 3 4 0
21510617 496 10 1 2 1 3 3 1 3 2 2 2 1 0 1 1 0 0 0 0 3 4 3 0 3 0 0 2 2 1 3 0 1 3 3 3 5 5 12
21510619 521 10 1 1 3 3 3 2 2 1 2 3 1 0 1 1 0 0 0 0 3 3 4 3 0 0 2 2 5 3 1 3 5 0 0 12 6 5 0
21510620 547 11 3 1 2 1 2 1 1 2 3 3 2 1 0 3 1 0 0 0 0 4 4 3 0 1 3 3 0 3 5 4 2 3 4 12 0 2 1 0
21510621 651 4 1 3 2 2 1 0 1 1 0 0 0 0 1 2 1 3 3 0 0 6 6 1 2 12 1 3 0 0 0 2 0
21510622 568 1 2 1 0 3 1 0 0 0 0 0 1 0 0 0 1 0 1 0 3 12 0 6 4 5 2 5 3 3
21510623 526 5 2 2 3 1 2 1 0 3 1 0 0 0 0 1 3 1 4 1 3 1 2 6 3 1 3 6 2 12 0 1 5 0
21510624 552 1 2 1 0 3 1 0 0 0 0 0 1 0 12 3 6 1 3 4 5 1 0 4 2 0 0 0 3 0
21510625 483 3 3 1 3 1 0 3 1 0 0 0 0 1 0 2 5 3 2 3 0 3 3 5 2 3 4 3 1 2 12 1
21510626 570 4 3 1 3 3 1 0 2 1 0 0 0 0 1 0 3 3 4 12 2 2 3 5 1 3 1 1 0 0 0 2 0
21510627 518 0 1 0 3 1 0 0 0 0 0 0 0 0 0 0 4 0 2 6 4 1 0 1 5 0 2 3 12
21510628 566 10 1 2 3 1 2 2 3 3 3 2 1 0 1 1 0 0 0 0 2 4 4 1 3 3 0 3 5 2 0 12 5 2 1 3 1 0 0
21510629 568 11 1 2 2 3 2 1 3 3 2 3 1 1 0 1 1 0 0 0 0 3 4 4 3 5 4 3 0 0 5 3 1 0 12 4 0 2 0 0
21510630 634 1 1 1 0 2 1 0 0 0 0 1 0 0 0 1 0 0 3 2 3 4 2 3 7 3 12 3 5 1
21510631 520 11 1 2 1 1 2 2 1 2 3 3 3 1 0 3 1 0 0 0 0 4 4 3 3 0 2 0 4 4 3 0 4 6 12 1 0 3 0 0
21510632 584 5 1 3 3 2 2 1 0 2 1 0 0 0 0 1 2 2 3 0 12 4 0 2 1 4 1 4 1 3 0 0 0 4
21510633 570 9 3 3 1 1 2 3 2 1 2 1 0 2 1 0 0 0 0 3 3 3 0 3 0 1 0 2 3 4 2 4 5 1 1 2 12 1
21510634 537 4 3 2 2 3 1 0 3 1 0 0 0 0 0 2 2 0 6 5 12 0 0 5 3 1 1 3 1 0 2 0 0
21510635 566 11 2 2 1 3 2 1 1 3 3 3 2 1 0 1 1 0 0 0 0 3 4 4 0 1 0 2 0 4 2 3 1 2 6 1 0 3 3 12
21510636 563 7 2 2 3 2 1 3 3 1 0 2 1 0 0 0 0 1 3 3 0 1 0 0 3 5 1 1 12 3 0 0 4 3 5 0
21510637 571 5 3 1 3 2 1 1 0 1 1 0 0 0 0 2 1 2 0 0 0 3 8 3 5 3 12 3 3 3 2 5 2 3
21510638 614 5 1 3 3 1 2 1 0 1 1 0 0 0 0 2 1 2 3 4 12 0 4 4 3 0 0 5 5 0 0 3 2 2
21510639 545 5 2 1 1 2 1 1 0 3 1 0 0 0 0 3 2 0 0 1 0 0 4 3 2 0 2 3 5 3 12 6 3 3
21510640 535 0 1 0 1 1 0 0 0 0 0 0 0 5 4 3 3 0 0 4 12 0 7 5 3 0 0 0 2
21510641 513 6 3 1 2 2 3 1 1 0 1 1 0 0 0 0 2 2 2 0 0 2 12 0 1 4 5 0 2 5 2 3 1 0 4
21510642 587 0 1 0 2 1 0 0 0 0 0 0 0 3 1 6 0 4 4 0 0 3 3 3 0 3 5 12 6
21510643 612 1 1 1 0 3 1 0 0 0 0 1 0 0 0 2 0 0 3 1 2 5 4 5 0 0 4 6 4 12
21510644 473 9 2 1 2 3 2 3 3 3 2 1 0 1 1 0 0 0 0 1 4 4 2 3 1 3 12 6 5 0 3 3 3 5 0 1 0 1
21510645 528 5 1 3 1 2 2 1 0 2 1 0 0 0 0 2 2 1 0 3 0 0 12 2 1 0 1 4 3 2 5 5 0 1
21510646 552 1 1 1 0 2 1 0 0 0 0 1 0 0 0 12 3 4 0 6 3 2 3 4 4 2 0 0 1 1
21510647 502 10 1 2 2 1 1 2 3 3 3 3 1 0 2 1 0 0 0 0 3 3 4 0 0 1 0 0 1 3 1 0 3 3 3 2 2 8 12
21510648 528 5 2 3 1 2 1 1 0 3 1 0 0 0 0 2 2 1 3 0 4 3 0 5 5 1 0 3 3 2 0 12 8 3
21510649 604 9 3 2 3 3 1 2 2 3 2 1 0 1 1 0 0 0 0 1 4 4 0 0 8 1 0 4 4 0 2 5 4 1 1 12 5 3
21510650 532 10 3 1 2 3 2 2 1 1 1 2 1 0 3 1 0 0 0 0 4 4 2 1 4 2 2 12 3 3 0 2 6 1 1 3 4 3 0
21510651 591 6 1 3 3 1 3 2 1 0 2 1 0 0 0 0 2 1 3 2 1 0 0 5 0 0 0 3 3 12 3 4 5 1 2
21510653 583 8 1 2 3 2 2 1 3 1 1 0 2 1 0 0 0 0 3 3 2 0 3 3 0 1 5 2 0 4 6 3 0 12 7 5 1
21510655 584 5 3 1 3 2 3 1 0 2 1 0 0 0 0 1 1 3 1 0 0 0 3 3 0 0 6 6 2 1 12 3 3 0
21510656 528 6 2 1 2 2 3 2 1 0 1 1 0 0 0 0 1 4 1 4 3 3 3 3 8 5 4 12 3 1 0 1 0 0 0
21510657 632 5 1 1 2 2 1 1 0 3 1 0 0 0 0 3 2 0 0 0 2 0 0 3 1 1 2 2 6 12 0 3 7 6
21510658 476 1 2 1 0 3 1 0 0 0 0 0 1 0 0 2 1 4 5 2 4 3 1 7 5 6 1 4 12 3
21510659 577 1 1 1 0 1 1 0 0 0 0 1 0 0 12 2 2 0 8 6 5 2 4 4 1 0 0 2 0 1
21510660 483 3 2 1 3 1 0 1 1 0 0 0 0 1 1 1 12 6 5 0 5 5 1 3 2 2 2 3 0 3 1 0
21510661 519 5 1 1 3 2 2 1 0 3 1 0 0 0 0 2 2 1 2 0 0 0 12 1 4 1 7 5 3 2 5 1 2 0
21510662 453 1 1 1 0 3 1 0 0 0 0 1 0 0 0 1 3 0 3 3 5 2 6 4 4 3 4 2 3 12
21510663 500 0 1 0 2 1 0 0 0 0 0 0 0 3 4 12 0 3 7 3 3 4 0 3 0 0 0 1 0
21510664 561 9 1 2 3 2 2 1 3 1 3 1 0 2 1 0 0 0 0 3 3 3 0 1 1 0 0 4 2 12 2 3 3 8 3 4 1 6
21510665 607 3 1 3 2 1 0 2 1 0 0 0 0 1 1 1 0 0 3 1 0 0 7 0 2 2 5 12 0 1 4 1
21510666 576 6 3 2 3 2 3 1 1 0 3 1 0 0 0 0 1 2 3 4 4 5 0 3 5 4 1 1 12 5 0 2 0 0 0
21510667 605 2 3 3 1 0 1 1 0 0 0 0 0 0 2 0 3 3 12 2 3 6 3 3 4 1 1 0 2 2 0
21510668 627 5 3 2 3 1 1 1 0 1 1 0 0 0 0 2 1 2 3 4 2 1 12 5 3 0 3 3 0 0 2 2 0 0
21510669 532 5 1 1 3 3 1 1 0 3 1 0 0 0 0 3 0 2 0 0 2 2 3 4 2 2 3 8 3 0 12 5 1 0
21510670 567 7 1 3 2 1 1 2 3 1 0 2 1 0 0 0 0 3 2 2 1 2 3 0 12 4 4 0 0 6 2 3 3 1 0 0
21510671 522 9 2 1 3 3 3 1 2 2 1 1 0 1 1 0 0 0 0 3 3 3 0 3 0 0 4 4 1 3 2 4 4 3 2 3 8 12
21510672 556 11 2 1 1 3 3 2 2 2 1 3 1 1 0 3 1 0 0 0 0 4 4 3 3 0 0 0 5 3 0 0 12 1 4 2 3 3 2 1
21510674 480 3 1 2 1 1 0 1 1 0 0 0 0 2 1 0 0 3 3 2 3 12 2 0 5 4 4 0 3 1 2 0
21510675 578 8 3 2 3 1 3 3 1 2 1 0 2 1 0 0 0 0 2 2 4 2 1 3 3 2 6 5 12 0 4 3 3 0 3 1 1
21510676 573 9 1 2 3 3 1 3 2 2 1 1 0 2 1 0 0 0 0 3 3 3 3 4 3 12 2 6 4 4 1 4 1 2 0 0 1 3
21510677 573 5 2 1 3 1 1 1 0 3 1 0 0 0 0 3 1 1 3 0 1 2 0 4 6 3 0 2 1 12 3 5 2 2
21510678 581 3 3 1 2 1 0 3 1 0 0 0 0 1 1 1 2 1 0 0 0 5 1 2 3 6 12 3 3 3 1 2
21510679 459 1 3 1 0 1 1 0 0 0 0 0 0 1 0 2 2 1 0 3 5 3 0 4 3 3 3 12 4 5
21510680 536 8 1 1 3 2 3 3 2 2 1 0 3 1 0 0 0 0 2 3 3 0 1 1 2 2 1 6 5 0 3 3 12 0 2 1 0
21510681 601 1 2 1 0 2 1 0 0 0 0 0 1 0 3 1 0 0 3 3 1 2 1 6 3 7 12 8 1 2
21510682 475 2 3 1 1 0 1 1 0 0 0 0 1 0 1 12 4 6 0 2 4 5 0 4 2 7 2 0 3 3 1
21510683 610 8 1 2 2 3 3 2 1 2 1 0 3 1 0 0 0 0 2 4 2 1 0 2 12 0 3 6 6 0 1 3 4 0 0 0 1
21510685 562 2 1 1 1 0 3 1 0 0 0 0 2 0 0 12 7 5 0 2 5 2 0 3 5 2 1 0 0 3 0
21510686 585 6 1 1 3 1 3 2 1 0 2 1 0 0 0 0 3 1 2 3 0 2 1 4 3 3 0 3 6 4 2 12 3 3 0
21510687 483 2 2 1 1 0 1 1 0 0 0 0 1 1 0 0 0 0 4 3 0 3 3 1 3 5 2 0 3 12 2
21510688 594 0 1 0 3 1 0 0 0 0 0 0 0 1 12 3 4 0 2 5 7 0 5 6 3 3 0 3 5
21510689 550 0 1 0 2 1 0 0 0 0 0 0 0 1 4 1 5 3 2 12 4 0 0 1 4 0 0 2 0
21510690 487 0 1 0 2 1 0 0 0 0 0 0 0 1 4 1 0 5 4 3 2 0 12 4 1 0 0 2 0
21510691 600 7 3 2 1 1 3 2 3 1 0 2 1 0 0 0 0 2 2 3 0 2 3 0 4 3 4 1 8 5 5 3 12 6 4 1
21510692 533 1 3 1 0 2 1 0 0 0 0 0 0 1 3 1 2 2 4 4 3 0 1 12 1 0 2 3 1 0
21510693 564 9 1 1 3 3 2 1 1 2 3 1 0 3 1 0 0 0 0 4 2 3 2 4 3 12 3 4 2 4 5 1 9 1 0 0 2 2
21510694 556 10 1 1 2 2 1 3 1 3 2 2 1 0 3 1 0 0 0 0 4 4 2 0 8 3 0 0 0 6 0 4 3 2 3 3 5 12 1
21510695 526 3 3 2 2 1 0 1 1 0 0 0 0 0 2 1 0 2 3 1 3 1 1 3 0 4 2 8 0 0 5 12
21510696 488 1 1 1 0 1 1 0 0 0 0 1 0 0 3 6 12 0 2 3 4 3 2 3 2 0 0 0 1 3
21510697 560 1 2 1 0 1 1 0 0 0 0 0 1 0 0 0 7 2 7 3 1 3 6 5 2 0 12 3 1 0
21510698 519 5 2 1 1 3 1 3 1 6 0.33333333333333331 7 0.33333333333333331 8 0.33333333333333331 3 1 1 3 4 12 2 3 5 4 0 2 3 2 0 1 0 0 0
21510699 477 6 3 1 2 3 1 1 1 0 3 1 0 0 0 0 3 1 2 0 2 0 0 0 1 2 4 3 2 4 4 0 4 6 12
21510700 537 7 3 3 3 2 1 2 2 1 0 1 1 0 0 0 0 1 3 3 0 0 0 1 2 1 4 2 3 5 4 6 3 1 5 12
21510701 576 9 1 1 2 2 2 2 1 3 3 1 0 3 1 0 0 0 0 3 4 2 0 3 5 12 0 2 5 4 0 1 3 3 3 1 0 0
21510702 522 7 3 2 2 1 1 2 3 1 0 3 1 0 0 0 0 2 3 2 1 1 2 12 0 0 5 7 0 3 1 3 0 0 0 2
21510703 511 4 3 3 1 1 1 0 3 1 0 0 0 0 2 0 2 0 4 4 2 2 3 5 4 0 1 3 12 0 0 2 0
21510704 479 5 3 3 2 1 3 1 0 3 1 0 0 0 0 1 1 3 12 3 3 0 4 5 1 0 1 4 3 0 0 0 2 2
21510705 501 3 3 3 2 1 0 1 1 0 0 0 0 0 1 2 0 1 2 0 0 4 3 12 3 2 3 4 1 2 3 1
21510706 554 6 1 1 3 1 2 1 3 1 5 0.33333333333333331 6 0.33333333333333331 7 0.33333333333333331 4 1 1 0 5 3 0 5 6 3 0 4 2 3 0 2 12 4 2
21510707 527 3 3 2 1 1 0 3 1 0 0 0 0 1 1 1 1 0 5 12 2 3 6 5 0 4 4 3 0 0 3 3
21510708 571 4 1 1 3 1 1 0 2 1 0 0 0 0 3 0 1 3 0 0 0 0 3 3 12 2 4 3 4 2 2 1 3
21510709 487 9 2 3 1 1 1 2 3 3 2 1 0 2 1 0 0 0 0 3 3 3 12 5 3 1 3 5 3 1 2 0 0 0 0 0 3 0
21510710 503 3 2 1 3 1 0 2 1 0 0 0 0 1 1 1 2 0 7 1 3 5 3 2 1 3 4 6 0 0 1 12
21510711 520 6 2 3 1 3 3 1 1 0 1 1 0 0 0 0 2 1 3 3 12 1 5 9 8 7 2 4 1 2 2 2 0 3 0
21510712 424 9 2 3 2 1 3 1 2 1 2 1 0 3 1 0 0 0 0 3 4 2 1 12 7 5 0 5 5 4 0 2 1 3 0 0 0 3
21510713 553 5 3 2 3 2 2 1 0 3 1 0 0 0 0 0 3 2 0 12 1 5 3 5 4 8 3 1 3 3 0 0 1 0
21510714 609 11 1 2 1 3 2 2 3 1 3 1 3 1 0 2 1 0 0 0 0 4 3 4 2 1 0 0 3 1 3 0 4 2 5 1 3 7 12 2
21510715 514 3 2 1 1 1 0 2 1 0 0 0 0 2 1 0 0 2 0 3 6 5 3 4 12 3 4 2 3 1 1 0
21510716 523 1 3 3 1 7 0.33333333333333331 8 0.33333333333333331 9 0.33333333333333331 0 0 1 2 0 0 0 2 4 1 12 1 7 5 4 1 4 4 2
21510717 589 4 2 3 2 3 1 0 2 1 0 0 0 0 0 2 2 1 0 3 0 3 0 6 12 5 4 4 3 0 1 1 4
21510718 620 10 1 1 3 3 2 2 2 1 1 3 1 0 2 1 0 0 0 0 4 3 3 3 0 3 0 3 8 12 3 2 3 3 0 1 4 0 0
21510719 590 0 1 0 2 1 0 0 0 0 0 0 0 1 7 6 12 0 4 4 7 0 2 4 7 0 1 5 6
21510721 580 9 1 2 2 3 1 3 3 2 1 1 0 3 1 0 0 0 0 3 3 3 0 0 2 0 1 4 4 12 0 4 5 4 0 0 3 3
21510722 501 10 3 2 2 3 1 1 2 3 2 1 1 0 3 1 0 0 0 0 3 4 3 0 3 3 1 1 4 5 0 5 4 3 0 7 12 2 0
21510723 566 11 3 1 2 3 3 2 3 2 1 1 1 1 0 2 1 0 0 0 0 4 3 4 0 3 7 0 0 0 5 1 2 6 5 2 1 5 12 3
21510724 634 0 1 0 3 1 0 0 0 0 0 0 0 3 3 7 12 2 3 5 4 0 1 1 4 0 0 0 2
21510725 592 9 1 2 1 1 3 3 1 3 2 1 0 2 1 0 0 0 0 4 2 3 0 3 0 2 2 5 5 1 1 4 12 0 4 2 3 3
21510726 557 10 1 2 1 3 2 1 2 1 3 2 1 0 3 1 0 0 0 0 4 4 2 0 2 0 1 0 1 5 4 3 4 4 2 0 4 7 12
21510727 593 0 1 0 2 1 0 0 0 0 0 0 0 1 3 7 12 0 5 4 4 0 3 3 3 0 0 0 3
21510728 562 0 1 0 2 1 0 0 0 0 0 0 0 12 8 3 1 3 5 1 0 3 2 0 0 3 0 0 0
21510729 588 1 1 1 0 2 1 0 0 0 0 1 0 0 3 0 0 0 0 3 2 3 2 6 6 1 1 3 3 12
21510730 524 3 1 2 2 1 0 3 1 0 0 0 0 1 2 0 3 3 0 0 4 1 1 1 4 7 0 0 12 3 2 2
21510731 603 10 3 3 3 1 1 3 2 2 2 1 1 0 1 1 0 0 0 0 3 3 4 12 4 4 0 3 3 0 0 8 2 3 0 0 1 0 2
21510732 503 4 1 3 2 3 1 0 1 1 0 0 0 0 1 1 2 1 2 2 2 0 4 2 4 1 12 5 3 0 7 6 1
21510733 569 3 2 2 1 1 0 3 1 0 0 0 0 1 2 0 2 0 0 0 7 0 0 0 12 3 0 1 4 5 3 1
21510734 546 7 3 1 3 2 1 1 3 1 0 1 1 0 0 0 0 3 1 3 0 0 0 2 2 3 4 0 2 8 2 4 3 1 6 12
21510735 524 6 2 1 2 3 1 3 1 0 3 1 0 0 0 0 2 2 2 0 3 2 3 2 4 1 0 1 5 4 0 3 5 12 0
21510736 547 1 2 3 1 6 0.33333333333333331 7 0.33333333333333331 8 0.33333333333333331 0 1 0 3 4 1 3 3 6 4 2 3 1 4 12 0 0 0 7
21510737 559 9 2 2 1 3 3 3 3 1 1 1 0 2 1 0 0 0 0 3 2 4 1 0 3 7 2 2 3 8 0 0 3 12 0 0 1 4
21510738 539 0 1 0 3 1 0 0 0 0 0 0 0 3 12 3 3 2 2 4 0 3 1 5 7 0 0 1 3
21510739 574 6 2 1 1 3 2 2 1 0 1 1 0 0 0 0 2 3 1 0 3 0 0 12 2 6 0 5 3 1 0 3 4 3 3
21510740 595 8 2 2 1 2 1 3 3 3 1 0 2 1 0 0 0 0 2 3 3 0 4 0 3 12 3 4 0 6 4 1 1 5 2 1 0
21510741 470 2 3 3 1 0 1 1 0 0 0 0 0 0 2 0 4 2 12 0 3 5 5 1 2 1 3 2 3 0 0
21510742 548 7 3 1 3 1 2 1 3 3 1 4 0.33333333333333331 5 0.33333333333333331 6 0.33333333333333331 3 1 3 1 4 7 12 0 4 4 4 2 3 5 2 2 0 0 0
21510743 540 3 1 2 3 1 0 2 1 0 0 0 0 1 1 1 0 0 1 0 3 0 1 0 3 5 2 3 3 12 3 3
21510744 610 11 1 3 1 3 2 1 3 1 2 2 3 1 0 2 1 0 0 0 0 4 3 4 3 0 4 2 0 1 4 4 0 2 12 1 0 2 4 1
21510745 550 6 3 3 2 2 2 1 1 0 2 1 0 0 0 0 1 3 2 0 1 4 12 1 5 4 8 3 0 4 4 0 0 3 1
21510746 546 2 2 2 1 0 3 1 0 0 0 0 0 2 0 1 3 5 12 0 2 1 8 0 3 0 4 0 0 1 0
21510747 560 7 3 2 2 1 1 3 3 1 0 1 1 0 0 0 0 2 2 3 3 2 0 3 0 1 2 6 0 0 6 1 0 2 4 12
21510748 601 9 2 1 3 2 2 2 1 3 3 1 0 1 1 0 0 0 0 2 4 3 1 0 3 0 3 0 3 0 1 4 2 1 4 2 12 7
21510749 586 7 2 1 2 1 1 2 1 1 0 3 1 0 0 0 0 4 3 0 0 2 0 0 3 5 1 3 0 4 4 2 0 4 5 12
21510750 578 8 1 3 3 2 1 1 2 3 1 0 2 1 0 0 0 0 3 2 3 12 7 5 2 0 5 6 3 3 4 3 4 1 0 0 0
21510751 486 8 1 3 2 3 3 1 2 2 1 0 1 1 0 0 0 0 2 3 3 2 4 12 4 0 1 4 1 3 3 2 1 2 0 0 3
21510752 516 9 2 1 2 3 1 3 1 1 3 1 0 3 1 0 0 0 0 4 2 3 0 0 4 12 2 2 3 8 1 3 4 5 0 2 0 3
21510753 548 10 1 2 2 1 3 3 1 2 3 2 1 0 1 1 0 0 0 0 3 4 3 3 0 0 0 2 3 4 3 0 6 5 5 0 1 3 12
21510754 532 5 2 2 3 1 3 1 0 1 1 0 0 0 0 1 2 2 0 0 3 0 12 1 3 0 4 2 5 2 2 1 3 1
21510755 585 2 1 2 1 0 1 1 0 0 0 0 1 1 0 3 0 0 0 2 12 0 0 4 3 3 1 4 5 6 2
21510756 642 1 3 1 0 2 1 0 0 0 0 0 0 1 2 0 1 0 4 4 4 0 7 5 3 1 12 1 2 3
21510757 488 9 2 1 3 1 3 1 3 1 3 1 0 2 1 0 0 0 0 4 1 4 2 3 3 12 2 4 3 6 0 0 0 1 0 0 2 0
21510758 492 3 2 3 2 1 0 1 1 0 0 0 0 0 2 1 1 12 3 2 4 4 5 0 1 1 0 0 2 0 0 0
21510759 563 10 3 2 1 3 1 2 2 3 1 2 3 1 4 0.33333333333333331 5 0.33333333333333331 6 0.33333333333333331 3 4 3 0 0 4 5 1 0 4 7 0 3 3 12 0 3 0 0
21510760 512 8 3 2 1 1 1 2 1 3 1 0 3 1 0 0 0 0 4 2 2 1 4 12 3 2 3 7 2 0 3 3 0 2 0 0 0
21510761 508 3 1 3 2 1 0 3 1 0 0 0 0 1 1 1 1 2 0 0 1 4 2 0 2 5 6 0 3 12 3 1
21510762 550 1 3 1 0 1 1 0 0 0 0 0 0 1 2 0 2 6 0 0 5 2 0 4 4 1 0 4 1 12
21510763 576 11 1 2 2 1 2 3 3 1 3 2 1 1 0 3 1 0 0 0 0 4 4 3 12 4 4 2 1 5 1 2 3 4 2 0 0 0 1 0
21510764 518 9 1 2 2 3 2 1 3 2 1 1 0 3 1 0 0 0 0 3 4 2 12 1 2 0 6 7 0 0 4 1 2 1 0 0 3 0
21510765 617 8 3 2 2 1 1 3 3 2 1 0 1 1 0 0 0 0 2 3 3 0 5 7 12 3 1 2 5 0 1 3 0 0 0 0 2
21510766 526 3 2 2 1 1 0 3 1 0 0 0 0 1 2 0 0 0 1 2 3 1 4 0 8 5 5 1 12 7 4 2
21510769 568 3 3 1 3 1 0 3 1 0 0 0 0 1 0 2 0 3 0 1 2 1 3 0 0 4 2 0 4 6 12 2
21510770 531 7 1 2 3 3 1 1 2 1 0 2 1 0 0 0 0 3 2 2 2 1 0 0 3 2 3 4 0 1 6 3 0 3 12 3
21510771 447 2 1 2 1 0 1 1 0 0 0 0 1 1 0 0 4 2 0 4 6 1 0 12 4 3 2 3 1 2 0
21510772 478 9 1 3 2 1 2 3 1 2 2 1 0 3 1 0 0 0 0 3 4 2 1 12 1 0 7 1 3 0 4 2 0 0 3 2 0 3
21510773 539 8 3 2 1 2 1 2 3 3 1 0 1 1 0 0 0 0 2 3 3 1 3 3 12 0 2 3 5 0 0 0 5 0 3 0 3
21510774 622 2 1 1 3 1 5 0.33333333333333331 6 0.33333333333333331 7 0.33333333333333331 2 0 0 0 0 2 0 0 12 5 3 3 5 3 2 3 0 4 4
21510775 540 3 3 2 3 1 0 3 1 0 0 0 0 0 1 2 5 4 3 0 4 4 5 0 1 1 12 6 0 2 0 0
21510776 570 7 3 1 3 3 1 2 2 1 0 2 1 0 0 0 0 2 2 3 0 0 1 0 0 1 2 3 3 5 5 4 0 5 12 3
21510777 579 11 1 1 2 2 3 3 1 1 3 3 2 3 1 4 0.33333333333333331 5 0.33333333333333331 6 0.33333333333333331 4 3 4 0 0 2 0 2 3 1 3 2 4 7 1 12 4 3 3
21510778 586 7 3 1 2 2 1 2 3 1 0 1 1 0 0 0 0 2 3 2 0 1 4 12 2 3 3 2 1 6 0 3 0 3 3 0
21510779 619 5 2 2 1 1 3 1 0 3 1 0 0 0 0 2 2 1 2 3 1 2 4 5 4 0 3 4 12 0 1 0 0 0
21510780 452 4 2 3 2 1 1 0 3 1 0 0 0 0 1 2 1 3 2 4 3 1 5 12 8 3 6 4 3 1 0 2 1
21510781 536 5 2 3 3 2 1 1 0 2 1 0 0 0 0 1 2 2 12 1 2 1 5 7 0 0 7 3 4 3 0 0 0 1
21510782 573 4 3 3 1 3 1 0 2 1 0 0 0 0 1 0 3 1 2 0 0 5 5 0 0 8 6 2 0 12 3 3 1
21510783 556 10 3 2 2 1 3 2 1 1 3 2 1 0 1 1 0 0 0 0 3 4 3 3 1 3 12 0 4 7 7 0 2 5 6 0 0 3 3
21510784 626 3 2 2 2 1 0 2 1 0 0 0 0 0 3 0 12 1 3 0 7 6 1 3 6 3 3 0 1 1 0 0
21510785 515 0 1 0 2 1 0 0 0 0 0 0 0 1 3 2 3 0 0 3 12 0 1 7 7 0 0 0 3
21510786 548 4 1 2 1 3 1 0 2 1 0 0 0 0 2 1 1 12 6 4 2 7 3 1 0 3 2 1 0 3 0 0 0
21510787 488 7 2 2 3 1 2 1 2 1 0 3 1 0 0 0 0 2 4 1 1 2 6 12 0 0 6 1 0 3 3 1 0 0 3 0
21510788 528 11 1 3 2 2 1 2 1 3 2 3 3 1 0 1 1 0 0 0 0 3 4 4 2 5 4 4 0 1 7 1 0 0 4 12 0 2 0 0
21510789 516 0 1 0 1 1 0 0 0 0 0 0 0 2 4 12 6 0 2 6 2 4 1 7 3 2 3 1 1
21510790 587 7 2 3 1 3 2 2 1 1 0 1 1 0 0 0 0 2 3 2 5 12 2 0 4 4 4 1 1 0 3 0 0 0 2 0
21510792 560 10 2 2 3 3 1 3 3 1 2 1 1 0 1 1 0 0 0 0 3 3 4 2 2 2 0 4 4 1 1 12 6 3 0 0 1 0 2
21510793 519 10 1 3 3 2 2 2 3 1 1 1 1 0 2 1 0 0 0 0 4 3 3 0 0 3 3 0 3 5 1 0 4 3 3 2 2 1 12
21510794 556 9 2 3 3 2 2 2 1 1 3 1 0 1 1 0 0 0 0 2 4 3 0 12 6 4 0 3 5 4 1 3 3 3 0 0 0 3
21510795 590 3 2 3 1 1 0 3 1 0 0 0 0 1 1 1 3 2 1 3 4 2 3 1 12 0 0 0 5 0 0 0
21510796 569 3 2 2 1 1 0 2 1 0 0 0 0 1 2 0 3 5 4 4 3 4 5 1 0 3 5 12 0 0 1 0
21510797 524 3 3 3 2 1 0 1 1 0 0 0 0 0 1 2 4 1 0 2 3 1 0 0 4 3 3 0 2 8 12 7
21510798 638 9 2 2 3 2 2 3 3 1 1 1 0 1 1 0 0 0 0 2 4 3 12 4 3 0 8 5 3 0 4 3 1 1 2 0 3 0
21510799 490 10 3 2 3 2 1 2 2 1 3 3 1 0 1 1 0 0 0 0 2 4 4 1 3 2 2 0 12 1 1 0 4 4 0 0 5 3 0
21510800 530 1 2 1 0 1 1 0 0 0 0 0 1 0 1 4 12 3 0 4 0 1 2 2 1 6 2 0 0 3
21510801 555 0 1 0 3 1 0 0 0 0 0 0 0 0 4 5 3 0 3 3 1 0 12 3 2 1 3 2 0
21510802 509 9 2 2 1 2 3 3 3 1 2 1 0 1 1 0 0 0 0 2 4 3 0 1 0 0 12 4 3 0 4 3 3 3 4 3 0 0
21510803 575 3 2 1 2 1 0 2 1 0 0 0 0 1 2 0 0 1 3 3 0 6 2 12 4 4 5 6 1 3 1 3
21510804 595 8 2 2 3 3 1 1 2 3 3 1 5 0.33333333333333331 6 0.33333333333333331 7 0.33333333333333331 2 3 3 0 4 3 8 0 4 7 7 6 3 6 12 1 0 0 0
21510805 538 4 2 1 3 2 1 0 2 1 0 0 0 0 1 2 1 0 0 0 1 1 3 0 1 0 6 7 2 0 6 7 12
21510806 467 2 3 1 1 0 2 1 0 0 0 0 1 0 1 2 2 0 1 0 5 0 4 0 1 4 5 0 3 12 3
21510807 506 8 3 3 2 1 2 3 1 2 1 0 2 1 0 0 0 0 2 3 3 3 3 0 0 6 5 0 1 1 5 4 0 12 2 1 0
21510808 471 10 2 3 3 1 2 1 1 2 3 2 1 0 3 1 0 0 0 0 3 4 3 4 12 3 0 3 5 4 7 1 3 4 0 0 2 0 1
21510809 559 5 2 3 3 2 1 1 0 3 1 0 0 0 0 1 2 2 0 0 3 2 0 1 2 1 3 7 1 1 0 12 4 2
21510810 597 2 3 2 3 1 5 0.33333333333333331 6 0.33333333333333331 7 0.33333333333333331 0 1 1 4 6 12 0 4 3 3 5 3 1 2 0 1 0 0 0
21510811 546 11 3 1 2 1 1 1 2 3 3 2 3 1 0 2 1 0 0 0 0 4 3 4 0 1 0 0 2 3 12 4 3 4 3 5 0 5 3 3
21510812 506 11 1 2 2 3 3 1 2 3 1 3 2 1 0 1 1 0 0 0 0 3 4 4 0 12 1 4 3 3 4 2 3 1 4 2 0 0 0 3
21510813 640 1 2 1 0 3 1 0 0 0 0 0 1 0 0 1 3 0 6 0 1 0 4 4 5 2 4 12 8 6
21510814 491 8 2 1 3 2 3 3 1 2 1 0 1 1 0 0 0 0 2 3 3 12 3 5 2 5 3 3 0 3 4 5 1 4 3 0 0
21510815 569 9 2 3 2 1 2 1 2 3 3 1 0 1 1 0 0 0 0 2 4 3 2 3 7 3 1 1 5 4 2 4 1 3 3 1 2 12
21510816 657 9 3 1 2 3 1 2 2 3 1 1 0 3 1 0 0 0 0 3 3 3 12 4 1 0 9 2 3 0 3 1 2 2 0 1 0 0
21510818 525 6 2 1 1 3 3 1 1 0 2 1 0 0 0 0 3 1 2 4 6 12 0 3 6 3 0 3 4 2 2 0 0 1 3
21510819 538 8 3 3 3 1 2 1 1 3 1 0 2 1 0 0 0 0 3 1 4 0 3 12 6 2 7 4 3 0 0 6 3 1 2 0 3
21510820 521 6 3 2 2 1 1 2 1 0 2 1 0 0 0 0 2 3 1 0 5 1 0 3 1 6 5 0 2 1 3 3 12 3 5
21510821 575 3 1 3 1 3 1 4 0.33333333333333331 5 0.33333333333333331 6 0.33333333333333331 2 0 1 2 2 0 0 0 1 2 4 0 4 4 4 0 12 5 4
21510823 470 7 2 3 3 3 1 2 1 1 0 1 1 0 0 0 0 2 2 3 3 4 1 2 0 12 1 2 0 1 4 2 0 2 3 3
21510824 583 4 2 2 1 1 1 0 1 1 0 0 0 0 2 2 0 1 5 2 1 12 6 4 0 4 7 4 3 2 2 0 0
21510825 504 4 2 2 1 3 1 0 3 1 0 0 0 0 1 2 1 2 0 1 0 3 1 3 3 0 4 2 12 3 6 4 1
21510826 529 5 3 2 3 1 3 1 0 1 1 0 0 0 0 1 1 3 2 12 4 3 8 5 2 3 0 4 5 6 0 6 1 0
21510827 430 7 3 3 3 3 1 1 2 1 0 2 1 0 0 0 0 2 1 4 0 3 2 12 0 1 1 5 2 1 0 4 0 0 2 0
21510828 532 7 2 2 3 1 3 1 1 1 0 2 1 0 0 0 0 3 2 2 0 0 0 2 4 1 5 3 3 3 12 0 5 2 1 0
21510829 491 8 1 1 2 2 1 2 2 3 1 0 3 1 0 0 0 0 3 4 1 7 0 0 0 12 4 5 1 4 3 1 2 3 3 3 3
21510830 484 9 2 2 3 2 1 3 3 2 1 1 0 1 1 0 0 0 0 2 4 3 3 0 1 0 2 0 8 1 12 3 5 0 1 2 3 4
21510831 574 7 3 2 2 1 1 3 3 1 0 3 1 0 0 0 0 2 2 3 0 1 2 0 0 0 5 12 0 1 3 5 2 2 1 4
21510832 506 0 1 0 2 1 0 0 0 0 0 0 0 0 1 6 12 0 4 7 3 3 1 2 1 0 3 2 0
21510833 525 0 1 0 2 1 0 0 0 0 0 0 0 0 0 3 12 0 0 5 8 2 3 4 5 1 0 1 0
21510834 498 5 1 1 2 3 1 1 0 2 1 0 0 0 0 3 1 1 0 3 0 2 0 0 1 6 0 3 2 5 3 12 4 4
21510835 483 11 3 1 1 2 3 3 2 1 2 1 3 1 0 2 1 0 0 0 0 4 3 4 0 0 1 0 3 2 3 2 3 1 5 0 3 5 12 0
21510836 481 0 1 0 2 1 0 0 0 0 0 0 0 3 0 1 12 1 1 5 2 0 2 3 4 0 0 3 0
21510837 588 10 2 1 2 2 2 3 3 1 1 3 1 0 3 1 0 0 0 0 3 4 3 0 3 0 2 0 6 3 1 0 2 5 3 1 3 1 12
21510838 580 2 1 2 1 0 1 1 0 0 0 0 1 1 0 3 3 0 0 3 6 3 1 0 0 2 4 0 2 3 12
21510839 587 2 2 3 1 0 3 1 0 0 0 0 0 1 1 2 6 3 0 5 5 3 1 12 1 3 1 0 0 0 2
21510840 517 4 3 1 2 2 1 0 1 1 0 0 0 0 1 2 1 0 0 0 3 0 2 2 4 0 6 8 1 1 5 8 12
21510841 492 5 2 3 2 3 1 1 0 2 1 0 0 0 0 1 2 2 12 8 5 6 5 3 2 0 1 0 1 0 3 1 0 0
21510842 557 11 2 3 1 2 3 1 3 2 2 1 3 1 0 1 1 0 0 0 0 3 4 4 5 3 3 3 8 3 1 0 12 3 0 0 0 0 0 2
21510843 583 0 3 1 5 0.33333333333333331 6 0.33333333333333331 7 0.33333333333333331 0 0 0 3 9 5 3 6 5 3 0 12 3 0 3 0 0 3 0
21510844 458 2 2 3 1 0 3 1 0 0 0 0 0 1 1 0 2 0 0 1 5 1 4 1 4 2 3 0 5 5 12
21510845 458 3 1 2 3 1 0 2 1 0 0 0 0 1 1 1 5 4 3 3 1 2 5 4 12 3 4 0 0 1 0 3
21510846 477 6 3 2 3 2 1 1 1 0 2 1 0 0 0 0 2 2 2 0 0 2 0 1 3 4 1 3 7 6 5 0 3 3 12
21510847 470 11 3 1 3 3 1 1 2 2 2 2 3 1 0 1 1 0 0 0 0 3 4 4 0 0 1 3 0 1 6 3 3 5 4 3 2 6 2 12
21510848 501 6 2 1 3 1 1 3 1 0 2 1 0 0 0 0 3 1 2 0 0 2 0 7 3 5 3 0 3 5 3 1 2 4 12
21510849 509 0 1 0 3 1 0 0 0 0 0 0 0 3 4 3 12 2 1 6 7 0 3 5 5 0 0 0 3
21510851 504 0 1 0 3 1 0 0 0 0 0 0 0 0 0 0 1 0 0 4 4 0 3 6 5 2 0 3 12
21510852 522 7 2 3 1 1 3 3 2 1 0 1 1 0 0 0 0 2 2 3 1 4 3 3 3 3 5 2 12 6 1 0 2 2 0 0
21510853 510 6 3 2 2 1 1 1 3 1 6 0.33333333333333331 7 0.33333333333333331 8 0.33333333333333331 3 2 1 2 12 5 4 0 3 5 3 0 0 5 3 0 0 0 3
21510854 541 10 3 2 1 2 1 1 2 1 2 3 1 0 3 1 0 0 0 0 4 4 2 4 3 3 12 2 1 4 3 0 3 5 0 0 2 1 3
21510855 510 2 2 1 1 0 3 1 0 0 0 0 1 1 0 3 2 8 1 1 5 7 12 0 2 4 5 0 0 1 2
21510856 542 6 1 1 3 3 2 2 1 0 1 1 0 0 0 0 2 2 2 12 6 6 2 3 4 3 0 2 3 1 1 0 2 4 0
21510857 584 8 2 3 2 2 1 1 1 1 1 0 3 1 0 0 0 0 4 3 1 12 4 6 0 5 6 3 3 5 0 0 0 2 0 0 0
21510858 583 1 2 1 0 3 1 0 0 0 0 0 1 0 2 1 0 0 5 3 0 0 12 4 0 0 4 3 3 1
21510859 585 10 1 2 1 3 3 1 1 2 2 3 1 0 2 1 0 0 0 0 4 3 3 0 3 0 0 1 3 3 3 0 2 6 5 0 4 4 12
21510860 564 11 2 1 3 2 2 1 3 3 1 2 3 1 0 1 1 0 0 0 0 3 4 4 3 3 12 4 0 3 4 5 0 0 5 1 0 0 2 0
21510861 643 3 3 3 1 1 0 1 1 0 0 0 0 1 0 2 0 3 0 2 2 6 3 1 0 2 3 5 1 3 2 12
21510863 566 10 1 2 2 3 3 1 1 1 2 2 1 0 3 1 0 0 0 0 4 4 2 5 12 1 3 3 7 2 2 1 4 7 4 0 0 3 0
21510864 506 10 2 3 3 3 1 2 2 2 3 1 1 0 1 1 0 0 0 0 2 4 4 0 12 5 1 0 2 1 4 0 3 5 4 1 2 2 1
21510865 591 9 3 3 1 2 2 3 1 1 3 1 0 2 1 0 0 0 0 3 2 4 1 2 4 12 1 4 5 6 0 0 5 3 0 0 2 0
21510866 521 6 1 3 1 2 2 1 1 0 3 1 0 0 0 0 3 2 1 0 2 0 3 1 6 4 0 2 5 3 4 12 3 3 0
21510867 596 6 1 3 2 2 1 3 1 0 3 1 0 0 0 0 2 2 2 0 0 0 2 12 3 5 4 7 3 4 0 3 2 1 1
21510868 619 3 3 3 2 1 0 1 1 0 0 0 0 0 1 2 2 2 5 5 0 4 12 1 0 1 6 6 2 0 0 1
21510869 545 6 1 3 1 2 3 2 1 0 3 1 0 0 0 0 2 2 2 0 1 0 0 0 2 3 5 3 5 3 3 0 12 6 4
21510870 547 0 1 0 1 1 0 0 0 0 0 0 0 0 12 3 2 0 4 6 1 0 4 4 2 2 0 1 0
21510871 588 10 3 1 2 1 3 2 2 3 3 1 1 0 2 1 0 0 0 0 3 3 4 0 0 0 1 1 1 6 2 0 4 5 5 0 2 4 12
21510872 564 5 1 2 1 3 3 1 0 2 1 0 0 0 0 2 1 2 0 0 1 0 3 4 4 1 6 5 2 2 12 4 6 3
21510873 642 1 3 1 0 1 1 0 0 0 0 0 0 1 0 0 0 2 0 2 3 0 1 4 6 4 0 4 4 12
21510874 543 0 1 0 3 1 0 0 0 0 0 0 0 1 7 12 1 3 6 7 2 2 2 8 1 2 0 0 1
21510875 587 8 3 3 2 2 2 3 2 3 3 1 6 0.33333333333333331 7 0.33333333333333331 8 0.33333333333333331 0 4 4 6 3 0 1 12 4 1 0 4 5 3 1 4 7 1 0
21510876 500 7 1 2 2 3 1 3 3 1 0 2 1 0 0 0 0 2 2 3 2 0 0 0 1 4 3 1 0 4 5 4 3 2 1 12
21510877 499 0 3 1 6 0.33333333333333331 7 0.33333333333333331 8 0.33333333333333331 0 0 0 1 0 0 1 3 4 2 2 4 3 5 2 12 3 1 0
21510878 553 0 1 0 1 1 0 0 0 0 0 0 0 0 12 2 4 0 4 4 3 0 3 5 3 1 2 3 0
21510879 557 6 1 1 3 2 3 2 1 0 3 1 0 0 0 0 2 2 2 0 2 3 0 0 1 5 3 0 0 3 5 2 1 4 12
21510881 516 3 1 2 3 1 0 2 1 0 0 0 0 1 1 1 0 0 2 2 1 1 3 0 4 5 7 1 12 4 4 0
21510882 578 10 3 1 3 3 2 3 2 1 1 2 1 0 1 1 0 0 0 0 3 3 4 2 3 1 12 0 7 5 5 1 3 6 3 0 2 3 2
21510883 549 5 3 1 1 2 1 1 0 2 1 0 0 0 0 3 1 1 0 2 0 3 0 2 3 3 0 4 5 4 1 4 5 12
21510884 514 6 3 3 1 2 3 2 1 0 2 1 0 0 0 0 1 2 3 3 1 3 1 2 12 1 0 3 1 3 0 6 2 0 0
21510885 562 6 1 2 1 2 1 3 1 0 2 1 0 0 0 0 3 2 1 12 3 3 1 7 6 4 2 6 4 5 0 3 0 0 0
21510886 581 1 1 1 0 2 1 0 0 0 0 1 0 0 3 3 3 3 2 3 5 3 0 3 12 3 0 1 0 0
21510887 519 6 2 2 3 1 3 1 1 0 2 1 0 0 0 0 2 2 2 0 5 4 4 0 3 4 3 1 12 5 1 0 0 0 2
21510888 459 1 2 1 0 1 1 0 0 0 0 0 1 0 0 4 1 5 0 0 1 9 2 2 5 12 3 0 4 0
21510890 555 8 2 3 3 2 1 2 2 1 1 0 3 1 0 0 0 0 2 4 2 1 5 1 3 0 4 4 0 2 4 5 3 1 4 12 0
21510891 487 11 2 3 1 2 1 3 3 3 1 2 1 1 0 2 1 0 0 0 0 4 3 4 0 1 2 12 0 5 3 4 2 4 3 4 1 0 3 3
21510892 594 11 3 1 2 2 1 3 3 2 2 1 1 1 0 3 1 0 0 0 0 4 4 3 3 0 3 0 6 5 2 3 1 12 0 0 8 3 3 4
21510893 587 10 3 1 3 3 2 2 1 2 1 1 1 0 3 1 0 0 0 0 4 3 3 0 0 2 2 1 3 5 3 3 2 3 6 0 0 1 12
21510894 503 1 3 1 0 2 1 0 0 0 0 0 0 1 0 1 0 2 1 3 2 1 0 2 6 12 4 5 6 1
21510895 645 10 2 1 1 1 3 3 3 2 3 2 1 0 1 1 0 0 0 0 3 3 4 0 0 0 2 0 1 5 0 0 4 4 4 2 12 6 3
21510896 552 3 1 3 2 1 0 2 1 0 0 0 0 1 1 1 0 0 1 0 4 5 3 2 6 5 1 0 12 3 0 0
21510897 629 1 3 1 0 1 1 0 0 0 0 0 0 1 0 2 5 12 1 2 3 5 0 2 0 3 0 0 0 1
21510898 626 6 2 2 3 1 3 1 1 0 2 1 0 0 0 0 2 2 2 1 0 0 0 1 2 4 12 0 3 6 6 0 4 3 4
21510899 554 4 2 3 3 3 1 0 1 1 0 0 0 0 0 1 3 0 0 3 0 0 1 0 0 4 0 3 0 6 12 3 2
21510900 532 10 2 1 2 2 1 3 2 1 1 3 1 0 3 1 0 0 0 0 4 4 2 12 5 0 0 5 3 1 0 2 2 2 3 1 1 0 0
