21510602 918 10 1 3 3 1 3 2 2 3 1 1 1 0 2 1 0 0 0 0 4 2 4 2 13 4 1 3 8 4 3 0 0 5 3 0 0 0 2
21510603 945 2 2 2 1 0 3 1 0 0 0 0 0 2 0 0 6 0 1 0 7 2 3 1 4 4 8 3 1 4 13
21510604 892 7 3 1 3 2 1 3 2 1 0 2 1 0 0 0 0 2 2 3 1 3 1 4 0 4 3 2 2 5 13 0 0 1 0 0
21510605 853 6 3 2 3 3 2 1 1 0 3 1 0 0 0 0 1 2 3 0 0 3 3 3 4 6 4 2 7 13 3 0 1 1 3
21510607 893 4 1 1 2 1 1 0 2 1 0 0 0 0 3 1 0 9 4 3 1 0 0 13 5 3 2 2 2 1 0 0 3
21510609 920 2 2 3 1 0 2 1 0 0 0 0 0 1 1 3 1 2 0 3 4 3 1 0 3 1 3 0 13 3 4
21510610 930 10 1 1 2 3 3 2 3 2 3 2 1 0 1 1 0 0 0 0 2 4 4 0 0 0 1 1 13 5 3 2 3 1 6 0 2 4 4
21510612 1079 4 2 1 1 3 1 0 2 1 0 0 0 0 2 1 1 1 13 3 8 3 8 9 0 2 5 4 1 2 3 0 0
21510614 972 0 1 0 3 1 0 0 0 0 0 0 0 0 5 0 0 1 0 0 0 4 2 5 1 3 13 5 2
21510615 949 7 2 3 2 3 1 3 1 1 0 1 1 0 0 0 0 2 2 3 1 3 3 13 2 5 4 3 0 0 2 3 0 0 3 0
21510616 893 0 1 0 2 1 0 0 0 0 0 0 0 0 3 1 0 13 2 1 1 3 4 5 0 4 1 2 2
21510617 893 1 3 1 0 2 1 0 0 0 0 0 0 1 1 3 0 0 1 4 2 1 3 4 5 0 2 13 0 0
21510620 943 3 1 3 3 1 0 3 1 0 0 0 0 1 0 2 1 3 0 0 2 4 2 0 3 3 1 1 13 2 2 0
21510622 1033 11 3 2 2 3 1 3 1 2 3 1 2 1 0 1 1 0 0 0 0 3 4 4 0 1 6 0 3 5 4 3 0 3 13 3 4 6 3 2
21510623 841 6 3 1 1 2 3 1 1 0 2 1 0 0 0 0 3 1 2 0 4 3 3 3 3 4 13 0 2 5 2 0 3 1 3
21510624 969 6 1 3 1 2 3 2 1 0 3 1 0 0 0 0 2 2 2 1 0 3 2 0 2 4 8 1 3 5 3 0 3 13 3
21510625 881 3 2 2 1 1 0 3 1 0 0 0 0 1 2 0 0 0 0 3 6 0 1 1 4 5 2 0 13 6 4 3
21510626 972 6 1 2 3 3 1 2 1 0 2 1 0 0 0 0 2 2 2 3 1 2 0 1 4 4 1 2 5 8 0 13 2 3 1
21510627 835 8 1 2 2 1 1 2 3 1 1 0 3 1 0 0 0 0 4 3 1 0 0 3 3 0 13 4 0 0 5 2 3 2 1 3 3
21510628 961 3 1 3 3 1 0 2 1 0 0 0 0 1 0 2 1 5 6 4 3 4 2 3 1 2 13 1 0 2 3 3
21510630 925 2 3 2 1 0 2 1 0 0 0 0 0 1 1 0 4 1 1 7 1 2 0 4 1 8 5 13 3 2 0
21510631 904 6 2 1 2 2 3 3 1 0 2 1 0 0 0 0 1 3 2 0 3 7 13 0 4 4 5 3 0 4 1 0 0 1 1
21510632 1096 3 3 1 2 1 0 2 1 0 0 0 0 1 1 1 3 1 1 0 13 9 5 2 6 4 1 3 2 2 1 0
21510634 1002 1 1 1 0 3 1 0 0 0 0 1 0 0 0 0 0 3 2 4 2 2 0 1 3 4 0 1 4 13
21510635 853 2 1 3 1 0 3 1 0 0 0 0 1 0 1 3 4 4 2 0 4 7 3 0 0 13 3 0 0 0 8
21510636 1099 2 3 2 1 0 3 1 0 0 0 0 0 1 1 1 0 1 0 2 0 4 1 13 4 7 0 4 3 2 5
21510637 932 2 3 1 1 0 3 1 0 0 0 0 1 0 1 0 0 0 7 0 1 6 13 1 4 4 5 3 2 2 2
21510638 982 5 2 3 1 3 2 1 0 2 1 0 0 0 0 1 2 2 3 13 1 5 1 3 3 0 0 1 7 3 0 2 6 0
21510642 871 9 3 3 2 1 3 2 1 1 1 1 0 2 1 0 0 0 0 4 2 3 3 4 0 0 1 3 5 0 2 4 3 2 3 4 13 0
21510645 898 1 2 3 1 5 0.33333333333333331 6 0.33333333333333331 7 0.33333333333333331 0 1 0 5 0 3 9 4 2 8 1 9 3 7 1 13 3 3 0
21510646 789 5 1 1 2 2 2 1 0 3 1 0 0 0 0 2 3 0 0 3 0 1 1 2 3 3 4 5 0 0 3 3 13 0
21510648 964 7 2 1 2 2 2 3 1 1 0 3 1 0 0 0 0 2 4 1 3 4 4 1 2 1 4 1 13 2 3 0 0 0 0 1
21510650 889 1 2 1 0 1 1 0 0 0 0 0 1 0 3 2 4 13 0 1 1 3 0 3 5 3 0 2 0 3
21510651 1046 9 3 2 3 2 3 2 1 1 3 1 0 2 1 0 0 0 0 2 3 4 3 3 3 3 1 4 5 0 3 13 1 0 2 1 0 0
21510653 966 1 3 1 0 3 1 0 0 0 0 0 0 1 0 0 1 2 3 4 4 0 4 1 2 0 13 3 4 0
21510655 1006 4 1 3 1 3 1 0 2 1 0 0 0 0 2 0 2 2 3 0 0 4 4 4 0 5 3 3 0 1 7 13 2
21510656 794 8 1 2 3 1 2 2 3 2 1 0 1 1 0 0 0 0 2 4 2 3 13 1 3 0 3 4 4 0 3 2 3 0 1 0 0
21510658 756 1 2 1 0 1 1 0 0 0 0 0 1 0 3 1 5 2 0 2 5 4 3 2 4 1 3 1 3 13
21510661 979 3 1 2 2 1 0 3 1 0 0 0 0 1 2 0 0 1 0 0 0 3 1 4 6 4 2 2 3 13 1 3
21510662 933 10 3 2 1 2 1 1 1 2 2 3 1 0 3 1 0 0 0 0 4 4 2 1 3 0 0 4 2 0 0 7 4 2 1 4 13 8 4
21510664 986 7 1 3 2 3 1 3 2 1 0 2 1 0 0 0 0 2 2 3 0 2 3 13 0 1 3 9 0 1 6 3 4 8 0 0
21510665 884 3 1 2 3 1 0 2 1 0 0 0 0 1 1 1 0 0 3 1 0 0 4 4 3 4 2 13 3 4 1 3
21510666 909 4 2 3 1 3 1 0 2 1 0 0 0 0 1 1 2 0 1 1 13 1 1 3 6 2 2 5 3 0 0 2 3
21510668 954 6 2 1 1 3 2 3 1 0 3 1 0 0 0 0 2 2 2 0 0 2 0 4 13 3 3 1 5 4 6 4 3 3 0
21510669 831 1 1 1 0 3 1 0 0 0 0 1 0 0 0 0 4 4 0 3 3 4 0 0 3 13 3 0 2 0
21510670 903 6 2 3 3 2 1 2 1 0 2 1 0 0 0 0 1 3 2 3 1 4 13 0 3 1 4 0 3 5 9 1 0 3 0
21510671 899 9 3 1 3 2 1 1 2 2 3 1 0 3 1 0 0 0 0 3 3 3 0 0 0 2 0 2 3 4 5 4 5 4 1 1 10 13
21510672 856 6 1 3 3 2 1 1 1 0 2 1 0 0 0 0 3 1 2 0 0 1 2 3 3 7 2 0 3 5 3 4 3 3 13
21510675 909 7 3 1 2 2 2 2 1 1 0 1 1 0 0 0 0 2 4 1 0 3 3 0 0 5 6 4 0 0 4 3 6 6 1 13
21510680 886 11 3 2 2 1 3 3 3 1 2 1 2 1 0 1 1 0 0 0 0 3 4 4 3 4 9 1 1 3 6 13 0 2 3 3 0 2 0 7
21510681 970 10 2 2 3 3 2 1 3 1 1 1 1 0 3 1 0 0 0 0 4 3 3 4 4 1 2 1 2 4 3 0 3 13 4 0 2 0 7
21510683 1063 9 2 3 2 2 1 1 3 2 1 1 0 3 1 0 0 0 0 3 4 2 0 0 0 1 3 13 4 3 3 5 4 2 0 0 3 1
21510685 1000 9 3 2 2 3 3 1 1 2 2 1 0 1 1 0 0 0 0 2 4 3 1 4 3 0 4 13 0 3 6 2 0 0 4 1 0 0
21510686 980 0 1 0 1 1 0 0 0 0 0 0 0 0 1 0 1 3 7 5 2 4 3 2 2 3 5 13 0
21510688 958 11 1 2 3 3 3 2 2 2 3 1 1 1 0 1 1 0 0 0 0 3 4 4 1 1 0 0 3 2 0 0 4 5 2 2 13 8 4 1
21510690 881 7 3 2 3 2 3 3 1 1 0 1 1 0 0 0 0 1 2 4 13 7 3 0 3 4 1 0 3 5 3 2 2 0 1 0
21510691 934 11 1 2 1 3 2 1 2 1 3 2 3 1 0 3 1 0 0 0 0 4 4 3 0 0 4 2 0 5 4 2 0 3 13 1 1 0 2 1
21510693 925 10 1 1 1 2 2 3 2 1 3 2 1 0 3 1 0 0 0 0 4 4 2 0 2 13 1 3 6 7 3 3 4 4 4 0 2 1 0
21510694 934 8 3 2 1 3 1 2 3 2 1 0 1 1 0 0 0 0 2 3 3 0 2 0 0 3 1 2 6 0 1 4 5 0 0 3 13
21510697 909 7 3 1 2 3 1 3 1 1 0 2 1 0 0 0 0 3 1 3 13 4 4 0 5 1 1 2 2 3 3 0 0 2 0 0
21510700 929 2 3 1 1 0 1 1 0 0 0 0 1 0 1 13 8 7 2 3 7 0 2 5 3 2 0 0 0 1 0
21510701 877 11 3 1 2 1 3 2 3 1 1 2 2 1 0 3 1 0 0 0 0 4 4 3 0 13 4 2 4 2 6 4 1 5 0 1 0 0 3 3
21510703 890 1 3 1 0 1 1 0 0 0 0 0 0 1 3 3 3 7 6 5 4 2 0 3 13 2 0 1 0 3
21510705 863 0 1 0 3 1 0 0 0 0 0 0 0 3 0 2 0 0 9 5 2 1 0 6 2 3 1 1 13
21510706 850 2 2 3 1 0 3 1 0 0 0 0 0 1 1 1 4 1 3 2 3 5 13 0 0 1 3 0 0 0 2
21510707 1011 2 3 1 1 0 1 1 0 0 0 0 1 0 1 0 3 0 0 0 2 3 0 0 7 3 4 2 13 6 5
21510714 962 1 3 1 0 3 1 0 0 0 0 0 0 1 1 0 3 2 0 5 5 1 0 3 13 3 0 4 2 3
21510715 976 2 2 2 1 0 3 1 0 0 0 0 0 2 0 13 3 1 4 3 3 7 1 2 7 4 3 0 0 0 1
21510716 898 1 1 1 0 3 1 0 0 0 0 1 0 0 0 1 7 0 0 2 3 2 3 3 7 6 3 3 6 13
21510717 1041 10 3 1 2 2 1 3 3 1 2 1 1 0 2 1 0 0 0 0 4 3 3 2 2 4 1 0 4 3 4 0 0 1 13 3 0 0 3
21510718 959 0 1 0 1 1 0 0 0 0 0 0 0 13 7 6 3 3 7 3 0 2 3 4 0 3 0 0 0
21510719 911 6 1 3 2 2 2 1 1 0 3 1 0 0 0 0 2 3 1 3 1 2 3 5 1 5 0 3 5 13 0 1 2 0 0
21510721 954 8 3 1 1 3 3 2 2 1 1 0 2 1 0 0 0 0 3 2 3 0 3 0 0 13 1 3 0 3 5 4 0 3 3 0 2
21510723 854 4 1 3 1 1 1 0 2 1 0 0 0 0 3 0 1 0 0 3 0 3 3 3 0 13 4 5 2 3 6 3 2
21510725 881 3 1 3 2 1 0 1 1 0 0 0 0 1 1 1 1 2 4 3 3 5 6 8 13 4 7 0 3 2 3 0
21510729 882 3 1 2 3 1 0 3 1 0 0 0 0 1 1 1 4 5 3 0 1 4 1 0 2 13 0 0 0 2 3 3
21510730 863 5 2 3 1 3 3 3 1 6 0.33333333333333331 7 0.33333333333333331 8 0.33333333333333331 1 1 3 6 5 2 0 1 4 2 4 13 3 1 2 0 1 0 0
21510731 949 5 2 2 3 1 1 1 0 2 1 0 0 0 0 2 2 1 3 4 4 13 0 2 4 4 0 1 3 1 0 0 0 3
21510732 867 3 1 3 2 1 0 3 1 0 0 0 0 1 1 1 3 8 0 2 6 6 3 0 2 13 0 0 3 1 1 0
21510733 940 11 1 1 2 3 2 3 1 2 3 2 3 3 1 4 0.33333333333333331 5 0.33333333333333331 6 0.33333333333333331 3 4 4 13 1 3 0 2 5 3 7 3 3 4 0 7 0 3 1
21510735 934 1 1 1 0 1 1 0 0 0 0 1 0 0 2 3 3 13 0 4 3 8 0 2 0 4 0 0 0 3
21510737 945 9 1 2 2 1 2 3 3 3 1 1 0 3 1 0 0 0 0 3 3 3 0 0 2 1 4 3 2 0 4 3 5 1 3 13 0 0
21510738 1010 1 3 1 0 2 1 0 0 0 0 0 0 1 0 2 0 4 4 2 6 1 1 5 4 8 0 1 4 13
21510740 976 1 1 1 0 3 1 0 0 0 0 1 0 0 0 1 6 13 0 1 6 4 2 2 7 4 0 2 0 0
21510742 880 9 3 3 2 3 2 2 3 1 1 1 0 1 1 0 0 0 0 2 3 4 2 3 2 1 4 3 6 3 0 3 13 7 4 3 6 1
21510744 1084 1 2 1 0 1 1 0 0 0 0 0 1 0 3 8 4 6 6 4 4 8 4 3 5 13 0 0 0 3
21510745 859 3 3 3 1 1 0 2 1 0 0 0 0 1 0 2 13 5 3 4 3 7 3 1 2 2 5 0 1 0 0 0
21510746 801 1 2 1 0 3 1 0 0 0 0 0 1 0 3 5 13 2 0 3 6 5 3 1 1 3 0 0 3 0
21510748 859 4 1 3 2 3 1 0 1 1 0 0 0 0 1 1 2 2 3 4 1 3 6 3 2 2 0 3 13 3 1 7 3
21510750 970 0 1 0 3 1 0 0 0 0 0 0 0 3 0 0 0 3 3 0 3 13 4 2 0 4 6 5 1
21510752 851 10 2 1 1 2 1 3 3 3 3 2 1 0 1 1 0 0 0 0 3 3 4 3 3 2 2 4 13 5 0 4 5 1 0 5 3 0 0
21510753 965 9 3 2 2 1 3 1 1 1 2 1 0 3 1 0 0 0 0 4 3 2 1 4 4 13 3 0 5 7 0 3 4 2 6 0 2 0
21510755 913 3 2 3 3 1 0 3 1 0 0 0 0 0 1 2 3 4 3 2 3 13 3 1 7 0 5 0 3 0 1 0
21510756 975 9 2 2 3 1 2 1 3 3 1 1 0 3 1 0 0 0 0 3 3 3 3 1 0 0 6 3 1 0 2 6 7 1 2 13 4 2
21510757 902 9 1 3 3 2 2 1 3 3 2 1 0 1 1 0 0 0 0 2 3 4 4 4 3 1 4 4 2 0 1 13 0 0 2 0 0 0
21510759 876 11 3 2 1 2 2 1 3 1 3 3 2 1 0 1 1 0 0 0 0 3 4 4 0 1 0 0 1 2 4 5 0 5 5 3 2 13 6 3
21510761 897 4 1 3 2 3 1 0 1 1 0 0 0 0 1 1 2 0 3 3 0 2 0 5 9 0 4 4 6 0 3 3 13
21510763 897 4 3 2 2 3 1 0 1 1 0 0 0 0 0 2 2 3 1 4 13 3 4 2 3 0 0 1 3 0 0 0 3
21510764 892 9 3 2 1 1 3 1 2 1 3 1 0 2 1 0 0 0 0 4 2 3 0 0 3 2 3 2 5 1 3 2 1 13 0 3 4 3
21510766 790 4 2 2 3 3 1 0 1 1 0 0 0 0 0 2 2 0 3 1 4 1 6 2 5 2 0 4 13 0 6 1 3
21510769 856 10 2 2 2 2 1 3 3 1 1 3 1 0 1 1 0 0 0 0 3 4 3 0 2 3 0 1 6 7 0 6 4 3 0 3 5 13 3
21510770 987 0 1 0 2 1 0 0 0 0 0 0 0 7 3 0 0 3 3 0 0 5 0 1 3 13 6 3 0
21510772 841 10 2 1 3 2 2 1 3 1 3 2 1 0 3 1 0 0 0 0 3 4 3 1 0 0 1 3 2 3 0 5 5 2 3 1 13 3 0
21510776 950 2 3 3 1 0 2 1 0 0 0 0 0 0 2 0 0 2 0 5 4 3 0 4 8 3 0 4 1 13 1
21510777 977 11 1 2 2 3 3 2 3 1 1 2 1 1 0 3 1 0 0 0 0 4 4 3 2 3 2 4 0 3 4 1 0 3 5 13 1 0 3 0
21510780 773 10 2 2 3 3 2 1 3 1 3 1 1 0 1 1 0 0 0 0 3 3 4 0 0 0 2 1 8 4 3 4 5 4 5 2 3 3 13
21510781 897 7 1 3 1 1 3 3 2 1 0 3 1 0 0 0 0 3 1 3 0 2 6 13 2 4 7 5 0 0 3 3 0 0 1 2
21510782 933 10 2 2 3 3 3 2 1 3 2 1 1 0 1 1 0 0 0 0 2 4 4 1 0 3 0 0 0 5 3 0 3 7 4 0 3 13 4
21510783 911 7 3 2 2 3 1 1 3 1 0 2 1 0 0 0 0 2 2 3 2 2 1 1 3 5 4 3 1 6 1 13 0 2 3 0
21510784 930 0 1 0 2 1 0 0 0 0 0 0 0 1 1 13 2 0 6 4 4 2 7 8 3 0 6 0 1
21510785 809 11 2 3 2 2 3 3 2 1 1 1 3 1 0 1 1 0 0 0 0 3 4 4 3 2 0 0 2 1 3 1 3 6 8 13 1 7 5 2
21510787 859 5 2 2 2 3 1 1 0 2 1 0 0 0 0 1 3 1 1 3 1 7 5 4 1 1 2 13 4 0 3 0 6 0
21510792 927 8 1 2 2 3 1 3 3 2 3 1 8 0.33333333333333331 9 0.33333333333333331 10 0.33333333333333331 2 3 3 0 1 0 1 2 3 1 5 0 2 3 3 0 0 3 13
21510793 887 7 2 1 2 1 3 3 2 1 0 1 1 0 0 0 0 2 3 2 0 0 3 4 3 4 4 5 1 3 7 13 0 2 3 0
21510795 903 7 2 3 2 1 1 2 2 1 0 3 1 0 0 0 0 2 4 1 4 4 2 3 3 6 3 0 3 4 1 1 13 3 1 0
21510796 900 11 1 2 1 3 2 2 1 3 3 3 1 1 0 2 1 0 0 0 0 4 3 4 0 0 0 2 0 1 1 2 2 1 4 4 0 3 4 13
21510797 799 4 2 2 1 2 1 0 3 1 0 0 0 0 1 3 0 0 0 1 4 0 0 0 6 1 4 3 3 0 13 5 4
21510798 950 1 2 1 0 3 1 0 0 0 0 0 1 0 0 1 0 0 3 3 0 2 3 3 3 5 13 6 5 1
21510799 835 2 2 2 1 0 1 1 0 0 0 0 0 2 0 2 3 1 3 0 13 3 4 0 0 4 3 0 3 0 1
21510800 741 10 2 1 3 2 1 3 1 3 2 3 1 0 2 1 0 0 0 0 3 3 4 3 0 1 2 7 6 13 3 0 3 3 3 0 1 0 0
21510801 942 2 1 3 1 0 1 1 0 0 0 0 1 0 1 0 0 2 2 0 0 4 3 0 2 1 6 3 0 7 13
21510802 940 2 1 2 1 0 3 1 0 0 0 0 1 1 0 0 0 3 13 0 5 5 2 3 1 3 3 0 3 0 0
21510805 805 5 1 2 2 2 3 1 0 3 1 0 0 0 0 1 3 1 2 1 1 0 2 4 0 0 5 8 1 0 3 1 13 8
21510808 894 8 1 1 1 2 3 3 2 1 1 0 3 1 0 0 0 0 4 2 2 0 3 0 2 4 1 2 2 3 1 6 0 13 3 2 4
21510810 837 5 2 3 3 1 1 1 0 2 1 0 0 0 0 2 1 2 1 2 3 1 0 2 2 2 0 5 1 3 0 13 5 1
21510812 1016 11 2 2 1 1 3 3 2 3 2 3 1 1 0 1 1 0 0 0 0 3 4 4 2 2 0 1 6 5 3 1 4 3 5 5 3 13 7 3
21510813 1009 11 1 3 2 2 1 1 2 3 3 3 1 1 0 2 1 0 0 0 0 4 3 4 13 2 1 3 6 7 4 6 8 5 3 0 0 1 2 0
21510816 1128 3 1 3 3 1 0 3 1 0 0 0 0 1 0 2 0 13 5 3 2 8 5 3 0 2 3 3 1 0 2 1
21510819 892 2 1 1 1 0 2 1 0 0 0 0 2 0 0 0 2 0 0 13 1 4 0 4 4 6 4 1 2 4 2
21510820 796 10 2 3 3 3 1 1 2 2 2 3 1 0 1 1 0 0 0 0 2 4 4 0 5 7 13 0 3 3 4 2 1 3 0 0 0 1 0
21510824 970 1 2 3 1 5 0.33333333333333331 6 0.33333333333333331 7 0.33333333333333331 0 1 0 0 0 0 2 0 1 0 1 7 4 4 1 2 3 4 13
21510825 912 9 1 1 2 3 3 2 2 3 2 1 0 1 1 0 0 0 0 2 4 3 4 3 0 0 2 5 1 0 13 5 4 0 1 0 0 3
21510826 780 5 2 2 1 3 2 1 0 1 1 0 0 0 0 1 3 1 0 3 2 0 3 0 3 1 3 2 5 1 13 6 1 0
21510827 750 6 2 3 1 1 2 1 1 0 3 1 0 0 0 0 3 2 1 1 0 4 2 0 3 8 6 0 0 6 13 0 3 4 2
21510831 822 7 1 3 2 2 3 3 1 1 0 2 1 0 0 0 0 2 2 3 0 1 0 7 0 3 2 3 3 7 6 4 1 4 13 5
21510834 868 3 2 3 3 1 0 1 1 0 0 0 0 0 1 2 3 0 0 0 0 0 3 2 1 3 6 13 0 4 5 3
21510835 916 4 1 1 1 2 3 1 7 0.33333333333333331 8 0.33333333333333331 9 0.33333333333333331 3 1 0 0 2 0 3 2 5 4 3 3 3 2 8 0 1 6 13
21510836 815 9 2 1 2 3 3 1 2 2 3 1 0 3 1 0 0 0 0 2 4 3 1 7 3 13 3 3 5 7 0 1 2 4 0 0 0 1
21510838 1050 8 3 3 1 1 2 3 3 2 1 0 2 1 0 0 0 0 2 2 4 0 0 5 2 5 1 3 2 1 8 6 1 13 3 3 4
21510840 810 3 1 1 2 1 0 2 1 0 0 0 0 2 1 0 1 4 3 1 6 4 4 2 3 4 13 0 2 8 0 0
21510841 857 1 2 1 0 3 1 0 0 0 0 0 1 0 13 1 3 0 4 3 5 6 2 6 1 2 0 1 0 0
21510843 951 4 2 2 3 2 1 0 3 1 0 0 0 0 0 3 1 0 3 3 0 0 3 2 3 0 4 4 1 1 13 1 1
21510845 843 2 2 3 3 1 8 0.33333333333333331 9 0.33333333333333331 10 0.33333333333333331 0 1 1 2 3 9 13 0 5 5 4 0 3 3 1 0 0 1 5
21510846 847 0 1 0 2 1 0 0 0 0 0 0 0 0 3 3 4 3 1 3 6 1 7 3 13 0 2 3 0
21510848 769 3 2 1 3 1 0 1 1 0 0 0 0 1 1 1 2 3 0 0 4 3 3 0 3 6 2 0 13 4 0 1
21510849 1068 0 1 0 3 1 0 0 0 0 0 0 0 0 0 2 0 0 0 1 13 0 0 3 9 3 3 3 5
21510851 796 3 2 2 1 1 0 2 1 0 0 0 0 1 2 0 0 2 13 4 1 4 5 4 0 3 3 5 0 1 1 0
21510852 888 5 1 2 3 3 2 1 0 3 1 0 0 0 0 1 2 2 3 2 6 3 0 3 13 6 0 4 4 5 1 1 0 3
21510855 804 0 1 0 1 1 0 0 0 0 0 0 0 1 4 1 2 2 13 5 0 2 1 5 0 0 0 2 0
21510856 975 11 2 3 2 3 1 1 3 2 1 3 1 1 0 2 1 0 0 0 0 4 3 4 3 13 4 3 3 5 1 1 0 2 8 0 0 0 3 2
21510857 894 4 1 2 1 1 1 0 1 1 0 0 0 0 3 1 0 9 6 7 13 3 6 4 2 5 4 2 3 0 0 2 0
21510858 1003 6 1 3 2 3 2 1 1 0 1 1 0 0 0 0 2 2 2 0 5 2 13 3 0 5 7 0 1 3 5 0 0 4 2
21510859 981 7 2 1 1 3 2 1 3 1 0 1 1 0 0 0 0 3 2 2 4 2 3 0 3 7 13 5 6 5 2 3 1 0 0 2
21510860 948 9 1 1 2 3 1 3 2 2 3 1 0 2 1 0 0 0 0 3 3 3 4 1 13 0 3 3 2 3 4 0 0 0 3 0 1 0
21510864 877 3 3 3 2 1 0 2 1 0 0 0 0 0 1 2 13 3 1 3 3 4 1 0 3 6 3 0 0 2 4 1
21510865 995 5 1 2 1 1 2 1 0 1 1 0 0 0 0 3 2 0 2 2 2 0 2 8 4 0 5 1 13 3 1 3 0 0
21510866 1019 6 3 2 1 2 3 1 1 0 3 1 0 0 0 0 2 2 2 13 2 3 3 4 4 4 0 1 1 5 0 0 2 3 0
21510868 1044 3 2 1 3 1 0 2 1 0 0 0 0 1 1 1 4 0 7 0 1 5 4 0 2 3 13 0 0 1 0 3
21510873 1041 3 2 1 1 1 0 2 1 0 0 0 0 2 1 0 0 3 1 1 4 6 3 2 3 7 10 6 3 2 4 13
21510875 880 6 3 2 1 1 3 1 1 0 1 1 0 0 0 0 3 1 2 0 0 3 0 0 3 4 6 0 3 2 8 2 2 3 13
21510876 857 9 3 2 2 1 1 2 3 1 1 1 0 3 1 0 0 0 0 4 3 2 13 5 0 3 8 7 3 0 6 5 7 3 1 3 2 2
21510877 760 8 3 2 3 1 3 1 1 3 1 0 2 1 0 0 0 0 3 1 4 2 5 0 0 3 4 1 2 4 3 4 1 3 2 13 0
21510878 986 11 3 2 1 1 2 3 3 2 1 1 2 1 0 3 1 0 0 0 0 4 4 3 0 1 5 13 3 7 4 3 0 0 4 6 1 2 0 2
21510879 888 8 3 1 1 1 2 1 2 3 1 0 2 1 0 0 0 0 4 2 2 7 5 3 3 6 6 13 4 0 3 1 2 0 0 2 0
21510881 803 7 1 2 1 3 3 1 2 1 0 3 1 0 0 0 0 3 2 2 0 1 2 0 0 4 0 3 0 3 2 4 2 7 13 1
21510882 916 11 3 1 1 1 3 1 2 2 2 3 3 1 0 2 1 0 0 0 0 4 3 4 3 4 13 0 3 3 6 3 1 5 4 3 2 0 0 0
21510884 802 1 3 1 0 1 1 0 0 0 0 0 0 1 8 3 3 1 9 13 0 0 5 4 2 2 3 4 0 0
21510885 868 3 1 1 3 3 1 7 0.33333333333333331 8 0.33333333333333331 9 0.33333333333333331 2 0 1 2 13 4 0 6 4 0 0 4 7 0 7 3 2 0 0
21510887 843 3 3 3 2 1 0 2 1 0 0 0 0 0 1 2 2 1 3 0 13 5 1 0 3 3 1 3 0 4 4 3
21510888 758 10 1 1 3 3 1 2 3 1 3 2 1 0 2 1 0 0 0 0 4 2 4 0 0 0 2 1 2 3 1 3 5 6 4 2 4 13 4
21510890 958 5 3 3 1 2 1 1 0 2 1 0 0 0 0 2 1 2 0 0 5 3 0 13 4 1 0 2 2 1 3 3 2 1
21510891 686 7 2 2 3 1 1 1 3 1 0 3 1 0 0 0 0 3 2 2 5 3 13 2 1 6 3 3 7 4 0 4 3 3 2 0
21510892 906 3 3 3 2 1 0 2 1 0 0 0 0 0 1 2 13 3 2 0 6 1 1 0 2 6 1 1 1 0 0 2
21510893 993 1 2 1 0 3 1 0 0 0 0 0 1 0 4 3 13 2 1 5 1 4 0 0 3 0 0 0 3 0
21510894 932 3 3 3 2 1 0 2 1 0 0 0 0 0 1 2 3 1 8 13 2 7 7 4 0 1 5 3 0 0 3 1
21510896 866 5 2 1 3 2 1 1 0 3 1 0 0 0 0 2 2 1 0 0 0 3 3 1 4 8 0 2 6 1 0 0 2 13
21510897 978 5 1 1 3 2 1 1 0 2 1 0 0 0 0 3 1 1 2 0 1 2 7 4 1 1 3 13 4 4 2 5 2 5
21510898 925 9 3 3 1 2 2 3 1 2 1 1 0 3 1 0 0 0 0 3 3 3 3 0 2 1 4 5 4 0 3 13 0 0 5 4 0 0
21510900 843 2 2 1 1 0 3 1 0 0 0 0 1 1 0 7 4 2 2 1 4 5 13 0 1 6 4 0 3 4 3
