21510920 1319 3 3 1 3 1 0 2 1 0 0 0 0 1 0 2 2 1 0 0 3 2 3 3 8 0 7 4 9 14 4 1
21510934 1390 11 2 1 1 3 3 2 2 2 3 1 1 1 0 3 1 0 0 0 0 4 4 3 4 2 4 1 3 2 0 14 0 1 5 2 0 0 1 6
21510935 1518 9 3 1 2 1 3 1 2 2 1 1 0 2 1 0 0 0 0 4 3 2 0 2 5 3 4 7 6 1 3 3 2 14 4 8 1 3
21510942 1532 4 2 1 3 3 1 0 1 1 0 0 0 0 1 1 2 0 0 1 0 2 0 0 0 3 3 5 2 4 14 3 5
21510944 1391 3 1 2 1 1 0 3 1 0 0 0 0 2 1 0 0 6 0 0 0 5 0 0 2 6 5 4 2 1 14 4
21510947 1493 3 3 3 2 1 0 2 1 0 0 0 0 0 1 2 3 1 4 3 4 7 4 3 7 1 8 4 14 2 0 1
21510948 1547 1 1 1 0 2 1 0 0 0 0 1 0 0 3 1 9 0 14 7 3 1 7 3 0 2 2 0 0 0
21510950 1345 3 2 2 3 1 0 3 1 0 0 0 0 0 2 1 1 6 3 2 14 5 3 1 3 5 3 1 2 3 1 3
21510961 1318 4 3 1 3 3 1 0 2 1 0 0 0 0 1 0 3 1 2 14 4 2 4 1 1 0 2 3 1 0 2 5 3
21510969 1298 0 1 0 1 1 0 0 0 0 0 0 0 3 3 2 0 1 4 6 2 8 9 4 4 1 14 3 2
21510976 1204 1 2 1 0 3 1 0 0 0 0 0 1 0 6 1 5 3 10 5 5 14 3 2 5 3 0 0 0 1
21510977 1403 10 2 2 2 2 1 3 1 3 3 1 1 0 1 1 0 0 0 0 3 4 3 0 0 3 3 1 8 4 7 3 4 6 14 0 4 3 2
21510980 1425 11 3 3 3 2 1 2 1 2 1 1 2 1 0 3 1 0 0 0 0 4 4 3 3 5 2 0 3 3 4 1 2 14 1 1 0 0 0 2
21510996 1297 11 1 2 1 3 1 2 3 3 3 2 1 1 0 2 1 0 0 0 0 4 3 4 4 3 1 0 14 4 0 0 4 5 1 0 3 2 0 2
21510997 1239 4 3 3 3 2 1 0 2 1 0 0 0 0 0 1 3 0 1 1 3 2 3 4 7 5 3 14 3 0 4 5 1
21511007 1453 0 1 0 2 1 0 0 0 0 0 0 0 1 1 3 2 0 5 3 14 3 1 7 3 0 3 2 5
21511008 1645 11 2 2 3 2 3 1 2 1 1 3 3 1 0 1 1 0 0 0 0 3 4 4 4 7 2 3 8 6 5 3 14 4 4 0 1 7 3 0
21511011 1771 6 2 1 1 2 1 2 1 0 2 1 0 0 0 0 3 3 0 0 3 0 1 0 1 0 3 3 3 5 6 4 14 3 2
21511015 1559 8 2 1 2 3 3 2 2 3 1 0 1 1 0 0 0 0 1 4 3 3 1 4 3 3 1 14 1 4 7 2 3 0 0 4 0
21511016 1340 5 1 3 2 3 2 1 0 2 1 0 0 0 0 1 2 2 1 7 14 3 1 3 5 5 5 3 0 2 3 1 0 0
21511019 1425 4 1 2 2 3 1 0 1 1 0 0 0 0 1 2 1 3 2 3 4 0 2 5 4 0 1 6 5 0 1 3 14
21511030 1323 8 2 2 3 2 1 3 1 2 1 0 1 1 0 0 0 0 2 4 2 14 1 0 3 3 9 3 2 5 3 3 0 1 4 0 0
21511034 1532 11 2 3 3 1 1 2 3 1 2 1 2 1 0 3 1 0 0 0 0 4 4 3 2 4 3 0 14 4 1 0 6 2 0 3 0 1 0 0
21511040 1398 5 1 3 2 1 2 1 0 2 1 0 0 0 0 2 2 1 9 3 5 1 3 4 4 0 14 5 0 3 2 4 1 0
21511052 1529 3 1 1 1 1 0 2 1 0 0 0 0 3 0 0 2 6 5 6 5 7 1 3 10 14 4 4 2 3 2 0
21511058 1321 3 1 2 3 1 0 3 1 0 0 0 0 1 1 1 0 8 5 1 2 8 14 1 1 6 5 9 3 2 2 3
21511063 1475 1 2 1 0 1 1 0 0 0 0 0 1 0 2 0 0 1 2 4 1 7 1 2 5 8 3 5 14 3
21511066 1445 11 2 1 1 1 2 1 3 3 2 2 3 1 0 3 1 0 0 0 0 4 4 3 3 3 2 0 0 2 14 1 1 4 2 3 0 4 1 4
21511070 1551 8 2 2 1 3 1 3 2 1 1 0 1 1 0 0 0 0 3 3 2 2 3 6 5 3 1 5 14 3 6 8 3 0 0 2 3
21511072 1487 0 1 0 1 1 0 0 0 0 0 0 0 2 0 0 0 2 6 5 3 0 4 5 4 4 1 14 3
21511073 1610 9 2 2 2 3 1 1 3 3 1 1 0 3 1 0 0 0 0 3 3 3 0 1 6 2 2 1 5 3 0 4 3 14 0 0 3 4
