21510162 1306 3 2 2 1 1 0 1 1 0 0 0 0 1 2 0 1 2 0 1 7 3 4 3 2 0 1 5 2 14 5 3
21510170 1371 3 3 1 2 1 0 3 1 0 0 0 0 1 1 1 2 7 1 0 3 4 1 0 14 0 3 2 3 5 4 0
21510175 1485 2 2 1 1 0 2 1 0 0 0 0 1 1 0 3 6 3 1 14 0 3 2 4 7 3 1 4 3 0 0
21510180 1337 6 2 2 1 3 1 3 1 0 1 1 0 0 0 0 2 2 2 5 4 8 4 0 3 14 4 3 0 2 2 1 0 0 0
21510188 1358 4 3 2 3 1 1 0 1 1 0 0 0 0 1 1 2 0 3 2 1 0 8 0 3 0 4 4 2 4 3 14 8
21510190 1412 4 3 3 1 2 3 1 4 0.33333333333333331 5 0.33333333333333331 6 0.33333333333333331 1 1 2 0 4 2 0 1 6 3 0 3 6 3 1 14 7 2 0
21510191 1484 2 2 3 1 0 1 1 0 0 0 0 0 1 1 0 0 0 1 1 3 0 3 0 3 0 3 2 2 5 14
21510200 1444 8 2 3 3 2 1 1 2 3 1 0 3 1 0 0 0 0 2 3 3 14 2 7 1 1 2 6 5 3 9 3 1 1 2 0 0
21510201 1344 3 2 1 2 1 0 1 1 0 0 0 0 1 2 0 2 3 0 0 4 5 3 0 4 7 6 4 4 14 1 3
21510203 1295 0 1 0 3 1 0 0 0 0 0 0 0 2 3 1 3 4 7 4 3 0 1 14 4 0 4 8 2
21510205 1506 1 1 1 0 1 1 0 0 0 0 1 0 0 0 1 9 14 0 0 4 3 2 4 5 4 0 2 0 2
21510220 1451 1 3 1 0 2 1 0 0 0 0 0 0 1 4 1 2 0 1 5 0 0 3 14 1 0 0 5 3 2
21510225 1523 3 1 3 2 1 0 2 1 0 0 0 0 1 1 1 3 1 0 0 4 3 3 0 14 5 0 0 3 4 0 3
21510226 1589 8 3 1 1 3 3 1 2 2 1 0 2 1 0 0 0 0 3 2 3 0 2 3 1 0 0 5 14 2 2 3 1 1 0 7 3
21510229 1665 1 3 1 0 2 1 0 0 0 0 0 0 1 0 1 5 3 3 0 2 14 0 1 1 6 2 3 4 3
21510236 1354 6 3 3 3 1 1 2 1 0 1 1 0 0 0 0 2 1 3 6 0 0 3 1 3 5 2 9 7 6 3 2 6 14 2
21510242 1503 1 2 1 0 3 1 0 0 0 0 0 1 0 0 1 1 0 6 4 4 1 14 5 4 0 2 8 10 2
21510247 1572 8 1 3 1 3 2 2 1 3 1 0 3 1 0 0 0 0 3 2 3 3 2 0 0 4 2 0 1 3 14 2 0 1 1 4 2
21510248 1335 2 2 3 1 0 3 1 0 0 0 0 0 1 1 0 2 2 4 0 1 4 14 1 3 4 3 0 1 0 3
21510256 1497 0 1 0 2 1 0 0 0 0 0 0 0 3 1 1 0 5 4 4 3 14 2 2 0 0 3 1 0
21510260 1391 5 2 1 2 2 1 1 0 2 1 0 0 0 0 2 3 0 3 3 0 3 10 4 5 6 14 1 1 0 5 3 0 0
21510264 1407 8 1 3 2 3 1 2 2 3 1 0 1 1 0 0 0 0 2 3 3 9 1 8 2 2 6 2 3 9 14 5 3 1 4 1 3
21510265 1250 3 1 1 3 1 0 2 1 0 0 0 0 2 0 1 3 14 9 2 3 3 3 4 2 0 6 3 2 0 1 1
21510266 1704 3 2 3 3 1 0 2 1 0 0 0 0 0 1 2 2 3 3 0 4 14 3 10 5 1 7 5 1 5 1 0
21510270 1107 1 1 1 0 1 1 0 0 0 0 1 0 0 4 4 4 2 14 5 2 0 7 6 6 0 8 9 5 0
21510277 1246 4 3 1 3 2 1 0 2 1 0 0 0 0 1 1 2 0 8 3 0 3 14 2 0 3 4 3 1 3 1 4 0
21510280 1285 3 2 1 3 1 0 1 1 0 0 0 0 1 1 1 4 10 8 3 0 6 7 3 0 3 14 1 1 2 2 2
21510281 1291 4 2 2 3 2 1 0 1 1 0 0 0 0 0 3 1 1 14 3 6 7 5 4 4 0 5 6 1 0 0 1 2
