21510436 1235 10 3 2 1 2 1 3 1 2 1 2 1 0 3 1 0 0 0 0 4 4 2 0 0 2 0 3 1 4 3 3 3 14 3 2 5 4 1
21510439 1318 5 2 3 1 2 3 1 0 2 1 0 0 0 0 1 2 2 0 2 14 3 1 3 8 3 0 0 4 3 1 0 5 1
21510444 1200 10 1 2 3 1 1 2 3 2 1 3 1 0 3 1 0 0 0 0 4 3 3 0 2 2 0 9 7 0 0 3 5 6 1 4 4 14 9
21510447 1296 11 1 3 2 3 1 1 3 2 1 2 2 1 0 3 1 0 0 0 0 4 4 3 0 3 1 2 0 2 14 4 1 2 4 1 0 2 1 3
21510451 1576 8 3 2 2 3 1 2 3 3 1 0 1 1 0 0 0 0 1 3 4 0 2 4 4 0 4 1 4 0 4 5 14 1 7 3 3
21510456 1176 9 1 3 1 2 1 2 1 3 3 1 0 2 1 0 0 0 0 4 2 3 2 2 3 0 3 2 1 2 1 4 4 8 1 5 14 6
21510458 1093 4 3 2 1 3 1 0 2 1 0 0 0 0 1 1 2 1 4 0 2 0 3 4 3 3 6 14 5 0 3 3 1
21510461 1425 4 2 1 2 2 1 0 2 1 0 0 0 0 1 3 0 3 1 5 4 1 1 14 3 0 4 2 5 0 3 0 1
21510465 1517 9 2 3 3 3 1 3 1 2 2 1 0 1 1 0 0 0 0 2 3 4 0 0 0 2 0 0 4 3 0 5 3 3 1 3 9 14
21510472 1524 2 1 1 1 0 2 1 0 0 0 0 2 0 0 2 5 1 3 0 3 1 14 6 5 4 2 0 3 3 2
21510479 1460 2 2 3 1 0 3 1 0 0 0 0 0 1 1 1 0 0 3 0 14 1 2 5 3 3 3 1 2 2 1
21510483 1737 4 2 2 1 2 1 0 3 1 0 0 0 0 1 3 0 3 14 1 5 1 2 6 3 3 1 2 0 0 1 3 0
21510484 1420 5 2 2 1 1 2 1 0 3 1 0 0 0 0 2 3 0 1 3 3 14 0 9 8 4 0 0 8 4 0 0 3 3
21510486 1401 3 3 2 3 1 0 2 1 0 0 0 0 0 1 2 3 5 2 2 4 14 1 1 1 1 7 6 3 10 6 0
21510488 1345 11 1 2 1 1 3 3 3 2 2 1 2 1 0 3 1 0 0 0 0 4 4 3 2 2 8 14 0 3 3 4 8 4 5 6 0 0 1 1
21510493 1310 0 1 0 3 1 0 0 0 0 0 0 0 3 3 5 2 0 0 5 14 1 0 1 3 2 0 0 0
21510495 1354 7 3 3 3 2 1 2 3 1 0 2 1 0 0 0 0 1 2 4 3 2 5 2 1 0 4 14 1 1 3 1 0 2 0 1
21510496 1387 10 2 2 1 3 1 3 1 2 2 3 1 0 1 1 0 0 0 0 3 4 3 3 2 5 0 4 6 1 3 14 6 0 0 5 0 3 3
21510507 1368 10 1 3 2 3 3 2 1 2 2 1 1 0 1 1 0 0 0 0 3 4 3 0 2 3 3 0 5 4 1 7 6 3 4 3 3 14 3
21510510 1492 5 1 3 3 1 3 1 0 1 1 0 0 0 0 2 0 3 3 2 3 3 1 14 5 2 4 3 2 4 2 0 0 3
21510516 1377 7 1 2 3 1 3 3 3 1 0 1 1 0 0 0 0 2 1 4 2 0 0 1 6 2 4 0 14 8 2 0 3 4 3 4
21510524 1495 11 3 1 3 2 1 1 1 3 3 2 2 1 0 2 1 0 0 0 0 4 3 4 0 4 1 3 0 3 1 3 0 14 2 2 7 0 4 3
21510528 1349 2 3 1 1 0 1 1 0 0 0 0 1 0 1 3 5 14 1 2 1 2 1 0 4 5 3 0 2 2 2
21510529 1356 5 2 1 3 1 3 1 0 2 1 0 0 0 0 2 1 2 3 3 7 1 3 4 14 6 0 2 4 4 0 0 3 3
21510533 1376 2 1 2 3 1 9 0.33333333333333331 10 0.33333333333333331 11 0.33333333333333331 1 1 0 2 4 7 3 1 10 4 3 14 2 0 0 4 0 1 3
21510534 1359 8 2 3 1 3 3 1 1 2 1 0 2 1 0 0 0 0 3 2 3 1 0 0 0 0 3 0 0 3 4 4 2 1 14 4 2
21510539 1404 10 1 3 1 2 3 3 2 2 1 1 1 0 2 1 0 0 0 0 4 3 3 0 0 3 7 3 7 2 1 1 4 14 3 3 3 4 2
21510541 1516 11 2 2 3 1 1 3 1 2 2 3 1 1 0 3 1 0 0 0 0 4 4 3 3 3 0 2 4 1 4 3 3 7 14 4 2 1 8 5
21510554 1449 2 3 1 1 0 2 1 0 0 0 0 1 0 1 2 7 1 0 8 6 3 5 3 8 3 4 2 3 14 1
21510561 1532 3 1 1 3 1 0 1 1 0 0 0 0 2 0 1 2 3 0 2 3 7 8 2 8 5 5 6 0 4 14 4
21510567 1264 0 1 0 1 1 0 0 0 0 0 0 0 4 7 14 3 0 2 5 3 3 8 1 2 0 0 3 0
21510568 1523 6 2 3 1 1 2 1 1 0 3 1 0 0 0 0 3 2 1 14 6 2 0 4 3 2 0 3 3 0 1 3 0 0 0
