21510001 1056 9 1 2 2 1 1 3 3 2 3 1 0 1 1 0 0 0 0 3 3 3 1 2 0 2 1 4 3 2 3 2 13 0 3 4 3 1
21510002 879 10 1 3 2 1 2 3 2 1 3 3 1 0 1 1 0 0 0 0 3 3 4 0 3 1 4 2 2 4 3 1 4 6 13 0 3 3 2
21510003 905 1 3 1 0 3 1 0 0 0 0 0 0 1 2 7 1 4 4 1 13 3 2 3 3 0 1 2 0 0
21510005 941 3 2 2 3 1 0 3 1 0 0 0 0 0 2 1 0 3 0 0 1 3 0 1 4 3 1 0 13 2 5 0
21510006 914 1 2 1 0 1 1 0 0 0 0 0 1 0 3 0 4 8 4 2 3 3 3 13 1 4 2 3 5 1
21510007 908 11 2 1 2 1 3 3 1 2 2 3 1 1 0 3 1 0 0 0 0 4 4 3 0 3 3 3 3 3 13 5 2 2 3 4 0 0 1 1
21510009 999 2 2 3 1 0 3 1 0 0 0 0 0 1 1 0 0 2 1 0 5 3 6 0 1 5 8 3 3 3 13
21510010 904 2 1 3 3 1 8 0.33333333333333331 9 0.33333333333333331 10 0.33333333333333331 1 0 1 2 3 3 2 0 13 5 3 1 3 2 6 1 0 0 0
21510012 917 1 3 1 0 2 1 0 0 0 0 0 0 1 0 1 4 6 2 3 4 1 0 1 3 13 2 0 9 0
21510013 996 2 2 2 1 0 2 1 0 0 0 0 0 2 0 13 5 1 3 8 3 4 1 0 1 3 0 1 3 2 0
21510015 1004 6 3 1 3 1 2 3 1 0 2 1 0 0 0 0 2 1 3 13 5 4 0 6 3 3 0 7 3 1 0 0 2 0 3
21510018 749 7 3 1 1 2 3 3 1 1 0 2 1 0 0 0 0 3 1 3 2 6 3 2 1 13 4 2 0 0 3 0 0 0 1 0
21510019 860 4 1 1 3 2 1 0 3 1 0 0 0 0 2 1 1 0 3 0 5 0 0 3 3 0 2 5 4 3 13 4 5
21510020 909 6 1 3 1 1 3 3 1 0 2 1 0 0 0 0 3 0 3 0 13 3 6 2 6 3 2 0 4 1 2 0 0 0 3
21510021 922 8 1 3 1 3 1 2 2 2 1 0 1 1 0 0 0 0 3 3 2 13 3 3 4 7 6 8 0 6 3 0 2 0 4 3 0
21510022 977 6 2 1 2 3 3 2 1 0 3 1 0 0 0 0 1 3 2 0 0 0 2 1 1 3 1 4 3 6 0 13 3 4 0
21510023 1030 2 3 3 1 0 1 1 0 0 0 0 0 0 2 0 6 2 0 13 3 3 2 8 5 4 1 2 3 1 0
21510024 1039 1 1 1 0 3 1 0 0 0 0 1 0 0 1 0 3 4 0 4 5 4 0 2 1 13 2 8 3 2
21510026 1010 7 3 2 3 2 1 2 3 1 0 1 1 0 0 0 0 1 3 3 0 4 7 13 0 7 4 4 1 3 5 2 0 3 3 1
21510028 722 10 3 2 1 1 2 3 3 1 2 2 1 0 1 1 0 0 0 0 3 4 3 5 3 4 2 1 3 3 0 4 7 13 3 0 5 0 0
21510029 839 8 3 1 3 3 2 2 3 2 1 0 1 1 0 0 0 0 1 3 4 1 1 3 13 0 5 7 5 0 2 4 4 0 0 1 2
21510030 910 10 3 2 2 1 2 2 1 1 3 3 1 0 1 1 0 0 0 0 3 4 3 3 6 13 3 0 1 6 1 2 4 2 4 0 0 0 3
21510031 957 0 1 0 1 1 0 0 0 0 0 0 0 1 2 0 0 4 2 2 0 3 3 5 0 13 1 5 3
21510032 796 2 2 1 1 0 3 1 0 0 0 0 1 1 0 0 0 0 3 0 3 0 2 2 4 13 1 5 1 4 4
21510033 933 7 1 3 1 3 1 2 3 1 0 3 1 0 0 0 0 3 1 3 0 2 0 4 0 1 2 1 0 13 4 3 7 5 2 2
21510034 916 10 1 2 1 2 3 3 1 3 1 2 3 1 7 0.33333333333333331 8 0.33333333333333331 9 0.33333333333333331 4 3 3 0 2 0 0 0 13 1 3 0 5 4 3 3 3 0 2
21510035 968 2 2 1 1 0 3 1 0 0 0 0 1 1 0 3 2 2 1 2 13 0 0 1 5 7 0 1 5 0 0
21510036 816 4 1 3 1 3 1 0 2 1 0 0 0 0 2 0 2 0 0 0 1 2 2 2 3 5 1 0 0 13 5 5 3
21510040 847 8 2 2 3 3 1 1 2 1 1 0 1 1 0 0 0 0 3 3 2 0 1 0 3 13 4 4 0 3 1 3 2 2 3 0 2
21510041 764 10 3 3 2 1 2 2 1 3 2 1 1 0 3 1 0 0 0 0 3 4 3 13 2 5 1 1 3 3 0 3 4 7 3 1 4 2 0
21510042 844 3 1 2 3 1 0 1 1 0 0 0 0 1 1 1 2 1 0 0 3 6 1 0 3 5 7 4 3 2 13 2
21510043 962 5 3 2 1 1 1 1 0 3 1 0 0 0 0 3 1 1 0 3 3 13 0 4 6 4 0 2 3 3 3 0 2 4
21510044 890 7 3 1 3 2 1 1 2 1 0 3 1 0 0 0 0 3 2 2 3 7 13 1 2 5 4 4 0 3 3 6 0 0 0 2
21510045 903 2 1 2 1 0 3 1 0 0 0 0 1 1 0 0 1 2 3 0 1 0 2 0 5 3 2 5 1 13 3
21510047 886 8 3 1 1 2 1 2 2 2 1 0 3 1 0 0 0 0 3 4 1 3 1 4 13 0 0 8 8 0 3 6 3 0 0 3 0
21510048 980 11 1 2 3 1 2 2 3 3 2 1 1 1 0 3 1 0 0 0 0 4 4 3 0 0 1 0 1 3 2 3 2 8 5 3 6 13 4 3
21510049 915 2 2 2 1 0 2 1 0 0 0 0 0 2 0 0 0 0 3 3 1 6 3 0 1 5 8 1 4 5 13
21510050 877 0 1 0 3 1 0 0 0 0 0 0 0 4 13 5 1 3 4 4 7 1 2 6 2 3 0 0 3
21510051 889 3 1 3 1 1 0 3 1 0 0 0 0 2 0 1 0 13 2 2 3 7 3 2 0 3 5 1 3 2 1 5
21510052 838 11 3 3 3 2 2 1 2 1 3 2 1 1 0 1 1 0 0 0 0 3 4 4 13 3 2 1 4 6 3 4 3 1 6 3 2 0 0 0
21510054 911 3 1 2 1 3 1 8 0.33333333333333331 9 0.33333333333333331 10 0.33333333333333331 2 1 0 2 4 3 0 13 8 7 1 5 5 2 0 3 3 0 0
21510055 905 9 1 2 3 2 1 2 2 1 1 1 0 3 1 0 0 0 0 4 4 1 0 3 1 2 2 4 3 13 3 0 5 4 0 0 1 3
21510056 909 2 2 2 1 0 1 1 0 0 0 0 0 2 0 13 4 2 3 4 1 8 5 3 1 4 1 0 2 0 0
21510058 960 5 3 3 2 2 2 1 0 1 1 0 0 0 0 0 3 2 1 4 0 0 3 4 4 0 3 5 6 1 5 7 13 3
21510061 996 10 2 3 1 2 1 3 3 2 2 1 1 0 1 1 0 0 0 0 3 4 3 13 6 5 0 3 4 5 4 4 1 0 3 7 0 2 0
21510062 859 10 3 3 1 2 2 1 3 2 1 1 1 0 2 1 0 0 0 0 4 3 3 0 3 0 3 3 4 7 7 5 4 4 3 2 6 13 1
21510063 896 1 2 1 0 2 1 0 0 0 0 0 1 0 0 0 1 2 0 5 7 2 3 3 3 13 1 1 3 1
21510064 814 6 1 2 1 2 1 2 3 1 5 0.33333333333333331 6 0.33333333333333331 7 0.33333333333333331 3 3 0 13 5 4 1 5 4 0 0 4 2 0 0 4 0 0 0
21510067 772 0 1 0 1 1 0 0 0 0 0 0 0 0 3 4 13 0 3 6 8 0 0 2 5 1 0 0 2
21510070 935 5 1 3 2 3 1 1 0 1 1 0 0 0 0 2 1 2 0 0 8 0 9 3 3 0 5 3 13 0 3 2 3 2
21510071 769 3 1 3 3 1 0 2 1 0 0 0 0 1 0 2 0 1 0 4 2 4 1 2 3 2 5 5 0 1 13 3
21510072 930 10 3 1 3 2 2 1 3 2 3 2 1 0 1 1 0 0 0 0 2 4 4 13 7 6 0 3 6 4 2 3 6 3 1 8 7 1 0
21510073 914 7 3 1 3 2 2 2 1 1 0 1 1 0 0 0 0 2 3 2 0 0 2 0 5 5 0 0 8 6 3 1 13 4 3 0
21510075 894 10 3 3 2 1 3 3 2 2 1 1 1 0 2 1 0 0 0 0 3 3 4 0 0 0 2 0 2 13 3 1 5 4 1 1 0 3 4
21510078 836 10 1 3 3 2 1 1 1 3 3 2 1 0 2 1 0 0 0 0 4 2 4 3 3 0 0 3 2 4 3 4 13 1 2 3 6 5 0
21510079 907 3 3 2 1 1 0 3 1 0 0 0 0 1 1 1 2 1 4 1 3 4 13 0 4 3 0 0 1 2 2 0
21510082 960 8 1 1 2 3 3 2 3 3 1 0 1 1 0 0 0 0 2 2 4 2 3 0 0 0 2 5 2 1 7 3 3 5 1 8 13
21510083 879 0 1 0 1 1 0 0 0 0 0 0 0 3 0 3 0 1 3 1 2 13 3 5 0 2 5 2 3
21510085 1057 2 1 3 1 0 1 1 0 0 0 0 1 0 1 2 6 2 0 4 3 3 0 3 5 6 3 13 1 4 2
21510088 952 8 2 3 3 1 1 2 3 3 1 0 2 1 0 0 0 0 2 2 4 0 1 0 0 3 3 0 0 5 5 2 0 13 6 4 1
21510091 889 5 3 2 2 1 1 1 0 1 1 0 0 0 0 2 2 1 0 6 1 4 2 1 5 2 0 13 4 3 0 3 4 2
21510093 966 6 2 3 1 1 1 2 3 1 7 0.33333333333333331 8 0.33333333333333331 9 0.33333333333333331 3 2 1 4 2 6 13 3 9 4 3 0 3 6 7 0 0 1 2
21510096 898 2 2 2 1 0 1 1 0 0 0 0 0 2 0 1 0 0 0 3 13 4 0 3 5 4 1 3 6 4 2
21510097 929 8 3 2 3 1 3 2 3 1 1 0 1 1 0 0 0 0 2 2 4 3 3 3 5 2 5 3 3 0 3 7 13 0 2 1 0
21510098 817 0 1 0 1 1 0 0 0 0 0 0 0 0 2 3 3 3 4 13 1 1 2 5 3 2 3 0 0
21510099 914 3 1 3 3 1 0 2 1 0 0 0 0 1 0 2 4 1 4 2 0 3 3 13 0 2 8 6 1 0 0 3
21510100 967 0 1 0 1 1 0 0 0 0 0 0 0 0 3 3 4 3 7 13 5 3 4 3 6 2 0 0 4
21510101 869 1 1 1 0 2 1 0 0 0 0 1 0 0 0 0 0 2 3 1 6 2 4 5 3 1 6 13 3 7
21510102 863 6 2 1 1 3 1 2 1 0 3 1 0 0 0 0 3 2 1 3 4 1 0 1 7 6 5 3 2 4 3 2 2 13 0
21510103 976 0 1 0 3 1 0 0 0 0 0 0 0 1 4 3 13 2 6 3 3 0 3 4 3 0 0 0 3
21510104 859 11 2 2 1 1 2 1 3 3 3 1 3 1 0 2 1 0 0 0 0 4 3 4 3 13 4 2 6 4 5 0 3 4 8 1 0 0 3 0
21510105 865 9 1 2 3 2 1 2 3 1 2 1 0 3 1 0 0 0 0 3 4 2 0 3 0 1 7 2 3 0 8 7 3 1 13 3 0 0
21510106 936 10 2 2 3 3 1 2 2 3 3 1 1 0 1 1 0 0 0 0 2 4 4 0 0 2 1 0 0 2 3 0 4 5 4 1 13 3 1
21510107 838 0 1 0 1 1 0 0 0 0 0 0 0 0 2 0 0 0 2 7 6 1 2 0 13 0 0 3 1
21510109 927 7 1 3 2 1 3 1 3 1 0 3 1 0 0 0 0 3 1 3 2 3 2 3 0 5 3 5 0 3 1 13 0 2 0 0
21510110 899 2 1 1 1 0 2 1 0 0 0 0 2 0 0 2 3 6 2 1 4 3 13 0 5 3 3 0 0 0 3
21510111 924 8 1 3 3 3 2 3 2 2 1 0 2 1 0 0 0 0 1 3 4 1 5 3 0 3 4 1 4 13 3 2 1 0 0 1 0
21510112 1009 5 3 2 3 1 3 1 0 2 1 0 0 0 0 1 1 3 3 0 2 1 2 4 3 2 0 13 3 1 1 1 4 3
21510113 965 8 2 1 3 1 2 2 1 3 3 1 8 0.33333333333333331 9 0.33333333333333331 10 0.33333333333333331 3 3 2 13 2 4 1 3 6 4 2 1 3 0 0 0 0 3 0
21510117 854 2 3 3 1 0 1 1 0 0 0 0 0 0 2 0 0 3 0 13 4 3 2 5 4 1 1 2 2 3 0
21510118 816 0 1 0 3 1 0 0 0 0 0 0 0 0 4 0 2 1 3 1 0 1 5 3 3 13 2 2 3
21510119 953 8 3 2 2 1 3 1 2 1 1 0 2 1 0 0 0 0 3 3 2 13 3 1 4 2 5 4 0 4 3 0 0 0 1 3 0
21510123 964 8 1 2 2 3 3 3 2 1 1 0 1 1 0 0 0 0 2 3 3 0 3 2 2 0 7 4 3 0 0 3 1 1 3 4 13
21510126 898 8 2 2 3 1 3 1 1 2 1 0 1 1 0 0 0 0 3 3 2 0 3 0 3 13 7 2 2 1 6 4 3 3 3 3 3
21510127 760 6 2 3 1 1 3 1 1 0 2 1 0 0 0 0 3 1 2 3 0 3 3 6 3 1 0 5 2 0 0 13 8 2 0
21510128 982 2 2 3 1 0 1 1 0 0 0 0 0 1 1 0 0 2 0 0 2 3 13 3 1 5 3 1 3 4 6
21510129 948 11 3 3 3 2 2 1 1 3 1 2 1 1 0 2 1 0 0 0 0 4 3 4 3 3 4 13 3 4 3 8 0 0 4 3 0 3 5 7
21510130 888 6 2 1 1 1 3 3 1 0 3 1 0 0 0 0 3 1 2 3 4 13 7 4 3 2 2 1 5 0 0 4 2 3 0
21510131 948 11 1 2 3 2 3 2 1 3 1 3 1 1 0 2 1 0 0 0 0 4 3 4 0 2 3 0 1 2 3 3 0 5 13 5 4 3 5 1
21510133 773 2 1 3 1 0 2 1 0 0 0 0 1 0 1 1 4 3 13 2 4 1 4 0 7 3 2 0 1 3 2
21510134 976 2 3 2 1 0 3 1 0 0 0 0 0 1 1 2 3 5 13 8 1 4 3 0 1 5 3 0 0 1 2
21510136 854 6 1 2 1 2 3 1 1 0 3 1 0 0 0 0 3 2 1 2 2 0 0 1 3 5 6 3 3 3 3 3 4 13 0
21510137 845 7 1 3 2 2 2 3 1 1 0 3 1 0 0 0 0 2 3 2 3 6 7 13 3 5 4 3 0 2 0 1 0 0 0 1
21510138 941 1 1 1 0 2 1 0 0 0 0 1 0 0 0 0 4 1 13 2 2 1 9 5 3 0 3 3 4 0
21510139 814 0 1 0 1 1 0 0 0 0 0 0 0 0 1 1 13 3 1 8 3 0 5 4 5 2 2 2 2
21510145 962 11 1 2 1 1 2 2 2 3 3 1 3 1 0 3 1 0 0 0 0 4 4 3 1 0 4 13 2 5 4 1 3 2 7 4 0 1 0 2
21510146 880 2 2 1 1 0 3 1 0 0 0 0 1 1 0 3 13 2 2 5 6 4 3 0 2 1 3 0 0 1 1
21510147 943 9 1 2 1 3 1 3 3 1 2 1 0 2 1 0 0 0 0 4 2 3 2 4 13 5 3 2 1 4 0 4 6 4 0 0 0 3
21510148 804 5 3 3 1 2 2 1 0 3 1 0 0 0 0 1 2 2 1 1 2 3 5 7 5 4 0 2 4 1 0 3 3 13
21510149 897 7 1 3 2 2 3 2 3 1 0 1 1 0 0 0 0 1 3 3 0 0 0 2 0 0 1 1 0 2 7 3 1 3 6 13
21510150 1012 7 2 1 3 2 3 3 3 1 0 1 1 0 0 0 0 1 2 4 4 13 0 0 3 2 8 2 5 4 1 2 1 1 6 0
21510152 957 3 2 3 1 1 0 2 1 0 0 0 0 1 1 1 1 3 1 13 2 6 5 2 3 1 4 6 2 0 1 0
21510153 947 0 3 1 5 0.33333333333333331 6 0.33333333333333331 7 0.33333333333333331 0 0 0 0 0 3 13 0 2 6 5 1 2 4 1 0 0 0 3
21510155 872 7 2 3 3 3 2 1 1 1 0 2 1 0 0 0 0 2 2 3 0 1 0 0 3 4 13 2 3 5 1 4 7 5 1 2
21510157 773 5 1 1 3 2 2 1 0 3 1 0 0 0 0 2 2 1 0 4 6 5 0 3 13 4 3 0 0 3 3 0 0 0
21510159 913 3 3 1 1 1 0 2 1 0 0 0 0 2 0 1 13 0 3 0 3 6 3 2 2 5 4 1 3 3 3 0
21510161 917 4 2 1 2 3 1 0 2 1 0 0 0 0 1 2 1 3 1 5 1 13 3 0 0 5 0 2 1 3 5 0 0
21510162 797 1 2 1 0 3 1 0 0 0 0 0 1 0 13 3 4 3 4 7 5 1 4 3 0 0 3 0 0 0
21510163 981 10 1 3 2 1 3 3 1 3 1 2 3 1 6 0.33333333333333331 7 0.33333333333333331 8 0.33333333333333331 4 2 4 0 7 5 2 3 1 3 0 13 1 2 2 3 1 2 2
21510164 998 5 3 1 2 3 3 1 0 1 1 0 0 0 0 1 1 3 0 3 1 0 3 2 1 2 2 2 6 5 1 5 13 0
21510165 943 4 1 3 1 1 1 0 3 1 0 0 0 0 3 0 1 2 2 3 1 2 13 4 7 3 0 3 2 0 1 2 9
21510166 921 10 1 1 3 3 2 2 1 1 2 2 1 0 3 1 0 0 0 0 4 4 2 3 4 2 1 0 5 4 3 3 6 7 1 0 2 8 13
21510168 968 11 1 1 3 3 1 2 3 1 2 3 2 1 0 2 1 0 0 0 0 4 3 4 3 2 0 0 0 5 4 1 3 4 7 1 0 13 4 2
21510169 929 11 2 3 2 3 1 1 2 1 1 3 2 1 0 3 1 0 0 0 0 4 4 3 1 3 4 13 0 3 6 3 0 0 3 3 0 2 0 0
21510170 921 11 3 1 1 2 3 1 2 1 2 3 2 1 0 3 1 0 0 0 0 4 4 3 2 3 0 5 0 0 3 4 3 1 8 3 0 4 3 13
21510171 848 7 1 3 1 3 1 3 2 1 0 2 1 0 0 0 0 3 1 3 2 0 6 0 2 0 5 3 0 5 3 4 1 3 8 13
21510172 890 9 1 3 1 1 1 2 3 3 2 3 1 7 0.33333333333333331 8 0.33333333333333331 9 0.33333333333333331 4 2 3 3 0 3 0 4 4 8 2 2 13 3 1 2 2 1 0
21510173 1022 6 3 1 1 1 3 3 3 1 5 0.33333333333333331 6 0.33333333333333331 7 0.33333333333333331 3 0 3 0 2 5 13 0 3 4 5 3 0 3 3 0 0 2 2
21510175 903 10 1 3 2 1 3 1 3 2 2 1 1 0 2 1 0 0 0 0 4 3 3 0 3 0 0 0 0 3 13 0 3 5 4 3 0 2 1
21510177 706 6 2 2 3 1 1 2 1 0 2 1 0 0 0 0 2 3 1 0 5 8 7 0 9 3 1 1 3 4 13 0 0 3 0
21510178 1032 5 3 2 1 2 1 1 0 2 1 0 0 0 0 2 2 1 13 3 1 3 5 5 1 2 5 3 3 0 0 0 3 0
21510179 891 9 1 3 3 3 2 1 1 1 2 1 0 2 1 0 0 0 0 4 2 3 0 0 0 2 1 4 4 3 5 6 2 1 3 2 3 13
21510180 889 1 2 1 0 1 1 0 0 0 0 0 1 0 4 13 3 0 4 3 2 1 5 0 5 0 2 1 3 0
21510182 908 9 1 1 2 2 3 1 3 1 2 1 0 3 1 0 0 0 0 4 3 2 2 5 0 0 1 6 1 3 0 1 13 2 4 2 2 3
21510184 865 4 2 1 3 1 1 0 3 1 0 0 0 0 2 1 1 0 0 0 2 0 2 3 3 1 13 3 0 3 3 4 5
21510185 906 0 1 0 3 1 0 0 0 0 0 0 0 2 0 1 0 0 0 4 4 0 3 5 7 3 3 3 13
21510186 986 10 3 2 1 1 1 2 3 2 1 3 1 0 3 1 0 0 0 0 4 3 3 0 0 2 0 0 1 13 3 3 1 5 3 2 2 4 3
21510187 941 6 1 3 3 2 1 3 1 0 2 1 0 0 0 0 2 1 3 0 0 2 0 4 3 2 0 6 4 5 8 13 1 4 1
21510188 885 0 1 0 1 1 0 0 0 0 0 0 0 13 3 3 0 2 7 5 1 2 4 4 2 1 3 0 0
21510190 797 3 2 3 1 3 1 4 0.33333333333333331 5 0.33333333333333331 6 0.33333333333333331 1 1 1 0 13 3 1 0 2 5 3 1 2 8 4 0 1 3 2
21510191 904 0 1 0 3 1 0 0 0 0 0 0 0 1 0 3 6 0 7 13 6 3 2 4 2 0 0 3 1
21510192 806 2 3 1 1 0 2 1 0 0 0 0 1 0 1 0 1 0 2 0 1 4 3 2 4 6 8 3 3 13 3
21510195 769 5 1 2 1 3 2 1 0 1 1 0 0 0 0 2 2 1 2 4 3 3 4 6 13 4 3 3 3 6 0 0 3 0
21510196 1045 8 3 1 3 3 3 1 1 2 1 0 2 1 0 0 0 0 3 1 4 13 6 5 2 1 2 8 2 3 4 5 1 2 1 3 0
21510197 964 2 2 1 1 0 1 1 0 0 0 0 1 1 0 0 2 0 0 1 5 2 3 3 3 4 13 0 4 3 3
21510200 858 11 1 3 1 3 2 1 2 2 1 3 3 1 0 2 1 0 0 0 0 4 3 4 1 3 0 1 3 5 2 2 13 4 3 0 3 0 0 0
21510201 878 2 2 3 1 0 2 1 0 0 0 0 0 1 1 1 5 13 4 1 3 6 3 0 5 0 2 0 3 3 1
21510202 819 7 2 2 1 3 3 1 3 1 0 2 1 0 0 0 0 2 2 3 0 0 4 3 1 5 4 2 0 13 6 1 2 0 1 3
21510203 791 2 1 2 1 0 3 1 0 0 0 0 1 1 0 0 4 3 4 2 0 5 3 0 1 13 5 0 2 0 1
21510204 969 6 3 1 1 3 3 2 1 0 1 1 0 0 0 0 2 1 3 0 13 3 2 0 3 4 1 0 2 2 4 1 0 0 2
21510205 928 2 1 1 1 0 2 1 0 0 0 0 2 0 0 13 6 1 2 4 7 3 0 1 4 6 0 2 3 2 0
21510206 897 4 2 1 3 1 1 0 3 1 0 0 0 0 2 1 1 2 5 13 2 3 3 3 0 3 1 2 0 0 0 1 0
21510207 945 2 3 3 1 0 1 1 0 0 0 0 0 0 2 13 2 1 2 2 4 5 1 4 0 1 0 2 0 0 0
21510209 863 0 1 0 3 1 0 0 0 0 0 0 0 0 1 4 0 3 5 6 2 3 3 3 3 3 13 6 4
21510210 798 2 2 1 1 0 1 1 0 0 0 0 1 1 0 3 2 5 3 1 4 7 8 2 1 2 13 0 0 3 3
21510211 828 11 3 3 1 3 2 2 2 2 1 1 1 1 0 3 1 0 0 0 0 4 4 3 3 0 0 3 0 3 4 1 0 0 4 2 0 6 8 13
21510212 914 4 1 2 1 2 1 0 2 1 0 0 0 0 2 2 0 13 2 0 0 5 3 4 1 5 0 3 0 3 0 1 3
21510214 981 0 1 0 1 1 0 0 0 0 0 0 0 3 0 3 0 4 8 1 3 6 4 0 0 13 3 2 2
21510215 866 6 3 3 2 1 3 2 1 0 3 1 0 0 0 0 1 2 3 2 8 13 3 0 5 3 5 1 3 0 0 1 0 0 0
21510216 868 4 2 3 1 1 1 0 2 1 0 0 0 0 2 1 1 1 0 2 1 0 4 7 1 0 3 2 13 3 4 2 4
21510218 929 3 1 3 2 1 0 2 1 0 0 0 0 1 1 1 3 2 0 1 0 0 1 4 0 0 13 6 0 4 4 3
21510220 889 1 3 1 0 2 1 0 0 0 0 0 0 1 3 13 7 5 9 5 5 3 3 0 2 1 0 1 0 0
21510221 968 1 1 1 0 2 1 0 0 0 0 1 0 0 2 3 0 1 4 4 0 0 6 1 3 0 13 3 2 0
21510222 904 5 2 1 3 1 1 1 0 1 1 0 0 0 0 3 1 1 2 0 0 3 0 5 7 2 5 7 13 3 3 8 5 2
21510223 983 3 1 1 3 1 0 1 1 0 0 0 0 2 0 1 4 2 3 4 2 2 13 7 0 3 6 2 1 4 5 3
21510224 892 4 1 1 2 2 1 0 1 1 0 0 0 0 2 2 0 1 2 0 0 0 2 5 4 0 3 2 4 0 7 13 1
21510225 978 8 2 3 1 2 3 3 2 1 1 0 3 1 0 0 0 0 2 3 3 2 3 1 3 6 5 4 13 1 0 2 3 0 0 1 0
21510226 986 4 2 1 3 1 1 0 2 1 0 0 0 0 2 1 1 0 4 4 13 3 6 5 7 3 4 3 4 3 1 0 2
21510227 954 1 3 1 0 3 1 0 0 0 0 0 0 1 1 5 2 0 6 7 4 2 4 7 2 1 13 1 3 0
21510229 910 0 1 0 3 1 0 0 0 0 0 0 0 0 2 6 0 0 1 4 13 6 1 6 4 0 3 2 5
21510230 935 5 2 1 2 3 1 1 0 1 1 0 0 0 0 2 2 1 0 3 13 2 0 2 4 1 1 4 6 3 0 3 2 3
21510231 946 6 3 2 2 3 3 2 3 1 7 0.33333333333333331 8 0.33333333333333331 9 0.33333333333333331 0 3 3 2 13 1 3 1 8 6 2 1 4 8 1 0 1 0 3
21510232 693 6 2 2 2 1 3 3 1 0 3 1 0 0 0 0 1 3 2 3 13 7 4 0 4 5 4 0 1 7 2 0 1 1 0
21510234 758 9 1 3 2 1 2 3 2 3 1 1 0 1 1 0 0 0 0 3 3 3 2 5 2 3 7 3 4 8 13 7 6 0 0 6 1 0
21510235 1062 9 3 2 1 1 2 2 1 3 1 1 0 3 1 0 0 0 0 4 3 2 7 5 4 13 1 2 3 3 0 0 3 3 0 0 2 0
21510236 822 10 1 3 2 3 2 1 1 2 3 3 1 0 2 1 0 0 0 0 3 3 4 3 13 4 5 1 2 4 2 4 0 3 0 1 1 0 0
21510237 994 6 3 2 1 1 3 2 3 1 7 0.33333333333333331 8 0.33333333333333331 9 0.33333333333333331 2 2 2 4 3 13 3 4 5 3 0 2 4 0 0 0 0 0 1
21510238 901 1 1 1 0 3 1 0 0 0 0 1 0 0 0 4 0 3 1 8 6 13 3 2 4 6 0 3 2 5
21510239 857 1 2 1 0 2 1 0 0 0 0 0 1 0 13 3 1 4 1 5 5 3 1 2 7 0 1 0 2 0
21510240 1122 9 1 3 2 2 3 2 1 3 3 1 0 1 1 0 0 0 0 2 3 4 0 0 0 1 2 3 2 0 6 6 4 1 13 7 6 7
21510241 1013 7 1 2 3 1 2 2 3 1 0 2 1 0 0 0 0 2 3 2 0 0 2 1 13 2 3 3 1 5 5 7 1 3 1 3
21510242 971 7 2 1 1 3 1 2 1 1 0 2 1 0 0 0 0 4 2 1 0 6 4 3 2 3 13 4 0 0 0 4 0 0 0 3
21510243 858 11 1 2 1 3 2 3 3 1 2 2 3 1 0 1 1 0 0 0 0 3 4 4 0 0 0 1 2 5 3 2 3 6 4 0 13 4 1 0
21510244 870 6 1 3 3 2 2 3 1 0 1 1 0 0 0 0 1 2 3 3 3 2 0 1 13 6 0 3 2 4 3 1 5 0 3
21510246 926 11 3 2 2 1 3 2 3 2 3 1 1 1 0 1 1 0 0 0 0 3 4 4 0 0 3 2 1 6 7 13 3 4 5 8 2 1 3 3
21510247 972 4 3 2 1 2 1 0 1 1 0 0 0 0 1 2 1 3 4 2 3 2 3 4 1 13 3 1 0 0 0 6 3
21510248 871 7 2 3 2 3 2 1 1 1 0 3 1 0 0 0 0 2 3 2 13 4 2 0 5 5 7 0 1 1 2 3 1 3 0 0
21510249 979 2 2 1 1 0 3 1 0 0 0 0 1 1 0 0 3 5 2 0 2 5 3 8 1 1 7 1 2 3 13
21510252 974 7 2 1 1 3 1 2 2 1 0 3 1 0 0 0 0 3 3 1 1 2 4 3 0 4 3 8 0 13 4 7 2 0 1 3
21510253 846 5 2 3 1 1 3 1 0 1 1 0 0 0 0 2 1 2 3 2 0 0 3 4 4 2 13 3 4 1 3 2 3 3
21510254 976 7 2 3 1 3 1 1 2 1 0 2 1 0 0 0 0 3 2 2 3 0 3 0 1 1 2 2 13 4 6 0 3 4 3 3
21510255 897 10 2 3 3 2 1 2 1 1 3 2 1 0 3 1 0 0 0 0 3 4 3 13 3 2 3 2 7 1 0 1 8 4 3 0 3 1 0
21510256 969 9 2 3 3 3 3 2 1 2 1 1 0 1 1 0 0 0 0 2 3 4 0 1 0 0 2 5 3 2 6 4 1 2 13 1 3 0
21510257 915 10 2 1 2 2 1 2 3 3 3 3 1 0 1 1 0 0 0 0 2 4 4 1 0 2 3 0 3 13 4 8 5 4 3 0 6 4 1
21510260 910 11 2 3 2 3 2 1 1 1 2 3 3 1 0 1 1 0 0 0 0 3 4 4 2 0 3 0 4 1 5 4 13 6 2 0 7 7 3 1
21510262 1000 2 3 2 1 0 1 1 0 0 0 0 0 1 1 2 5 0 0 1 3 3 0 2 2 13 0 1 1 5 3
21510263 729 9 1 3 3 1 1 1 2 2 2 1 0 3 1 0 0 0 0 4 3 2 0 7 3 5 0 0 3 3 2 4 3 4 3 3 13 3
21510264 937 6 1 3 1 3 2 3 1 0 2 1 0 0 0 0 2 1 3 2 2 0 0 3 2 5 3 1 1 1 1 4 3 13 2
21510265 811 4 3 2 1 2 1 0 1 1 0 0 0 0 1 2 1 0 0 3 7 1 6 5 6 2 3 13 1 2 7 3 4
21510266 1069 3 3 1 2 1 0 3 1 0 0 0 0 1 1 1 13 8 3 1 4 6 5 2 3 3 4 0 0 0 3 5
21510267 902 4 1 3 3 1 1 0 3 1 0 0 0 0 2 0 2 1 3 5 13 0 5 3 3 2 2 0 2 0 3 0 0
21510269 900 10 1 3 1 1 2 1 3 3 3 2 1 0 2 1 0 0 0 0 4 2 4 13 8 1 1 7 5 5 2 2 2 1 0 0 3 2 0
21510270 870 3 2 2 2 1 0 3 1 0 0 0 0 0 3 0 1 1 2 3 1 3 5 3 0 1 5 13 0 6 6 4
21510271 801 8 2 1 1 2 1 3 1 2 1 0 2 1 0 0 0 0 4 3 1 13 3 2 3 6 5 1 0 4 0 3 0 0 0 3 0
21510272 1020 9 3 1 2 1 3 2 3 1 3 1 0 1 1 0 0 0 0 3 2 4 2 0 8 0 0 3 6 3 0 5 5 13 2 2 1 3
21510274 888 6 2 3 1 2 3 2 1 0 3 1 0 0 0 0 1 3 2 0 0 3 4 1 8 3 5 3 3 6 13 0 0 1 0
21510275 856 1 1 1 0 1 1 0 0 0 0 1 0 0 8 2 2 4 3 7 4 1 1 5 6 13 2 4 3 2
21510277 885 7 1 3 3 1 2 1 3 1 0 2 1 0 0 0 0 3 1 3 0 13 2 2 0 1 3 0 1 6 3 1 2 0 3 2
21510280 812 10 1 1 2 2 3 1 3 3 2 1 1 0 3 1 0 0 0 0 4 3 3 2 5 13 0 4 3 1 0 0 1 3 2 2 0 0 0
21510281 862 4 3 2 1 1 1 0 1 1 0 0 0 0 2 1 1 1 3 2 13 0 3 4 6 2 2 5 8 0 5 3 4
21510284 855 3 2 1 1 3 1 7 0.33333333333333331 8 0.33333333333333331 9 0.33333333333333331 2 1 0 13 5 3 1 2 4 3 2 1 3 6 3 2 0 0 0
21510285 877 2 3 1 1 0 2 1 0 0 0 0 1 0 1 3 0 0 0 0 3 4 2 2 5 4 7 1 1 4 13
21510288 893 1 1 1 0 3 1 0 0 0 0 1 0 0 1 3 3 0 1 2 7 5 13 4 2 2 0 3 3 0
21510289 1029 6 1 1 3 1 3 2 1 0 2 1 0 0 0 0 3 1 2 0 0 6 0 0 0 0 3 3 1 4 2 2 5 4 13
21510290 971 11 1 1 3 1 3 2 2 1 3 2 2 1 0 3 1 0 0 0 0 4 4 3 0 2 0 0 0 3 0 0 3 6 5 4 3 5 13 1
21510291 762 7 1 1 1 3 2 2 3 1 0 2 1 0 0 0 0 3 2 2 1 0 0 0 4 7 3 3 4 4 3 0 13 2 3 0
21510292 954 8 1 3 2 2 2 1 2 1 1 0 3 1 0 0 0 0 3 4 1 1 5 3 1 13 0 0 0 5 2 3 0 6 3 0 0
21510294 879 5 2 2 3 2 2 1 0 3 1 0 0 0 0 0 4 1 0 0 0 1 0 0 5 4 0 0 3 13 3 1 1 1
21510295 984 6 2 3 1 1 1 2 1 0 1 1 0 0 0 0 3 2 1 0 13 4 5 0 4 3 3 2 5 3 0 0 0 0 2
21510296 847 4 1 3 3 3 1 0 1 1 0 0 0 0 1 0 3 3 3 3 2 4 5 0 0 4 13 0 0 0 2 0 0
21510297 947 7 2 3 3 2 1 1 2 1 0 2 1 0 0 0 0 2 3 2 2 7 1 0 3 4 5 0 3 5 4 0 13 1 1 3
21510298 952 11 3 3 1 2 2 1 1 1 2 3 2 1 0 3 1 0 0 0 0 4 4 3 3 2 0 0 13 4 0 0 6 3 3 2 1 1 5 3
21510299 917 6 3 1 3 1 3 2 1 0 1 1 0 0 0 0 2 1 3 0 2 0 0 0 6 1 13 0 0 4 5 3 2 2 4
