21511076 1328 2 3 1 1 0 2 1 0 0 0 0 1 0 1 0 0 0 1 0 0 2 4 0 3 5 14 1 2 3 5
21511092 1440 10 3 2 2 1 1 1 3 3 1 2 1 0 3 1 0 0 0 0 4 3 3 1 3 4 2 1 4 7 8 9 4 5 14 0 2 2 3
21511094 1712 9 2 1 2 2 3 3 3 1 2 1 0 3 1 0 0 0 0 2 4 3 0 5 0 1 7 3 2 1 5 4 14 3 9 1 6 3
21511100 1422 9 1 2 1 1 2 1 3 2 2 1 0 3 1 0 0 0 0 4 4 1 3 14 8 5 1 0 6 2 3 2 1 3 0 3 0 4
21511107 1332 2 1 2 1 0 1 1 0 0 0 0 1 1 0 3 3 0 0 2 6 2 2 5 1 14 0 3 1 3 4
21511113 1333 5 3 1 2 1 3 1 0 3 1 0 0 0 0 2 1 2 4 8 4 8 5 14 3 0 3 4 0 0 2 0 2 1
21511114 1546 3 3 1 1 1 0 1 1 0 0 0 0 2 0 1 4 8 14 9 0 4 2 4 2 5 0 2 0 0 3 3
21511118 1480 6 3 3 3 1 2 2 1 0 1 1 0 0 0 0 1 2 3 0 1 2 0 3 0 4 1 1 5 3 5 5 14 2 2
21511123 1358 8 2 3 1 1 3 1 2 2 1 0 3 1 0 0 0 0 3 3 2 0 2 14 3 1 2 8 1 0 5 1 3 0 3 0 2
21511127 1333 11 3 3 2 3 2 1 3 2 1 1 2 1 0 1 1 0 0 0 0 3 4 4 0 4 5 14 0 3 1 3 3 2 3 0 0 0 3 0
21511128 1228 2 1 1 1 0 3 1 0 0 0 0 2 0 0 7 0 2 1 0 2 4 3 2 4 8 3 0 0 14 5
21511133 1468 8 1 3 3 2 2 2 3 1 1 0 1 1 0 0 0 0 2 3 3 3 4 0 3 0 5 14 2 1 6 2 7 0 4 1 8
21511134 1370 8 2 2 3 1 3 3 2 1 1 0 1 1 0 0 0 0 2 3 3 5 4 3 2 8 6 5 0 3 3 14 1 6 0 0 6
21511138 1503 5 1 1 2 3 2 1 0 1 1 0 0 0 0 2 2 1 0 0 0 3 0 0 3 3 3 5 7 14 2 3 3 5
21511154 1209 4 3 2 3 1 1 0 1 1 0 0 0 0 1 1 2 0 2 3 1 0 4 4 3 3 1 4 14 0 3 2 2
21511157 1328 7 2 1 2 1 1 2 3 1 0 2 1 0 0 0 0 3 3 1 3 3 9 3 1 6 2 4 7 14 1 0 4 2 6 1
21511158 1370 1 2 1 0 1 1 0 0 0 0 0 1 0 2 4 3 1 14 0 0 0 2 5 4 0 0 0 1 0
21511160 1272 2 1 3 1 0 2 1 0 0 0 0 1 0 1 0 3 2 3 0 14 3 5 2 1 5 8 0 0 3 1
21511161 1285 11 3 1 1 1 3 3 2 3 2 2 2 1 0 1 1 0 0 0 0 3 4 4 0 0 3 1 3 1 3 5 0 0 14 2 0 3 4 2
21511165 1706 0 1 0 1 1 0 0 0 0 0 0 0 4 14 6 0 1 5 3 4 2 3 2 3 3 0 0 0
21511166 1348 3 3 3 1 1 0 3 1 0 0 0 0 1 0 2 4 3 14 3 1 2 6 1 0 3 2 2 0 0 3 0
21511170 1579 8 3 2 3 3 2 1 1 2 1 0 1 1 0 0 0 0 2 3 3 1 0 1 2 3 6 3 6 6 14 5 3 3 6 4 2
21511180 1651 8 1 1 1 2 3 2 2 2 1 0 3 1 0 0 0 0 3 4 1 0 0 2 4 0 1 3 14 3 1 4 3 3 1 0 2
21511182 1309 2 3 3 1 0 3 1 0 0 0 0 0 0 2 14 3 3 0 2 3 2 5 6 4 4 1 1 0 0 0
21511193 1243 7 2 1 2 1 3 3 3 1 0 2 1 0 0 0 0 2 2 3 4 0 0 0 9 3 0 0 9 3 3 0 14 6 3 1
21511195 1222 6 2 2 1 3 3 3 1 0 3 1 0 0 0 0 1 2 3 3 2 1 0 1 2 8 3 3 14 7 1 6 2 5 1
21511197 1298 1 2 1 0 1 1 0 0 0 0 0 1 0 4 6 9 3 4 14 7 1 2 2 3 1 0 3 6 4
21511199 1366 0 3 1 8 0.33333333333333331 9 0.33333333333333331 10 0.33333333333333331 0 0 0 2 0 1 0 3 2 2 0 9 9 3 3 1 1 14 7
