21510001 635 1 3 1 0 1 1 0 0 0 0 0 0 1 0 0 2 3 0 3 5 1 0 6 5 3 2 12 7 5
21510002 499 10 2 1 1 1 3 2 2 3 1 3 1 0 3 1 0 0 0 0 4 3 3 0 2 0 0 1 12 3 4 0 4 5 3 0 2 0 3
21510003 545 7 3 3 2 1 1 2 3 1 0 2 1 0 0 0 0 2 2 3 12 4 3 2 4 5 1 0 2 4 3 1 1 0 0 0
21510004 589 1 3 3 1 4 0.33333333333333331 5 0.33333333333333331 6 0.33333333333333331 0 0 1 12 1 3 2 4 7 5 0 2 4 3 1 0 2 0 1
21510005 557 8 2 1 3 2 3 2 3 3 1 0 1 1 0 0 0 0 1 3 4 2 1 0 0 3 4 2 1 3 7 4 0 12 8 3 1
21510006 622 0 1 0 1 1 0 0 0 0 0 0 0 12 2 3 0 3 4 2 1 3 8 3 5 3 1 6 2
21510007 547 7 2 2 1 3 2 3 1 1 0 2 1 0 0 0 0 2 3 2 1 7 12 0 4 4 4 3 0 5 2 0 1 1 0 0
21510008 541 1 3 1 0 1 1 0 0 0 0 0 0 1 0 4 12 3 6 3 4 7 3 0 2 2 1 0 0 0
21510009 610 5 3 2 1 2 1 1 0 3 1 0 0 0 0 2 2 1 2 1 0 0 3 5 3 0 3 7 6 3 3 4 12 6
21510010 638 8 1 3 2 1 3 2 1 2 3 1 6 0.33333333333333331 7 0.33333333333333331 8 0.33333333333333331 3 3 2 0 3 1 12 1 4 4 3 2 5 6 2 0 0 0 3
21510011 484 10 2 3 1 2 2 1 1 1 3 2 1 0 3 1 0 0 0 0 4 4 2 0 2 1 0 4 5 3 0 4 6 5 3 5 7 12 0
21510012 584 0 1 0 3 1 0 0 0 0 0 0 0 0 3 3 2 2 4 6 12 0 1 4 7 0 1 3 5
21510013 556 8 2 1 2 3 1 1 2 3 1 0 1 1 0 0 0 0 3 3 2 0 0 0 3 3 0 7 0 2 6 6 2 12 1 3 0
21510014 622 1 3 1 0 2 1 0 0 0 0 0 0 1 3 0 3 0 12 4 1 2 6 3 4 1 3 2 1 0
21510015 580 6 3 1 2 2 3 1 1 0 2 1 0 0 0 0 2 2 2 0 1 3 1 2 3 0 0 3 6 5 0 4 12 3 0
21510016 590 9 1 1 2 2 1 3 3 3 2 1 0 3 1 0 0 0 0 3 3 3 12 3 1 1 4 5 2 0 3 6 2 0 5 3 0 0
21510018 492 11 3 3 2 1 3 3 1 2 1 2 1 1 0 2 1 0 0 0 0 4 3 4 0 0 0 1 2 0 0 3 3 3 12 4 6 5 4 4
21510019 533 5 1 2 3 1 2 1 0 2 1 0 0 0 0 2 2 1 0 0 0 2 3 5 1 3 5 5 4 3 0 12 4 1
21510020 537 10 2 1 3 1 2 3 2 1 3 1 1 0 3 1 0 0 0 0 4 3 3 0 0 0 3 3 4 3 2 2 3 1 7 0 3 0 12
21510021 573 3 1 2 3 1 0 2 1 0 0 0 0 1 1 1 0 1 1 0 6 2 4 3 0 4 6 1 0 12 6 2
21510022 545 10 1 3 3 1 2 1 3 2 2 2 1 0 1 1 0 0 0 0 3 4 3 4 12 0 0 4 7 5 0 2 5 1 1 0 2 0 3
21510023 639 3 1 2 3 1 0 3 1 0 0 0 0 1 1 1 0 3 1 3 2 0 4 12 0 2 4 5 0 1 3 4
21510024 594 9 2 3 2 1 2 1 1 3 1 3 1 5 0.33333333333333331 6 0.33333333333333331 7 0.33333333333333331 4 3 2 3 3 2 5 3 4 1 3 0 0 4 12 7 5 3 2
21510026 588 0 1 0 1 1 0 0 0 0 0 0 0 0 3 2 12 0 6 4 5 3 3 0 3 0 3 0 0
21510027 601 1 3 1 0 2 1 0 0 0 0 0 0 1 1 4 1 3 0 12 3 3 0 2 3 5 0 0 3 0
21510028 478 5 1 1 1 3 2 1 0 2 1 0 0 0 0 3 1 1 4 2 3 3 0 1 4 5 3 3 2 12 3 0 0 0
21510029 531 11 1 3 2 1 3 2 1 3 2 1 3 1 0 2 1 0 0 0 0 4 3 4 0 4 6 2 6 6 3 3 0 12 4 1 1 0 2 0
21510030 568 8 1 2 1 2 1 2 3 3 1 0 2 1 0 0 0 0 3 3 2 5 4 12 3 3 4 3 0 3 5 1 0 3 3 0 0
21510031 588 11 2 3 1 3 3 1 2 2 1 3 2 1 0 1 1 0 0 0 0 3 4 4 0 12 3 4 0 3 3 5 1 2 6 1 0 0 3 2
21510032 497 9 2 1 2 3 1 2 3 1 3 1 0 3 1 0 0 0 0 3 3 3 4 7 12 0 3 3 3 1 1 5 4 2 2 0 0 0
21510033 518 0 1 0 3 1 0 0 0 0 0 0 0 12 4 4 1 6 5 0 0 3 4 4 2 0 6 3 0
21510034 551 11 1 2 3 1 3 1 2 2 3 1 3 1 0 2 1 0 0 0 0 4 3 4 1 6 2 3 4 4 4 1 12 2 4 0 0 0 3 0
21510035 590 8 3 3 1 1 2 2 2 1 1 0 3 1 0 0 0 0 3 3 2 0 12 6 4 0 3 4 5 3 5 3 4 0 0 0 3
21510036 593 4 3 2 3 2 1 0 2 1 0 0 0 0 0 2 2 0 3 1 0 3 6 0 0 12 5 3 1 1 3 2 1
21510037 522 6 1 2 2 1 2 2 1 0 3 1 0 0 0 0 2 4 0 3 3 6 6 3 12 1 1 0 3 3 0 0 0 0 4
21510038 494 9 2 3 1 2 3 2 1 1 1 1 0 3 1 0 0 0 0 4 3 2 3 1 12 3 3 6 2 0 2 6 1 0 0 0 2 0
21510039 601 10 3 2 2 1 1 2 3 1 2 3 1 0 1 1 0 0 0 0 3 4 3 0 0 2 3 3 3 1 0 3 3 3 0 4 6 12 0
21510040 529 11 3 1 1 2 2 2 1 1 3 3 3 1 0 2 1 0 0 0 0 4 3 4 5 7 4 1 1 12 5 4 3 3 6 0 0 2 2 0
21510041 530 3 2 1 3 1 0 1 1 0 0 0 0 1 1 1 3 0 0 0 3 2 4 3 3 5 3 0 12 7 5 0
21510042 564 7 1 2 2 3 2 2 1 1 0 3 1 0 0 0 0 2 4 1 4 1 0 0 4 4 0 0 8 6 7 1 5 12 3 3
21510043 573 5 2 3 2 3 1 1 0 1 1 0 0 0 0 1 2 2 0 8 4 12 0 1 3 8 6 0 3 6 0 0 3 2
21510044 545 11 2 1 2 3 3 2 3 2 3 1 1 1 0 1 1 0 0 0 0 3 4 4 0 0 1 0 12 4 2 1 6 5 4 2 8 3 3 0
21510045 525 3 1 1 3 3 1 6 0.33333333333333331 7 0.33333333333333331 8 0.33333333333333331 2 0 1 0 2 0 1 0 3 4 2 2 3 6 5 0 12 8 5
21510046 557 9 2 3 1 1 2 3 2 3 1 1 0 3 1 0 0 0 0 3 3 3 4 2 12 0 2 3 1 2 1 5 6 0 0 3 1 0
21510047 549 11 1 2 3 3 1 2 1 1 3 2 3 1 0 2 1 0 0 0 0 4 3 4 0 4 4 2 1 12 5 1 0 2 6 7 0 0 3 3
21510048 526 10 3 3 3 2 2 3 2 1 1 2 1 0 1 1 0 0 0 0 2 4 4 0 1 3 12 0 2 4 5 0 3 2 4 1 1 0 0
21510049 590 11 3 3 2 1 1 2 3 2 1 1 3 1 0 2 1 0 0 0 0 4 3 4 4 7 3 0 3 4 5 0 2 6 12 0 1 0 0 3
21510050 516 5 2 2 3 3 1 1 0 2 1 0 0 0 0 1 2 2 0 2 1 2 4 1 5 4 1 4 12 1 0 3 0 0
21510051 543 10 2 1 2 2 3 3 2 1 3 3 1 0 1 1 0 0 0 0 2 4 4 8 4 1 4 1 3 12 5 0 2 5 1 0 0 3 2
21510052 556 4 3 1 2 1 3 1 7 0.33333333333333331 8 0.33333333333333331 9 0.33333333333333331 2 1 1 0 1 0 2 1 4 4 12 0 2 5 7 0 3 4 2
21510054 593 3 1 1 2 1 0 3 1 0 0 0 0 2 1 0 0 1 0 2 5 4 3 2 5 6 0 0 12 3 7 0
21510055 584 4 2 1 1 1 1 0 3 1 0 0 0 0 3 1 0 3 3 3 12 2 6 4 5 0 2 3 3 1 0 2 0
21510056 594 2 2 1 1 0 2 1 0 0 0 0 1 1 0 12 3 4 3 7 4 0 0 1 3 1 0 0 0 2 0
21510057 584 5 2 2 1 3 1 1 0 3 1 0 0 0 0 2 2 1 1 3 0 3 0 0 4 3 2 3 7 8 0 3 4 12
21510058 599 2 3 1 1 0 1 1 0 0 0 0 1 0 1 3 5 3 4 3 2 4 3 1 0 0 12 3 2 2 3
21510059 557 0 3 1 4 0.33333333333333331 5 0.33333333333333331 6 0.33333333333333331 0 0 0 1 0 2 8 1 4 3 3 2 4 5 12 3 0 3 0
21510061 506 0 1 0 3 1 0 0 0 0 0 0 0 12 4 3 0 3 6 1 2 3 2 0 0 0 0 0 1
21510062 564 9 3 1 2 1 2 1 2 2 3 1 0 3 1 0 0 0 0 3 4 2 0 12 4 3 0 6 4 3 1 6 4 0 0 3 0 0
21510063 509 9 2 1 1 1 1 3 3 3 2 1 0 2 1 0 0 0 0 4 2 3 0 3 3 3 3 2 5 4 0 1 3 12 0 2 0 3
21510064 563 11 3 1 2 3 3 2 1 1 1 3 2 1 0 2 1 0 0 0 0 4 3 4 0 7 7 12 0 1 3 3 1 1 2 3 0 0 2 2
21510065 592 8 3 2 1 3 1 2 2 1 1 0 2 1 0 0 0 0 3 3 2 3 1 4 3 12 5 4 1 3 6 3 2 0 2 1 0
21510066 521 10 3 1 3 3 2 2 1 2 1 1 1 0 3 1 0 0 0 0 4 3 3 0 6 3 2 1 3 7 4 2 4 3 0 12 3 3 0
21510067 490 0 1 0 3 1 0 0 0 0 0 0 0 0 0 1 3 0 3 6 4 0 8 4 3 2 3 6 12
21510068 599 10 3 3 1 1 2 2 1 3 3 2 1 0 1 1 0 0 0 0 3 3 4 5 12 4 0 3 7 4 1 1 3 2 0 2 4 0 2
21510069 560 9 3 3 1 2 3 2 3 1 2 1 0 2 1 0 0 0 0 2 3 4 2 3 12 0 5 3 1 3 0 5 5 0 1 1 0 6
21510070 541 0 1 0 3 1 0 0 0 0 0 0 0 3 0 2 0 1 2 0 0 1 7 5 2 12 3 4 1
21510071 502 3 3 2 1 1 0 1 1 0 0 0 0 1 1 1 0 12 6 2 2 6 5 2 0 0 1 4 3 1 0 4
21510072 632 5 3 2 1 3 3 1 0 3 1 0 0 0 0 1 1 3 0 12 5 3 2 9 4 6 2 3 3 1 0 1 0 0
21510073 533 0 1 0 1 1 0 0 0 0 0 0 0 4 3 4 2 6 5 4 2 12 2 5 0 0 1 0 1
21510074 571 5 1 3 3 1 3 1 0 1 1 0 0 0 0 2 0 3 3 0 2 0 3 4 1 0 4 5 2 2 12 2 0 3
21510075 536 3 1 2 2 1 0 2 1 0 0 0 0 1 2 0 3 0 0 0 12 2 5 0 6 3 1 0 4 1 4 1
21510076 593 11 2 2 3 2 3 3 1 1 1 1 3 1 0 2 1 0 0 0 0 4 3 4 2 4 8 12 0 1 7 6 0 3 4 4 2 1 3 0
21510077 497 11 1 2 2 1 3 1 2 2 3 3 3 1 0 1 1 0 0 0 0 3 4 4 0 2 2 1 1 5 2 1 0 6 4 3 0 3 12 3
21510078 598 6 3 1 2 2 3 3 1 0 1 1 0 0 0 0 1 2 3 3 6 5 3 8 7 4 2 1 12 5 3 0 0 1 2
21510079 555 2 2 3 1 0 2 1 0 0 0 0 0 1 1 1 3 3 0 1 4 4 1 12 4 3 2 0 0 1 2
21510082 657 9 1 3 1 2 1 1 2 3 3 1 0 2 1 0 0 0 0 4 2 3 5 3 0 0 3 6 3 2 2 3 12 0 3 1 3 0
21510083 499 8 3 1 1 2 2 3 2 1 1 0 1 1 0 0 0 0 3 3 2 0 2 4 7 0 3 5 1 2 4 3 12 0 0 3 0
21510084 508 11 1 2 2 3 1 1 3 2 3 1 3 1 0 2 1 0 0 0 0 4 3 4 2 0 2 0 4 4 4 0 1 5 12 1 3 0 3 0
21510085 622 1 2 1 0 3 1 0 0 0 0 0 1 0 0 3 1 0 4 1 2 0 3 5 4 2 12 8 6 1
21510086 532 6 3 2 1 1 2 3 1 0 1 1 0 0 0 0 2 2 2 3 2 3 0 6 6 4 0 12 4 2 1 3 3 0 0
21510087 555 8 1 3 3 2 3 2 2 1 1 0 1 1 0 0 0 0 2 3 3 0 3 3 3 1 5 3 5 0 0 12 4 0 2 3 0
21510088 622 0 1 0 2 1 0 0 0 0 0 0 0 1 0 0 0 0 2 3 2 0 3 3 4 1 1 5 12
21510089 590 8 1 3 2 2 1 1 2 3 1 0 3 1 0 0 0 0 3 3 2 2 4 1 3 4 5 6 1 12 1 2 0 0 0 2 0
21510090 600 10 1 3 2 1 2 1 1 2 3 3 1 0 2 1 0 0 0 0 4 3 3 0 0 1 3 3 2 3 0 5 4 3 0 12 5 4 0
21510091 553 7 3 3 1 2 2 2 3 1 0 2 1 0 0 0 0 1 3 3 0 0 1 1 3 5 3 0 8 4 3 1 12 4 4 0
21510093 508 11 1 2 1 3 1 3 2 2 3 2 1 1 0 3 1 0 0 0 0 4 4 3 3 0 4 0 2 3 6 0 1 12 1 0 3 3 5 2
21510094 586 2 2 3 1 0 1 1 0 0 0 0 0 1 1 5 6 5 3 4 4 12 1 2 4 5 2 0 0 1 3
21510095 510 0 1 0 3 1 0 0 0 0 0 0 0 3 0 2 1 0 3 2 4 0 1 1 4 0 2 4 12
21510096 586 11 1 1 2 3 3 3 1 3 2 2 2 1 0 1 1 0 0 0 0 3 4 4 12 4 3 3 7 6 2 0 6 4 0 0 3 0 1 0
21510097 529 8 1 2 1 1 3 3 2 3 1 0 1 1 0 0 0 0 3 2 3 2 2 0 0 4 3 0 0 4 4 0 3 1 5 12 2
21510098 590 7 2 2 1 3 2 2 1 1 0 1 1 0 0 0 0 2 4 1 1 4 3 0 3 7 6 2 12 3 3 1 3 3 0 0
21510099 549 3 1 1 3 1 0 2 1 0 0 0 0 2 0 1 4 8 4 3 12 6 2 0 0 3 4 0 0 0 1 2
21510100 621 6 1 3 2 3 2 1 1 0 3 1 0 0 0 0 2 2 2 12 2 4 0 1 4 3 1 3 6 7 1 2 0 6 2
21510101 533 6 1 2 3 1 3 1 1 0 3 1 0 0 0 0 3 1 2 3 2 0 0 12 0 0 0 7 5 4 1 2 6 4 2
21510102 550 1 3 1 0 1 1 0 0 0 0 0 0 1 3 1 0 2 0 0 0 3 2 3 4 8 0 3 12 3
21510103 526 3 2 2 1 1 0 1 1 0 0 0 0 1 2 0 0 0 0 3 0 1 4 4 2 3 3 4 0 12 4 5
21510104 585 1 2 1 0 2 1 0 0 0 0 0 1 0 1 1 2 0 0 4 2 0 0 1 4 1 0 12 5 4
21510105 585 2 2 1 1 0 3 1 0 0 0 0 1 1 0 4 8 0 0 9 6 2 2 12 3 1 3 1 0 0 0
21510106 590 7 2 3 1 1 2 2 3 1 0 1 1 0 0 0 0 2 3 2 0 0 3 0 0 12 4 3 3 5 1 2 0 3 3 3
21510107 495 2 1 3 1 0 1 1 0 0 0 0 1 0 1 0 0 0 3 0 0 3 4 0 2 5 5 2 3 8 12
21510108 523 4 1 1 2 3 1 0 3 1 0 0 0 0 2 1 1 3 3 8 12 5 6 3 3 2 5 2 3 0 0 0 1
21510109 507 0 1 0 3 1 0 0 0 0 0 0 0 2 3 3 4 0 1 6 7 0 3 1 12 0 0 0 2
21510110 560 1 2 1 0 3 1 0 0 0 0 0 1 0 1 1 0 0 2 3 3 0 3 4 12 1 5 3 2 0
21510111 501 9 3 2 2 3 1 3 1 1 2 1 0 3 1 0 0 0 0 3 3 3 0 0 2 1 1 3 5 0 4 4 3 0 12 3 2 0
21510112 612 1 2 1 0 1 1 0 0 0 0 0 1 0 3 0 0 1 0 0 2 4 3 1 3 6 0 0 2 12
21510113 567 6 1 1 1 3 2 1 1 0 2 1 0 0 0 0 4 1 1 3 2 4 0 4 5 2 6 4 6 12 0 0 0 6 0
21510114 534 8 3 3 2 3 2 3 2 1 1 0 1 1 0 0 0 0 1 3 4 0 0 0 2 0 1 5 12 1 4 4 7 3 3 5 6
21510115 499 5 2 2 1 1 2 1 0 1 1 0 0 0 0 2 3 0 0 5 5 12 3 3 3 4 0 1 2 0 0 3 0 0
21510116 573 9 1 3 1 3 2 1 2 2 2 1 0 3 1 0 0 0 0 3 4 2 3 12 7 1 3 3 6 1 0 0 2 4 0 0 2 1
21510117 530 11 1 2 3 2 1 3 3 1 2 2 3 1 0 1 1 0 0 0 0 3 4 4 0 1 3 0 2 5 7 1 3 5 3 3 12 4 2 0
21510118 516 9 2 2 3 3 2 2 3 1 1 1 0 1 1 0 0 0 0 2 4 3 12 8 2 0 5 5 6 0 1 4 4 1 0 4 0 0
21510119 585 9 3 3 2 3 1 3 1 1 2 1 0 2 1 0 0 0 0 3 2 4 3 4 0 0 5 4 6 0 12 1 2 1 0 0 2 0
21510120 575 10 3 2 2 2 1 1 1 1 3 2 1 0 3 1 0 0 0 0 4 4 2 0 0 0 1 0 3 6 5 3 3 5 2 0 3 4 12
21510121 633 5 3 3 1 2 2 1 0 2 1 0 0 0 0 1 2 2 12 2 4 0 7 3 1 1 4 3 4 1 0 3 3 0
21510122 519 11 2 3 3 2 1 3 3 2 1 1 1 1 0 2 1 0 0 0 0 4 3 4 4 0 3 0 5 3 2 0 1 6 4 3 12 3 2 1
21510123 615 8 2 1 1 1 3 1 3 3 1 0 3 1 0 0 0 0 4 1 3 4 1 2 0 2 5 3 2 12 5 1 0 4 2 3 2
21510124 462 10 1 2 1 2 3 3 3 1 3 1 1 0 2 1 0 0 0 0 4 2 4 0 2 7 0 2 6 6 1 1 5 4 4 3 12 3 2
21510125 472 8 3 2 1 2 3 1 1 1 1 0 3 1 0 0 0 0 4 2 2 0 0 0 2 3 6 3 2 3 3 4 3 0 4 5 12
21510126 584 9 3 3 3 2 2 3 1 2 2 1 0 1 1 0 0 0 0 1 4 4 1 2 5 12 0 3 6 7 1 3 4 3 0 1 0 0
21510127 498 1 1 1 0 3 1 0 0 0 0 1 0 0 1 0 5 3 2 5 8 2 0 3 6 12 0 0 3 0
21510128 581 10 3 1 2 1 3 2 3 2 1 3 1 0 2 1 0 0 0 0 3 3 4 0 0 0 1 1 4 2 4 0 0 2 6 0 0 1 12
21510129 569 1 3 1 0 3 1 0 0 0 0 0 0 1 3 1 3 2 0 3 4 3 0 3 1 12 2 3 0 0
21510130 581 7 2 2 2 3 2 3 1 1 0 3 1 0 0 0 0 1 4 2 0 0 3 1 0 0 1 4 0 4 3 3 1 7 8 12
21510131 537 7 1 2 1 1 2 3 1 3 1 4 0.33333333333333331 5 0.33333333333333331 6 0.33333333333333331 4 2 1 2 4 4 12 0 3 5 3 2 3 4 3 3 0 0 0
21510132 561 7 1 1 3 2 1 1 3 1 0 3 1 0 0 0 0 4 1 2 12 7 3 2 5 4 5 3 4 3 2 0 2 0 0 0
21510133 447 2 3 1 1 0 1 1 0 0 0 0 1 0 1 0 0 4 4 2 2 3 3 3 5 1 2 2 0 1 12
21510134 597 3 1 1 2 1 0 2 1 0 0 0 0 2 1 0 6 0 8 0 3 12 5 1 3 4 2 0 0 5 3 0
21510135 510 6 1 2 1 2 3 1 1 0 2 1 0 0 0 0 3 2 1 0 0 3 0 1 3 4 3 3 12 2 3 2 1 3 0
21510136 550 8 1 1 2 2 3 2 3 3 1 0 1 1 0 0 0 0 2 3 3 3 7 7 1 2 5 0 12 0 1 2 2 0 0 0 1
21510137 492 11 3 3 2 2 1 1 3 1 2 2 3 1 0 1 1 0 0 0 0 3 4 4 0 1 0 0 0 5 2 0 0 3 7 4 2 1 3 12
21510138 522 9 3 1 3 1 1 1 2 2 2 1 0 3 1 0 0 0 0 4 3 2 3 3 4 4 0 12 5 4 0 4 2 1 0 0 2 0
21510139 511 5 2 3 3 1 3 1 0 2 1 0 0 0 0 1 1 3 1 0 2 1 0 4 5 3 0 2 4 12 0 4 4 1
21510140 499 7 1 2 1 2 3 3 1 1 0 2 1 0 0 0 0 3 2 2 3 0 0 0 1 1 12 0 2 5 2 5 3 3 4 0
21510142 564 9 3 3 1 1 2 3 2 3 2 1 0 1 1 0 0 0 0 2 3 4 12 8 7 3 4 5 0 5 7 3 0 1 0 2 0 0
21510143 516 8 3 3 2 3 3 2 2 1 1 0 2 1 0 0 0 0 1 3 4 0 0 1 1 2 3 1 1 3 7 0 0 12 4 3 0
21510144 456 2 3 3 1 0 2 1 0 0 0 0 0 0 2 3 4 0 1 12 5 6 3 4 3 1 3 2 0 0 0
21510145 586 10 1 2 1 2 3 3 2 1 1 2 1 0 3 1 0 0 0 0 4 4 2 2 6 9 12 5 0 4 4 0 0 3 1 0 0 0 3
21510146 587 1 2 1 0 1 1 0 0 0 0 0 1 0 0 1 0 0 3 1 0 0 6 5 2 0 12 3 2 3
21510147 552 9 3 2 2 2 1 1 1 3 3 1 0 3 1 0 0 0 0 3 3 3 12 7 4 0 5 5 1 0 3 4 2 2 0 0 0 1
21510148 555 8 3 3 1 3 1 2 3 1 1 0 2 1 0 0 0 0 3 1 4 2 0 0 2 5 2 1 0 3 5 0 0 4 12 1 0
21510149 579 8 3 1 2 1 1 2 2 3 1 0 1 1 0 0 0 0 3 3 2 2 3 1 12 0 0 4 5 3 4 4 2 3 0 0 0
21510150 582 1 1 1 0 2 1 0 0 0 0 1 0 0 0 2 0 0 3 0 1 7 5 4 6 0 3 6 12 0
21510151 540 0 1 0 3 1 0 0 0 0 0 0 0 0 0 0 1 3 4 0 0 0 2 4 5 1 2 4 12
21510152 567 6 2 1 2 3 1 3 1 0 3 1 0 0 0 0 2 2 2 0 12 4 2 1 7 4 1 2 3 5 0 0 0 0 5
21510153 552 11 3 2 3 1 3 1 2 2 1 2 1 1 0 3 1 0 0 0 0 4 4 3 4 6 3 4 3 0 5 12 0 0 1 3 2 0 0 0
21510154 551 3 1 3 1 1 0 1 1 0 0 0 0 2 0 1 3 0 6 1 4 5 2 0 4 2 2 0 12 2 4 0
21510155 567 10 3 2 3 1 1 3 2 1 2 2 1 0 3 1 0 0 0 0 3 4 3 3 2 1 3 5 3 12 0 2 5 0 1 2 1 0 1
21510156 578 9 3 1 2 3 1 2 3 2 2 1 0 1 1 0 0 0 0 2 4 3 0 3 0 0 0 4 2 6 0 3 1 3 1 3 4 12
21510157 514 8 2 1 3 3 1 1 1 2 1 0 3 1 0 0 0 0 4 2 2 5 2 6 2 12 5 1 3 0 7 4 2 0 1 0 2
21510158 556 10 1 2 3 1 2 1 3 2 3 3 1 0 1 1 0 0 0 0 3 3 4 12 7 6 1 4 4 1 4 2 3 2 2 0 1 2 0
21510159 556 6 2 1 2 2 3 1 1 0 3 1 0 0 0 0 2 3 1 12 2 2 0 3 1 3 3 3 5 1 1 1 2 0 0
21510160 498 3 1 3 3 1 0 3 1 0 0 0 0 1 0 2 1 0 2 0 2 1 2 6 2 7 5 3 1 8 12 0
21510161 550 3 2 3 3 1 0 3 1 0 0 0 0 0 1 2 0 2 1 0 0 0 6 0 0 12 4 1 1 4 2 4
21510162 462 3 1 3 1 1 0 2 1 0 0 0 0 2 0 1 1 3 4 2 2 4 12 3 7 6 1 3 0 4 0 2
21510163 608 3 1 3 1 1 0 1 1 0 0 0 0 2 0 1 2 3 0 0 3 2 4 1 2 4 6 0 3 6 12 2
21510164 584 7 2 1 3 1 1 3 2 1 0 1 1 0 0 0 0 3 2 2 3 1 2 2 6 4 3 5 2 12 3 0 2 3 1 0
21510165 538 4 2 3 1 3 1 0 3 1 0 0 0 0 1 1 2 1 2 0 0 1 4 2 2 2 7 3 0 12 3 1 1
21510166 507 11 1 3 3 2 1 2 2 3 2 1 1 1 0 3 1 0 0 0 0 4 4 3 3 1 0 0 0 2 6 0 1 4 5 1 0 12 2 2
21510167 552 0 1 0 3 1 0 0 0 0 0 0 0 0 3 3 0 0 5 4 3 0 3 6 3 3 6 12 3
21510168 603 9 2 1 1 2 2 3 3 2 3 1 0 1 1 0 0 0 0 2 4 3 0 1 0 0 12 5 0 0 4 3 5 3 1 2 3 3
21510169 564 1 2 1 0 2 1 0 0 0 0 0 1 0 0 0 3 2 4 1 3 1 1 5 3 0 12 7 4 0
21510170 495 1 1 1 0 1 1 0 0 0 0 1 0 0 3 12 4 0 2 6 0 0 2 3 3 2 4 0 0 1
21510171 527 2 2 2 1 0 1 1 0 0 0 0 0 2 0 0 1 3 0 0 4 3 6 0 1 4 12 3 8 4 2
21510172 537 5 1 1 3 3 2 3 1 7 0.33333333333333331 8 0.33333333333333331 9 0.33333333333333331 2 1 2 12 3 2 2 1 2 6 3 3 4 1 0 0 1 2 0
21510173 607 7 3 1 2 1 3 1 2 1 0 2 1 0 0 0 0 3 2 2 12 5 3 1 6 4 0 0 3 3 0 3 0 0 2 0
21510174 615 7 2 1 3 2 2 2 3 1 0 3 1 0 0 0 0 1 4 2 0 2 1 0 3 5 12 0 3 3 4 0 1 1 3 1
21510175 564 11 3 1 3 3 1 2 1 2 1 2 2 1 0 3 1 0 0 0 0 4 4 3 12 3 4 1 4 6 2 3 1 3 4 0 2 3 0 0
21510176 538 10 2 3 2 1 1 3 3 3 1 2 1 0 2 1 0 0 0 0 3 3 4 0 0 1 0 2 3 4 4 0 3 4 6 1 3 9 12
21510177 484 10 2 1 3 3 2 1 2 2 3 1 1 0 3 1 0 0 0 0 3 4 3 1 7 0 0 12 6 6 0 2 1 5 2 3 3 0 1
21510178 584 4 3 3 1 2 1 0 1 1 0 0 0 0 1 1 2 2 3 6 0 0 5 4 3 0 12 6 3 0 2 1 0
21510179 502 8 2 2 3 3 1 2 2 1 1 0 1 1 0 0 0 0 2 4 2 0 1 3 1 3 0 4 6 3 0 5 1 2 12 2 3
21510180 569 10 2 1 3 1 1 2 3 3 2 2 1 0 3 1 0 0 0 0 3 4 3 12 5 3 0 2 5 4 3 1 2 0 1 1 0 0 0
21510181 550 0 1 0 3 1 0 0 0 0 0 0 0 12 7 4 1 3 6 6 2 4 4 2 1 0 3 0 3
21510182 587 11 2 3 1 1 3 2 2 3 3 1 2 1 0 1 1 0 0 0 0 3 4 4 4 1 4 1 2 4 4 0 12 5 0 2 0 3 3 0
21510183 552 0 1 0 2 1 0 0 0 0 0 0 0 0 3 0 3 1 1 5 6 0 3 7 7 1 2 2 12
21510184 556 11 1 1 3 2 2 1 3 2 3 1 3 1 0 2 1 0 0 0 0 4 3 4 4 8 4 0 12 7 1 1 2 4 5 0 0 0 2 0
21510185 559 10 2 2 2 3 3 2 1 1 1 3 1 0 3 1 0 0 0 0 3 4 3 7 0 0 3 0 6 4 5 2 4 1 12 0 0 0 1
21510186 566 8 3 2 1 2 2 2 1 3 1 0 3 1 0 0 0 0 2 4 2 0 1 7 0 0 6 8 12 3 1 3 4 3 1 2 3
21510187 566 5 3 2 1 3 1 1 0 3 1 0 0 0 0 2 1 2 0 3 0 0 5 3 0 0 8 6 3 0 12 5 4 2
21510188 529 4 3 3 1 2 1 0 1 1 0 0 0 0 1 1 2 3 12 2 0 1 6 2 0 3 2 3 1 0 3 0 0
21510190 481 4 2 1 1 3 1 0 2 1 0 0 0 0 2 1 1 0 1 0 2 1 6 12 6 3 5 6 0 3 3 2 0
21510191 535 5 1 3 2 3 3 1 0 2 1 0 0 0 0 1 1 3 5 8 12 0 4 4 4 0 1 5 4 0 0 0 2 1
21510192 545 8 2 2 2 3 3 2 3 1 1 0 1 1 0 0 0 0 1 4 3 3 1 2 1 1 4 6 3 0 0 6 7 0 3 12 3
21510194 509 0 1 0 2 1 0 0 0 0 0 0 0 0 2 0 3 0 0 4 3 3 4 5 1 0 3 1 12
21510195 485 11 3 1 1 1 2 2 2 2 3 3 3 1 0 1 1 0 0 0 0 3 4 4 0 6 6 12 1 2 3 8 0 0 3 0 0 0 3 0
21510196 618 7 2 3 1 3 1 3 2 1 0 1 1 0 0 0 0 2 2 3 4 3 4 2 4 12 0 0 0 6 3 0 6 0 0 0
21510197 522 0 1 0 1 1 0 0 0 0 0 0 0 0 0 1 2 0 12 4 3 0 5 3 2 2 3 1 0
21510199 538 4 1 3 2 1 1 0 2 1 0 0 0 0 2 1 1 3 3 12 4 0 5 5 3 0 1 0 3 0 0 2 0
21510200 544 0 1 0 1 1 0 0 0 0 0 0 0 0 2 0 3 3 3 5 3 2 4 4 3 12 8 3 1
21510201 556 4 3 1 1 2 1 0 2 1 0 0 0 0 2 1 1 3 3 3 12 0 0 6 5 0 2 3 7 0 0 4 1
21510202 520 6 1 2 3 3 2 1 1 0 2 1 0 0 0 0 2 2 2 3 2 3 0 12 7 1 0 5 5 3 0 2 1 4 1
21510203 565 7 3 1 2 1 2 1 2 1 0 2 1 0 0 0 0 3 3 1 1 3 3 4 4 7 4 2 0 6 12 3 0 1 0 3
21510204 577 11 2 1 3 2 3 3 1 2 2 1 3 1 0 1 1 0 0 0 0 3 4 4 2 4 5 6 2 3 7 12 0 1 3 0 0 0 0 1
21510205 599 7 3 3 2 1 2 3 3 1 0 1 1 0 0 0 0 1 2 4 0 2 2 0 3 4 3 3 1 5 6 7 1 4 3 12
21510206 589 8 3 1 2 3 3 1 2 2 1 0 1 1 0 0 0 0 2 3 3 12 3 2 0 7 3 3 1 3 1 4 0 2 0 0 0
21510207 542 6 3 1 1 1 2 2 1 0 3 1 0 0 0 0 3 2 1 3 4 6 12 2 4 5 4 0 3 0 4 0 3 0 0
21510208 549 1 2 1 0 2 1 0 0 0 0 0 1 0 0 12 7 2 0 4 1 1 0 2 5 1 3 0 1 3
21510209 473 10 1 3 1 2 3 2 3 2 3 1 1 0 2 1 0 0 0 0 3 3 4 0 5 0 4 0 3 3 3 1 12 5 3 3 5 4 3
21510210 540 5 3 1 1 2 3 1 0 3 1 0 0 0 0 2 1 2 4 6 12 0 3 5 7 2 1 4 4 1 2 2 0 0
21510211 526 5 3 2 2 1 1 1 0 2 1 0 0 0 0 2 2 1 0 0 0 3 2 1 0 0 7 4 0 1 12 6 5 0
21510212 556 10 3 2 2 3 1 1 3 2 2 1 1 0 1 1 0 0 0 0 3 4 3 3 5 12 3 0 5 3 2 3 4 1 3 0 0 3 0
21510213 566 11 2 2 1 2 2 1 1 3 1 3 3 1 0 3 1 0 0 0 0 4 4 3 0 0 3 12 2 2 4 9 0 3 1 1 3 0 3 0
21510214 593 5 3 2 2 3 1 1 0 1 1 0 0 0 0 1 2 2 0 4 0 1 2 2 1 3 3 6 5 3 0 3 4 12
21510215 595 0 1 0 2 1 0 0 0 0 0 0 0 4 12 4 0 7 4 2 0 1 4 1 0 2 0 3 1
21510216 535 6 2 3 1 2 1 3 1 0 2 1 0 0 0 0 2 2 2 0 1 0 0 2 3 7 1 3 2 2 12 6 1 1 4
21510217 675 10 3 3 2 2 1 3 2 3 1 1 1 0 2 1 0 0 0 0 3 3 4 1 0 0 3 0 6 12 3 2 3 4 3 5 1 3 4
21510218 594 8 2 1 2 1 2 1 3 3 1 0 1 1 0 0 0 0 3 3 2 0 0 0 2 3 2 1 3 3 5 6 0 12 8 4 7
21510219 627 6 3 3 1 2 1 1 1 0 1 1 0 0 0 0 3 1 2 0 3 6 12 2 5 5 4 0 3 4 2 0 0 2 0
21510220 536 10 1 3 3 2 3 2 3 2 1 2 1 0 1 1 0 0 0 0 2 4 4 12 3 2 0 1 5 2 4 4 5 1 1 3 0 0 0
21510221 606 10 3 2 1 2 2 3 1 1 2 3 1 0 3 1 0 0 0 0 3 4 3 1 0 3 0 4 3 2 0 8 4 3 0 12 6 4 1
21510222 548 4 2 3 3 1 1 0 3 1 0 0 0 0 1 1 2 0 0 1 2 0 0 1 4 5 4 2 3 0 12 5 3
21510223 536 3 2 1 3 1 0 1 1 0 0 0 0 1 1 1 0 0 3 3 0 1 2 3 0 4 5 2 7 12 5 3
21510224 537 8 1 3 3 2 2 1 2 2 1 0 3 1 0 0 0 0 2 4 2 1 4 5 12 0 4 4 1 0 0 6 2 0 0 4 1
21510225 607 2 2 2 1 0 1 1 0 0 0 0 0 2 0 0 0 0 6 3 12 6 4 0 3 5 3 0 0 1 3
21510226 545 7 2 3 2 2 1 3 3 1 0 1 1 0 0 0 0 1 3 3 0 1 0 1 2 4 0 0 6 3 1 3 12 4 2 0
21510227 610 2 3 1 1 0 3 1 0 0 0 0 1 0 1 0 0 2 0 5 1 1 0 7 6 2 2 12 5 3 0
21510229 524 4 2 1 1 3 1 0 3 1 0 0 0 0 2 1 1 3 0 0 3 0 1 12 3 3 7 4 2 0 2 3 5
21510230 531 6 3 3 1 3 1 2 1 0 2 1 0 0 0 0 2 1 3 0 3 3 3 2 1 4 3 0 3 12 1 0 0 0 2
21510231 602 8 2 2 2 3 3 1 1 2 1 0 3 1 0 0 0 0 2 4 2 0 1 0 0 2 4 3 5 1 4 5 12 1 3 3 3
21510232 494 11 1 1 2 3 2 3 1 1 2 2 3 1 0 3 1 0 0 0 0 4 4 3 1 4 12 0 4 4 2 0 2 2 5 0 3 0 1 1
21510233 579 3 1 2 1 1 0 2 1 0 0 0 0 2 1 0 2 0 0 0 4 6 3 2 12 7 6 1 1 4 3 0
21510234 506 4 2 1 3 2 1 0 3 1 0 0 0 0 1 2 1 0 5 8 12 0 4 4 6 0 0 3 4 1 0 2 1
21510235 584 9 3 1 1 2 1 2 2 1 2 1 0 3 1 0 0 0 0 4 4 1 4 6 12 0 1 6 5 3 0 7 3 0 3 0 2 0
21510236 522 0 1 0 3 1 0 0 0 0 0 0 0 12 1 2 0 7 5 1 0 3 3 0 0 3 0 0 2
21510237 530 6 3 2 1 1 3 2 1 0 3 1 0 0 0 0 2 2 2 0 2 12 1 3 4 5 6 2 0 4 5 0 0 1 0
21510238 562 11 1 2 1 3 1 3 1 3 2 2 3 1 0 2 1 0 0 0 0 4 3 4 0 1 2 0 0 3 1 12 2 6 5 3 0 3 3 5
21510239 598 3 1 3 2 1 0 3 1 0 0 0 0 1 1 1 12 5 3 0 3 7 1 2 4 4 1 0 0 3 0 2
21510240 615 5 3 3 2 1 3 1 0 2 1 0 0 0 0 1 1 3 1 2 0 1 4 3 4 0 4 12 3 0 3 1 2 0
21510241 627 7 2 2 1 1 3 2 3 1 0 3 1 0 0 0 0 2 3 2 3 0 2 0 1 3 5 1 5 4 2 3 12 1 3 0
21510242 557 8 2 1 3 1 1 2 1 3 1 0 2 1 0 0 0 0 4 2 2 3 1 3 4 2 4 4 2 4 12 0 0 3 0 0 0
21510243 599 2 1 2 1 0 2 1 0 0 0 0 1 1 0 12 5 7 0 3 4 4 2 3 6 3 1 1 0 0 0
21510244 578 2 3 3 1 0 1 1 0 0 0 0 0 0 2 2 1 4 0 2 1 12 2 4 3 0 3 0 5 0 3
21510245 478 4 2 1 1 2 1 0 2 1 0 0 0 0 2 2 0 4 3 3 0 12 4 1 0 5 4 0 2 0 1 0 0
21510246 630 3 2 3 1 1 0 1 1 0 0 0 0 1 1 1 0 0 3 3 0 1 2 1 4 4 3 0 12 5 2 2
21510247 596 2 1 1 1 0 2 1 0 0 0 0 2 0 0 0 3 2 12 2 3 5 1 3 0 6 3 0 0 0 3
21510248 533 2 3 3 1 0 1 1 0 0 0 0 0 0 2 12 5 1 1 2 3 2 2 1 6 5 0 3 2 0 0
21510249 554 1 2 1 0 1 1 0 0 0 0 0 1 0 0 0 3 4 0 5 3 6 3 3 4 12 3 0 0 0
21510250 545 9 1 2 3 3 2 2 2 3 3 1 0 1 1 0 0 0 0 1 4 4 0 0 0 1 1 0 0 6 2 5 1 3 0 4 6 12
21510251 555 0 1 0 2 1 0 0 0 0 0 0 0 1 6 0 0 3 7 0 0 3 6 4 0 12 5 5 3
21510252 562 8 2 1 3 2 1 3 3 2 1 0 3 1 0 0 0 0 2 3 3 0 2 3 12 0 2 3 5 0 0 3 5 1 1 8 1
21510253 539 8 3 2 1 3 2 2 1 2 3 1 5 0.33333333333333331 6 0.33333333333333331 7 0.33333333333333331 2 4 2 3 0 0 0 1 3 7 1 5 4 0 0 12 3 3 0
21510254 619 8 2 2 2 3 3 2 1 1 1 0 3 1 0 0 0 0 2 4 2 0 2 1 0 0 7 3 1 12 6 5 3 1 1 3 2
21510255 598 2 2 2 1 0 3 1 0 0 0 0 0 2 0 1 12 5 5 3 1 2 2 0 0 4 1 0 0 0 1
21510256 557 8 3 1 1 2 2 2 1 1 1 0 3 1 0 0 0 0 4 3 1 0 3 0 3 3 2 3 3 0 4 5 8 0 3 5 12
21510257 613 9 1 3 3 3 2 2 3 1 1 1 0 2 1 0 0 0 0 3 2 4 0 2 4 12 3 5 4 3 0 3 6 4 1 2 0 1
21510258 562 10 1 2 3 1 2 1 1 3 2 3 1 0 2 1 0 0 0 0 4 3 3 12 5 4 3 3 1 5 0 0 1 2 0 0 0 2 3
21510259 585 5 1 3 2 2 2 1 0 1 1 0 0 0 0 1 3 1 0 0 0 2 1 3 3 5 2 4 6 7 0 1 1 12
21510260 512 2 2 2 1 0 3 1 0 0 0 0 0 2 0 3 5 1 3 3 3 1 12 0 1 4 3 2 0 3 0
21510261 563 11 3 1 1 2 1 2 1 2 3 3 3 1 0 2 1 0 0 0 0 4 3 4 12 4 4 0 4 2 1 0 2 4 5 3 0 0 1 3
21510262 550 1 2 1 0 1 1 0 0 0 0 0 1 0 0 2 1 0 3 3 1 2 4 5 4 0 12 6 5 3
21510263 520 11 2 3 2 3 2 1 2 3 1 3 1 1 0 1 1 0 0 0 0 3 4 4 4 7 6 5 0 3 5 7 0 2 2 12 1 0 3 1
21510264 566 0 1 0 2 1 0 0 0 0 0 0 0 0 1 0 0 4 0 3 0 2 3 5 3 1 5 12 3
21510265 527 0 1 0 1 1 0 0 0 0 0 0 0 0 0 1 5 0 2 3 2 3 2 12 3 0 0 5 1
21510266 599 3 3 3 3 1 0 2 1 0 0 0 0 0 0 3 1 3 3 6 3 4 4 4 0 12 6 3 0 0 0 7
21510267 555 11 3 2 3 1 2 2 1 2 3 1 3 1 0 1 1 0 0 0 0 3 4 4 12 7 5 0 5 3 0 1 2 3 2 0 1 0 0 0
21510268 547 2 3 2 1 0 1 1 0 0 0 0 0 1 1 12 5 5 0 3 3 3 0 0 0 2 3 1 0 3 0
21510269 622 10 1 2 3 1 2 2 2 3 3 3 1 0 1 1 0 0 0 0 2 4 4 0 0 1 0 6 3 4 1 5 5 2 0 12 6 4 0
21510270 508 8 2 2 3 3 3 1 2 2 1 0 1 1 0 0 0 0 1 4 3 3 3 6 12 0 3 3 5 0 0 3 1 0 0 0 1
21510271 617 1 2 3 1 5 0.33333333333333331 6 0.33333333333333331 7 0.33333333333333331 0 1 0 0 1 2 4 3 4 6 3 0 2 6 6 1 1 3 12
21510272 575 6 3 1 3 3 2 1 1 0 2 1 0 0 0 0 2 1 3 2 0 0 0 0 3 1 12 0 1 7 4 3 4 3 2
21510273 477 7 3 1 1 2 2 1 3 1 0 3 1 0 0 0 0 3 2 2 3 2 6 0 2 4 4 0 12 1 1 2 3 0 0 0
21510274 600 0 1 0 3 1 0 0 0 0 0 0 0 0 1 0 0 0 3 2 12 4 5 5 7 1 2 8 5
21510275 448 7 3 3 1 3 2 2 1 1 0 1 1 0 0 0 0 2 2 3 0 2 0 3 1 3 1 2 2 4 12 4 0 1 3 2
21510276 531 0 1 0 1 1 0 0 0 0 0 0 0 0 0 1 2 0 3 12 3 2 7 4 2 3 1 3 3
21510277 530 3 3 2 2 1 0 1 1 0 0 0 0 0 2 1 0 4 4 12 3 1 5 1 0 0 6 0 3 0 2 0
21510278 577 6 3 3 1 2 1 2 1 0 2 1 0 0 0 0 2 2 2 3 0 0 0 3 0 6 2 8 3 3 4 12 4 1 1
21510279 530 9 1 1 2 2 3 2 3 1 3 3 1 6 0.33333333333333331 7 0.33333333333333331 8 0.33333333333333331 3 3 3 2 7 2 12 3 9 3 3 0 1 4 5 0 0 3 1
21510280 505 2 2 1 1 0 3 1 0 0 0 0 1 1 0 0 4 5 5 2 2 3 5 1 5 3 12 0 0 0 1
21510281 584 3 2 2 3 1 0 1 1 0 0 0 0 0 2 1 12 4 4 2 1 3 5 0 0 3 3 1 0 3 0 0
21510283 576 7 2 3 3 3 1 2 1 1 0 2 1 0 0 0 0 2 2 3 4 7 12 0 1 4 4 0 0 0 3 2 0 0 1 0
21510284 539 4 2 1 3 2 1 0 3 1 0 0 0 0 1 2 1 0 0 0 6 0 2 8 12 3 5 5 6 1 3 3 1
21510285 579 0 1 0 3 1 0 0 0 0 0 0 0 0 0 0 1 3 1 4 0 3 6 2 2 12 7 3 0
21510287 567 0 1 0 2 1 0 0 0 0 0 0 0 2 5 0 2 1 1 4 1 4 12 0 0 0 3 0 0
21510288 524 6 2 1 3 1 3 2 1 0 1 1 0 0 0 0 2 2 2 3 2 3 3 12 7 4 0 5 5 3 1 0 4 6 2
21510289 576 6 3 2 3 1 2 3 1 0 2 1 0 0 0 0 1 2 3 5 0 0 0 4 1 0 3 4 3 1 5 12 6 4 0
21510290 522 10 3 1 3 3 2 2 3 2 1 2 1 0 1 1 0 0 0 0 2 4 4 3 6 8 12 2 3 4 5 0 0 3 1 0 0 6 1
21510291 489 0 1 0 3 1 0 0 0 0 0 0 0 0 0 1 0 1 6 0 0 2 4 3 0 5 4 12 2
21510292 590 8 1 1 1 3 2 1 2 3 1 0 2 1 0 0 0 0 4 2 2 0 4 6 12 3 4 5 2 7 3 5 3 0 2 1 0
21510293 581 9 3 1 1 1 2 2 2 1 3 1 0 3 1 0 0 0 0 4 3 2 0 1 0 3 2 3 2 5 0 7 4 5 12 4 3 3
21510294 494 1 2 1 0 1 1 0 0 0 0 0 1 0 0 3 3 0 1 5 2 0 4 4 5 2 2 12 1 1
21510295 581 7 1 2 2 1 3 3 1 1 0 3 1 0 0 0 0 3 2 2 1 5 5 12 3 5 7 3 0 2 5 3 0 0 2 0
21510296 546 10 3 2 3 3 2 2 1 1 1 1 1 0 2 1 0 0 0 0 4 3 3 3 12 2 1 1 2 5 1 3 0 4 4 0 3 3 2
21510297 556 5 3 2 1 1 1 1 0 1 1 0 0 0 0 3 1 1 0 0 2 0 0 0 2 5 0 4 2 7 3 4 6 12
21510298 571 4 2 1 3 3 1 0 1 1 0 0 0 0 1 1 2 0 12 6 4 0 7 5 3 2 4 4 2 0 0 0 1
21510299 544 2 1 3 1 0 3 1 0 0 0 0 1 0 1 0 1 0 2 0 3 1 8 0 2 4 12 2 0 0 4
21510300 491 10 3 2 3 3 2 3 1 2 1 2 1 0 1 1 0 0 0 0 2 4 4 12 3 3 1 5 4 3 0 3 6 2 3 0 0 1 0
