21510288 1375 9 2 2 1 3 3 1 2 1 3 1 0 2 1 0 0 0 0 3 3 3 3 0 0 1 0 5 0 5 1 6 2 6 3 3 14 3
21510290 1539 2 3 2 1 0 3 1 0 0 0 0 0 1 1 1 4 2 4 14 2 0 3 9 4 0 0 1 4 1 0
21510291 1268 6 2 3 1 1 2 3 1 0 3 1 0 0 0 0 2 2 2 0 0 2 0 0 3 0 3 5 2 1 6 1 4 14 3
21510296 1336 2 3 3 1 0 1 1 0 0 0 0 0 0 2 6 4 2 0 14 2 1 0 9 3 5 3 1 2 0 3
21510303 1171 6 2 1 3 3 1 1 1 0 3 1 0 0 0 0 3 1 2 2 4 2 0 3 14 4 0 1 6 3 0 5 2 4 3
21510304 1381 7 3 2 3 1 1 1 2 1 0 3 1 0 0 0 0 3 2 2 0 0 1 1 2 0 5 5 0 2 2 14 0 0 3 3
21510306 1256 0 1 0 1 1 0 0 0 0 0 0 0 3 0 0 3 0 5 3 4 0 0 2 14 1 3 6 2
21510313 1450 8 1 3 3 2 1 3 1 2 1 0 1 1 0 0 0 0 3 2 3 0 0 0 2 1 4 2 3 4 7 14 5 2 3 5 4
21510324 1416 10 1 2 2 1 1 3 1 2 2 3 1 0 3 1 0 0 0 0 4 4 2 2 14 3 3 3 2 5 0 4 1 1 0 3 0 0 3
21510334 1424 10 3 3 2 1 3 1 2 2 3 1 1 0 2 1 0 0 0 0 3 3 4 4 6 3 0 14 5 3 1 6 3 1 0 2 3 3 0
21510339 1259 11 1 2 1 2 3 2 3 3 3 1 1 1 0 2 1 0 0 0 0 4 3 4 0 4 0 2 0 3 5 1 2 1 5 14 0 4 7 3
21510346 1416 6 1 3 2 2 3 2 1 0 3 1 0 0 0 0 1 3 2 0 1 0 3 3 2 4 2 7 14 1 3 1 3 6 1
21510353 1459 1 2 1 0 3 1 0 0 0 0 0 1 0 14 2 0 0 1 5 0 2 1 3 7 0 3 4 1 0
21510359 1408 6 1 2 3 2 1 2 1 0 1 1 0 0 0 0 2 3 1 0 0 3 3 3 7 0 2 8 1 3 2 5 1 14 4
21510360 1643 11 1 3 2 3 3 2 1 2 2 3 1 1 0 1 1 0 0 0 0 3 4 4 0 1 0 3 0 3 0 0 3 2 3 1 14 5 2 0
21510361 1382 3 3 3 2 1 0 1 1 0 0 0 0 0 1 2 0 2 2 14 2 4 1 1 0 4 1 3 7 6 1 2
21510367 1490 7 2 1 2 3 1 1 2 1 0 2 1 0 0 0 0 3 3 1 0 3 1 4 0 14 4 3 3 3 4 2 0 1 0 0
21510378 1379 2 3 1 1 0 2 1 0 0 0 0 1 0 1 0 4 0 2 0 2 2 1 1 3 5 14 0 5 4 1
21510392 1153 5 2 3 1 2 1 3 1 4 0.33333333333333331 5 0.33333333333333331 6 0.33333333333333331 2 2 1 1 3 4 4 0 2 14 1 3 2 8 4 0 2 0 1
21510395 1446 0 1 0 1 1 0 0 0 0 0 0 0 3 0 1 2 0 1 0 3 3 4 2 10 0 5 14 2
21510397 1471 3 2 2 1 1 0 3 1 0 0 0 0 1 2 0 1 0 3 3 0 4 5 2 0 4 7 14 1 5 6 7
21510400 1697 4 1 2 1 1 1 0 1 1 0 0 0 0 3 1 0 0 2 2 6 3 5 14 4 0 3 3 4 0 2 0 3
21510403 1605 3 2 2 1 1 0 1 1 0 0 0 0 1 2 0 3 1 3 3 2 3 0 0 4 3 0 0 14 4 0 0
21510404 1422 5 2 2 3 1 1 1 0 3 1 0 0 0 0 2 2 1 0 1 0 0 3 0 6 3 0 0 4 2 3 14 4 5
21510407 1327 9 3 3 1 3 1 2 3 2 2 1 0 1 1 0 0 0 0 2 3 4 0 1 14 1 4 2 6 5 2 4 5 3 0 2 1 3
21510414 1213 11 2 1 1 3 1 3 2 3 1 2 3 1 0 2 1 0 0 0 0 4 3 4 1 3 3 0 2 6 14 3 4 6 2 0 5 3 1 7
21510415 1689 10 2 3 1 2 1 2 3 3 2 1 1 0 1 1 0 0 0 0 3 4 3 2 5 1 3 0 8 14 7 1 3 2 6 0 0 0 3
21510418 1268 3 3 2 1 1 0 3 1 0 0 0 0 1 1 1 1 3 0 0 3 4 0 4 3 2 1 2 14 3 5 3
21510424 1581 8 3 1 3 2 1 2 3 2 1 0 2 1 0 0 0 0 2 3 3 1 0 0 0 1 3 3 3 2 6 5 1 3 7 14 4
21510435 1341 2 2 3 1 0 1 1 0 0 0 0 0 1 1 0 4 4 1 0 5 7 3 2 0 3 14 8 4 3 7
