21510301 501 11 1 2 3 2 2 3 2 1 1 3 3 1 0 1 1 0 0 0 0 3 4 4 2 3 12 0 3 7 5 3 5 3 4 0 0 1 3 0
21510302 587 0 1 0 3 1 0 0 0 0 0 0 0 1 0 0 0 3 2 0 0 4 2 3 2 1 12 4 1
21510303 501 7 1 2 2 1 1 3 3 1 0 3 1 0 0 0 0 3 2 2 2 0 2 0 0 0 3 1 3 4 6 12 0 3 3 3
21510304 477 9 2 1 2 3 1 3 2 1 3 1 0 3 1 0 0 0 0 3 3 3 2 5 12 0 4 8 7 0 3 4 1 2 0 1 0 0
21510305 527 10 3 3 2 1 2 2 1 1 2 1 1 0 3 1 0 0 0 0 4 4 2 12 7 4 0 8 5 4 3 4 3 3 3 1 0 2 0
21510306 487 11 2 3 3 3 2 1 1 2 1 2 3 1 0 1 1 0 0 0 0 3 4 4 0 0 1 12 0 2 5 8 2 4 6 5 1 1 2 3
21510307 559 4 3 1 2 1 1 0 3 1 0 0 0 0 2 1 1 0 0 1 0 5 4 3 0 2 3 12 0 2 1 4 2
21510308 622 1 2 1 0 3 1 0 0 0 0 0 1 0 1 3 6 12 2 4 6 1 0 0 0 3 0 0 0 3
21510309 572 2 2 3 1 0 2 1 0 0 0 0 0 1 1 0 2 0 1 0 2 5 1 0 1 7 3 1 5 4 12
21510310 535 5 1 3 3 2 2 1 0 3 1 0 0 0 0 1 2 2 1 0 2 0 0 1 3 0 3 3 2 0 12 5 5 1
21510311 540 6 3 2 1 3 1 2 3 1 7 0.33333333333333331 8 0.33333333333333331 9 0.33333333333333331 2 2 2 1 2 1 4 0 3 5 4 0 2 5 12 0 3 4 0
21510312 566 1 3 1 0 1 1 0 0 0 0 0 0 1 0 2 0 8 0 12 3 5 1 2 4 1 0 3 2 6
21510313 553 11 2 3 3 1 1 1 2 3 2 1 3 1 0 2 1 0 0 0 0 4 3 4 2 0 3 0 0 0 5 0 1 4 6 12 2 1 4 3
21510314 582 6 2 3 3 1 2 3 1 0 3 1 0 0 0 0 1 2 3 0 2 0 0 1 1 3 0 5 5 12 2 1 6 3 0
21510315 550 2 1 3 1 0 2 1 0 0 0 0 1 0 1 3 4 4 12 0 3 4 5 0 0 1 3 2 0 0 0
21510316 539 7 1 2 2 1 3 3 3 1 0 2 1 0 0 0 0 2 2 3 3 0 5 0 6 5 12 1 3 4 5 3 4 1 2 0
21510317 557 9 2 2 1 3 1 1 1 2 2 1 0 3 1 0 0 0 0 4 4 1 3 3 6 0 12 6 3 3 2 5 1 0 0 3 0 0
21510318 588 4 2 2 2 3 1 0 1 1 0 0 0 0 0 3 1 3 1 0 0 1 4 0 1 4 7 3 0 12 3 2 0
21510319 587 9 1 3 1 1 1 2 3 2 3 1 0 3 1 0 0 0 0 4 2 3 2 0 0 0 1 3 0 0 2 6 1 3 12 4 2 2
21510320 571 1 1 3 1 7 0.33333333333333331 8 0.33333333333333331 9 0.33333333333333331 1 0 0 2 1 3 12 2 4 6 4 0 0 5 4 0 0 6 3
21510321 530 1 1 1 0 1 1 0 0 0 0 1 0 0 3 12 1 2 2 4 4 5 3 3 5 0 4 2 0 0
21510322 567 11 3 1 3 2 3 2 2 3 1 2 1 1 0 1 1 0 0 0 0 3 4 4 2 1 0 0 3 8 3 0 1 4 2 3 2 4 12 1
21510323 530 11 2 1 3 1 3 1 3 3 2 1 2 3 1 4 0.33333333333333331 5 0.33333333333333331 6 0.33333333333333331 4 3 4 2 0 2 0 0 1 3 6 3 1 5 7 0 2 4 12
21510324 566 10 2 1 3 2 2 1 1 2 3 3 1 0 1 1 0 0 0 0 3 4 3 2 0 1 4 0 3 3 2 0 1 4 12 0 3 5 0
21510325 558 5 3 2 1 3 3 1 0 2 1 0 0 0 0 1 1 3 3 1 3 12 2 3 4 6 0 1 1 4 0 0 0 2
21510326 577 5 3 1 2 3 2 1 0 1 1 0 0 0 0 1 2 2 3 0 3 0 4 2 12 0 3 4 3 1 2 0 1 0
21510327 562 6 1 2 3 3 3 2 1 0 3 1 0 0 0 0 1 2 3 12 4 2 3 1 3 6 0 1 1 4 0 0 0 0 2
21510328 488 1 2 1 0 2 1 0 0 0 0 0 1 0 12 1 4 3 6 6 3 0 5 1 3 0 0 1 2 0
21510329 602 11 2 2 2 2 3 3 1 3 3 1 1 1 0 1 1 0 0 0 0 3 4 4 2 12 5 4 0 7 4 1 0 3 3 1 0 0 6 2
21510330 624 10 2 2 3 2 2 1 3 3 1 1 1 0 1 1 0 0 0 0 3 4 3 3 0 2 0 3 3 3 5 12 7 4 1 4 2 1 3
21510331 567 0 1 0 2 1 0 0 0 0 0 0 0 0 0 5 1 3 0 4 4 0 6 5 4 0 0 12 4
21510332 517 3 1 3 3 1 0 1 1 0 0 0 0 1 0 2 2 0 0 0 2 3 4 12 7 8 5 5 0 0 3 4
21510333 477 6 2 1 3 2 3 1 1 0 1 1 0 0 0 0 2 2 2 0 3 0 0 0 2 4 12 3 3 4 1 2 6 4 3
21510334 475 11 1 1 3 2 2 1 3 2 2 3 3 1 0 1 1 0 0 0 0 3 4 4 1 4 3 0 3 2 5 3 1 12 2 0 6 0 3 0
21510335 571 9 3 3 2 2 2 1 3 1 2 1 0 1 1 0 0 0 0 2 4 3 5 3 4 3 0 3 7 5 1 4 12 3 0 7 0 3
21510336 467 4 2 3 1 2 1 0 2 1 0 0 0 0 1 2 1 1 3 0 0 0 1 3 3 0 3 5 5 0 12 7 6
21510337 576 1 2 1 0 2 1 0 0 0 0 0 1 0 4 0 3 0 4 0 3 0 6 5 3 0 12 3 1 1
21510338 505 6 1 2 2 3 1 3 1 0 2 1 0 0 0 0 2 2 2 12 3 0 0 5 3 6 0 1 5 2 3 1 2 0 1
21510339 537 11 1 2 3 1 1 3 2 3 2 2 1 1 0 3 1 0 0 0 0 4 4 3 0 2 0 0 3 3 1 0 5 4 6 6 12 4 5 3
21510340 504 0 1 0 2 1 0 0 0 0 0 0 0 1 0 0 0 3 3 1 0 3 5 3 0 4 12 5 2
21510341 517 10 3 2 1 3 3 2 2 1 2 3 1 0 1 1 0 0 0 0 2 4 4 4 0 1 0 1 2 12 0 4 6 1 0 3 0 3 2
21510342 568 10 3 1 1 2 3 1 3 1 3 2 1 0 2 1 0 0 0 0 4 2 4 3 3 4 0 5 5 4 3 12 2 4 1 2 0 0 0
21510344 507 5 2 2 3 2 3 1 0 3 1 0 0 0 0 0 3 2 0 1 1 0 0 0 3 3 3 3 6 5 1 4 7 12
21510345 493 0 1 0 2 1 0 0 0 0 0 0 0 1 1 0 0 0 0 2 3 0 5 7 12 0 3 4 5
21510346 558 5 3 2 1 1 3 1 0 3 1 0 0 0 0 2 1 2 0 2 1 3 0 3 4 5 0 0 6 12 2 0 3 3
21510347 526 3 3 2 3 1 0 1 1 0 0 0 0 0 1 2 0 0 0 2 12 1 8 3 8 7 3 0 3 5 3 0
21510348 493 8 2 2 1 2 3 1 1 3 1 0 3 1 0 0 0 0 3 3 2 1 0 0 2 4 3 1 0 2 5 6 5 3 7 12 0
21510349 525 4 3 2 1 1 1 0 2 1 0 0 0 0 2 1 1 0 0 2 1 3 0 3 0 0 3 5 4 1 2 4 12
21510350 588 9 1 3 3 3 3 2 1 1 2 1 0 1 1 0 0 0 0 3 2 4 2 4 2 2 0 12 5 3 0 1 8 6 0 7 0 0
21510351 562 1 1 1 0 1 1 0 0 0 0 1 0 0 0 0 2 2 0 1 1 5 2 3 6 2 0 3 12 4
21510352 498 9 1 3 3 2 1 2 3 1 1 1 0 2 1 0 0 0 0 4 2 3 0 0 2 0 0 5 1 2 0 1 5 4 3 12 5 2
21510353 499 1 2 1 0 1 1 0 0 0 0 0 1 0 3 2 3 0 2 5 1 1 4 3 0 2 12 1 3 0
21510354 587 1 1 1 0 1 1 0 0 0 0 1 0 0 3 8 4 3 8 2 0 1 12 3 2 0 0 0 2 0
21510355 481 2 2 1 1 0 1 1 0 0 0 0 1 1 0 3 1 4 0 2 6 3 3 5 5 2 2 3 1 4 12
21510356 595 3 3 1 3 1 0 1 1 0 0 0 0 1 0 2 2 6 7 3 0 2 4 8 0 3 2 12 1 0 0 3
21510357 581 3 1 3 2 1 0 1 1 0 0 0 0 1 1 1 2 3 12 4 3 5 3 2 0 0 1 1 0 0 2 0
21510358 538 1 1 1 0 3 1 0 0 0 0 1 0 0 3 3 0 0 6 12 2 0 5 3 0 0 4 4 1 2
21510359 526 8 1 2 3 3 1 3 1 2 1 0 2 1 0 0 0 0 3 2 3 2 0 0 0 1 0 3 0 3 3 2 3 12 7 8 1
21510360 536 10 2 2 1 2 3 3 3 3 1 1 1 0 2 1 0 0 0 0 3 3 4 12 8 1 2 4 5 6 3 3 3 4 0 1 0 0 0
21510361 610 0 1 0 2 1 0 0 0 0 0 0 0 3 5 1 3 12 4 4 3 3 4 6 0 0 2 1 0
21510362 456 4 3 1 1 2 1 0 3 1 0 0 0 0 2 1 1 12 4 2 2 7 4 4 1 4 2 5 0 0 0 1 0
21510363 486 2 2 2 1 0 1 1 0 0 0 0 0 2 0 0 0 1 3 2 5 3 3 1 4 4 6 0 5 8 12
21510364 549 8 1 1 2 3 2 3 2 2 1 0 1 1 0 0 0 0 2 4 2 0 0 0 4 0 0 4 3 1 3 5 3 3 8 4 12
21510365 494 0 1 0 3 1 0 0 0 0 0 0 0 12 3 3 0 6 3 3 0 6 6 0 0 4 1 0 2
21510366 565 11 3 2 3 1 2 1 1 2 3 1 2 1 0 3 1 0 0 0 0 4 4 3 2 1 12 2 6 4 4 0 5 8 1 0 3 3 0 0
21510367 555 0 1 0 1 1 0 0 0 0 0 0 0 1 2 4 3 2 4 3 0 3 5 12 0 0 2 0 1
21510368 621 4 3 2 1 2 1 0 1 1 0 0 0 0 1 2 1 2 0 1 3 2 6 3 0 1 7 4 0 12 4 3 0
21510369 540 4 1 1 2 1 1 0 3 1 0 0 0 0 3 1 0 1 3 2 4 12 4 0 0 3 4 2 2 2 6 8 1
21510370 573 3 2 3 3 1 0 3 1 0 0 0 0 0 1 2 3 0 0 0 6 1 3 0 7 0 2 0 12 0 3 1
21510371 582 0 1 0 3 1 0 0 0 0 0 0 0 0 0 0 3 12 5 3 0 3 3 3 1 4 1 2 2
21510372 583 3 3 1 3 1 0 1 1 0 0 0 0 1 0 2 12 8 2 2 3 6 5 0 0 4 0 0 0 1 2 0
21510373 542 7 2 1 2 1 2 3 3 1 0 3 1 0 0 0 0 2 3 2 0 3 3 3 1 5 6 4 0 3 6 12 2 0 1 3
21510374 574 4 2 1 3 1 1 0 3 1 0 0 0 0 2 1 1 3 3 4 2 0 2 12 4 1 3 5 2 1 1 0 2
21510375 535 11 2 2 2 3 3 1 3 1 3 1 1 1 0 2 1 0 0 0 0 4 3 4 3 0 1 3 3 8 4 1 2 6 5 3 12 7 2 0
21510377 543 10 1 3 2 1 2 2 1 1 3 3 3 1 7 0.33333333333333331 8 0.33333333333333331 9 0.33333333333333331 4 3 3 0 0 3 0 12 7 2 0 1 6 6 3 1 2 3 2
21510378 524 9 2 1 2 3 2 2 1 1 3 1 0 3 1 0 0 0 0 3 4 2 12 2 2 0 3 5 7 1 3 6 4 3 4 1 1 0
21510379 551 5 1 3 2 1 1 1 0 1 1 0 0 0 0 3 1 1 12 5 3 0 3 4 3 2 4 0 5 2 2 0 0 0
21510380 553 10 1 1 3 3 1 2 2 2 2 3 1 0 1 1 0 0 0 0 3 4 3 3 3 3 4 1 3 5 6 0 2 3 12 0 0 4 3
21510381 601 4 1 2 2 1 1 0 1 1 0 0 0 0 2 2 0 0 4 3 0 1 3 2 0 0 5 3 0 2 8 12 3
21510382 508 6 3 2 3 1 2 1 1 0 1 1 0 0 0 0 2 2 2 2 4 3 12 0 3 5 3 0 5 1 3 0 0 0 2
21510383 497 10 1 1 2 3 3 3 2 3 2 1 1 0 1 1 0 0 0 0 3 3 4 0 0 0 1 0 5 2 3 0 0 4 6 2 3 3 12
21510384 515 5 2 2 3 3 3 1 0 2 1 0 0 0 0 0 2 3 4 6 8 1 2 4 12 1 0 1 0 3 0 0 1 0
21510385 562 8 3 2 1 1 2 3 3 2 1 0 1 1 0 0 0 0 2 3 3 0 3 4 4 0 0 1 8 1 3 2 12 0 0 0 2
21510386 535 8 1 2 2 1 1 1 3 2 1 0 2 1 0 0 0 0 4 3 1 3 0 1 5 0 0 12 4 3 2 3 4 0 0 5 3
21510387 579 0 1 0 3 1 0 0 0 0 0 0 0 3 4 2 1 4 4 6 3 12 5 4 0 0 0 7 0
21510388 543 9 1 2 3 2 1 3 3 3 1 1 0 2 1 0 0 0 0 3 2 4 1 0 0 0 3 2 5 3 12 4 1 0 6 4 3 2
21510389 577 9 1 3 2 1 2 3 2 2 3 1 0 1 1 0 0 0 0 2 4 3 0 1 0 0 0 0 3 4 3 2 1 5 0 4 4 12
21510391 545 9 1 2 3 3 2 1 3 2 3 1 0 1 1 0 0 0 0 2 3 4 3 12 1 2 3 4 1 3 3 6 2 2 1 0 0 0
21510392 510 0 3 1 7 0.33333333333333331 8 0.33333333333333331 9 0.33333333333333331 0 0 0 3 4 4 2 12 3 1 2 6 2 3 0 0 0 1 1
21510393 519 2 2 3 1 0 1 1 0 0 0 0 0 1 1 0 1 0 0 12 6 2 3 7 6 4 0 5 4 0 0
21510394 567 6 2 3 1 3 2 1 1 0 1 1 0 0 0 0 2 2 2 0 2 0 0 0 3 0 3 2 1 4 4 0 12 6 4
21510395 623 1 2 1 0 1 1 0 0 0 0 0 1 0 12 7 3 1 4 3 3 0 4 2 7 2 1 0 0 0
21510396 547 7 2 3 2 1 1 1 3 1 0 2 1 0 0 0 0 3 2 2 0 3 2 0 0 4 3 12 1 3 6 8 3 8 4 4
21510397 581 4 1 3 1 1 1 0 2 1 0 0 0 0 3 0 1 3 3 6 3 1 8 6 7 0 3 12 2 0 2 2 3
21510398 557 7 2 3 2 3 3 1 3 1 0 1 1 0 0 0 0 1 2 4 1 2 4 2 12 7 1 0 3 5 5 0 0 2 4 1
21510399 563 6 1 2 2 1 3 2 1 0 1 1 0 0 0 0 2 3 1 0 3 0 0 2 1 3 0 0 3 4 4 0 12 5 4
21510400 641 1 2 1 0 3 1 0 0 0 0 0 1 0 0 5 12 1 2 4 6 3 0 4 3 2 1 0 1 0
21510401 631 8 3 1 3 2 1 2 2 3 1 0 2 1 0 0 0 0 2 3 3 1 0 0 1 3 2 6 0 1 4 4 0 3 12 4 0
21510402 543 7 2 1 2 3 1 2 3 1 0 2 1 0 0 0 0 2 3 2 0 0 3 0 1 4 12 0 3 4 3 1 6 4 3 0
21510403 667 7 1 3 3 3 1 2 2 3 1 5 0.33333333333333331 6 0.33333333333333331 7 0.33333333333333331 2 2 3 0 3 9 12 2 0 4 4 0 1 1 3 0 0 2 3
21510404 585 9 2 1 1 1 2 2 3 3 2 1 0 3 1 0 0 0 0 3 4 2 0 0 6 1 0 2 4 4 0 4 3 1 8 12 5 3
21510405 559 9 2 1 2 3 1 3 3 2 2 1 0 3 1 0 0 0 0 2 4 3 0 0 2 1 0 5 3 4 3 5 5 12 1 4 1 3
21510406 496 8 3 1 2 2 1 3 2 2 1 0 3 1 0 0 0 0 2 4 2 3 1 0 0 12 4 3 1 6 3 1 0 3 2 0 0
21510407 542 3 3 2 1 1 0 3 1 0 0 0 0 1 1 1 6 3 12 0 3 5 2 0 3 4 0 0 2 1 0 1
21510408 521 9 2 1 3 2 1 2 3 2 3 1 0 1 1 0 0 0 0 2 4 3 3 0 3 4 1 2 5 0 3 3 12 0 4 0 1 0
21510409 504 5 2 1 3 2 1 1 0 3 1 0 0 0 0 2 2 1 12 7 5 0 4 4 2 0 2 4 0 1 0 0 0 1
21510410 627 8 3 1 2 2 1 2 1 2 1 0 3 1 0 0 0 0 3 4 1 0 0 0 3 0 2 3 12 0 4 6 1 1 3 4 4
21510411 563 1 1 1 0 1 1 0 0 0 0 1 0 0 1 12 5 4 2 5 2 3 0 2 2 3 0 1 0 0
21510412 530 2 3 1 1 0 2 1 0 0 0 0 1 0 1 3 0 3 2 0 1 1 2 0 4 4 1 0 12 3 2
21510413 559 9 2 1 2 3 1 3 2 3 3 1 0 1 1 0 0 0 0 2 3 4 0 1 0 0 0 2 4 2 1 1 5 3 2 3 6 12
21510414 505 2 1 3 1 0 1 1 0 0 0 0 1 0 1 12 4 2 0 4 3 3 0 2 6 0 0 2 0 0 1
21510415 532 4 1 2 1 3 1 0 1 1 0 0 0 0 2 1 1 3 12 2 4 0 6 3 2 0 2 4 1 0 0 8 3
21510416 596 3 1 2 3 1 0 3 1 0 0 0 0 1 1 1 12 6 5 0 4 6 5 0 2 6 1 1 3 0 6 2
21510417 592 11 2 1 3 2 1 3 2 3 1 1 2 1 0 3 1 0 0 0 0 4 4 3 2 3 12 3 2 4 3 1 1 4 1 0 0 0 2 0
21510418 560 3 1 1 3 1 0 2 1 0 0 0 0 2 0 1 0 0 12 5 6 0 4 2 0 3 3 5 0 0 2 1
21510419 528 10 2 2 2 3 1 1 3 2 1 1 1 0 3 1 0 0 0 0 4 4 2 0 1 0 3 0 4 2 0 0 6 5 12 3 5 4 4
21510420 552 0 1 0 1 1 0 0 0 0 0 0 0 12 7 4 0 5 4 2 0 4 2 0 0 3 0 3 1
21510421 494 9 3 2 1 2 2 1 1 3 3 1 0 3 1 0 0 0 0 3 3 3 0 3 3 12 2 0 4 8 0 3 5 7 0 0 3 1
21510422 586 6 1 3 1 1 2 3 1 0 2 1 0 0 0 0 3 1 2 3 3 2 3 0 1 3 5 0 0 6 12 2 0 4 0
21510423 549 6 2 3 2 1 2 3 1 0 2 1 0 0 0 0 1 3 2 1 3 0 1 0 4 2 0 1 4 6 0 1 4 12 0
21510424 575 0 1 0 1 1 0 0 0 0 0 0 0 1 1 2 5 0 0 6 8 0 2 4 12 0 3 4 2
21510425 550 1 3 1 0 2 1 0 0 0 0 0 0 1 0 0 3 0 4 3 0 0 12 4 2 3 6 4 1 1
21510426 565 10 1 1 2 3 1 3 3 2 1 2 1 0 3 1 0 0 0 0 4 3 3 12 5 4 2 3 5 1 3 3 1 3 2 2 0 0 0
21510427 563 0 1 0 2 1 0 0 0 0 0 0 0 1 1 0 0 12 4 3 0 7 3 0 3 4 3 2 0
21510428 550 8 2 3 1 3 2 2 1 3 1 0 1 1 0 0 0 0 2 3 3 12 4 1 0 4 5 3 2 4 2 0 0 0 3 0 1
21510429 555 5 3 1 2 2 2 1 0 3 1 0 0 0 0 1 3 1 1 0 0 0 12 4 0 0 5 4 0 0 1 4 1 2
21510430 609 10 2 3 3 2 1 3 1 3 1 2 1 0 2 1 0 0 0 0 3 3 4 12 3 3 0 3 6 3 0 3 5 2 0 4 1 0 1
21510431 597 3 1 2 3 1 0 3 1 0 0 0 0 1 1 1 0 12 5 2 1 5 2 3 2 3 0 1 0 0 0 1
21510432 583 8 3 3 3 2 1 2 3 2 1 0 1 1 0 0 0 0 1 3 4 2 3 2 1 3 1 5 1 4 3 4 0 12 8 4 0
21510433 516 9 1 2 3 3 2 3 1 2 1 1 0 2 1 0 0 0 0 3 3 3 3 4 3 3 1 6 0 0 12 2 1 0 0 3 0 0
21510434 471 0 1 0 1 1 0 0 0 0 0 0 0 0 0 1 2 2 0 2 0 8 5 4 1 12 4 3 0
21510435 538 8 2 3 3 2 1 2 1 1 1 0 1 1 0 0 0 0 3 3 2 12 4 3 0 6 5 1 0 3 2 4 0 0 0 3 2
21510436 565 11 3 1 3 3 1 1 1 2 2 2 2 1 0 3 1 0 0 0 0 4 4 3 0 2 0 0 12 4 1 0 5 5 1 0 2 1 3 2
21510437 618 7 3 2 1 3 2 1 1 1 0 1 1 0 0 0 0 3 2 2 0 0 3 3 2 4 3 4 2 0 3 4 0 0 6 12
21510438 532 2 2 2 1 0 1 1 0 0 0 0 0 2 0 0 3 0 7 3 5 12 1 4 3 5 0 3 6 3 3
21510439 440 9 3 2 1 1 2 3 1 1 2 1 0 3 1 0 0 0 0 4 3 2 0 3 0 3 12 7 4 0 1 6 4 5 3 2 3 2
21510441 585 5 2 3 2 1 2 1 0 1 1 0 0 0 0 1 3 1 0 2 6 1 0 2 4 5 1 4 7 12 1 3 3 0
21510443 599 1 3 1 0 2 1 0 0 0 0 0 0 1 0 0 1 0 0 0 12 2 6 5 1 3 3 3 3 3
21510444 454 1 1 1 0 3 1 0 0 0 0 1 0 0 0 0 2 3 0 0 4 1 0 0 5 4 2 5 6 12
21510445 550 2 3 3 1 0 2 1 0 0 0 0 0 0 2 12 3 1 2 6 4 0 0 3 1 1 0 2 0 3 0
21510446 544 9 3 3 2 2 3 3 1 1 2 1 0 1 1 0 0 0 0 2 3 4 0 0 2 1 5 0 1 3 6 4 2 1 2 5 12 3
21510447 522 3 3 1 2 1 0 1 1 0 0 0 0 1 1 1 3 5 4 0 8 5 0 2 12 1 3 0 2 4 0 0
21510448 535 8 1 3 3 1 1 1 3 2 1 0 3 1 0 0 0 0 4 1 3 0 0 2 0 1 4 3 0 3 2 3 0 12 5 2 2
21510449 587 7 2 1 3 3 2 1 2 1 0 1 1 0 0 0 0 2 3 2 3 1 0 0 3 2 5 3 4 7 4 8 3 12 4 0
21510450 556 11 2 2 1 3 3 3 3 1 2 2 1 1 0 1 1 0 0 0 0 3 4 4 12 1 0 2 6 4 0 0 1 3 4 3 0 2 0 0
21510451 588 5 2 1 1 1 2 1 0 2 1 0 0 0 0 3 2 0 0 3 6 3 0 1 4 3 0 0 3 8 3 3 2 12
21510452 533 2 1 3 3 1 5 0.33333333333333331 6 0.33333333333333331 7 0.33333333333333331 1 0 1 2 12 2 4 0 1 6 4 0 3 5 4 0 0 3 3
21510453 593 6 2 3 2 1 1 2 1 0 3 1 0 0 0 0 2 3 1 0 1 1 2 3 2 5 3 0 3 1 3 0 12 5 3
21510454 574 0 1 0 3 1 0 0 0 0 0 0 0 0 2 2 1 0 4 3 6 1 12 7 3 0 7 3 0
21510455 523 7 3 2 1 2 3 2 1 1 0 3 1 0 0 0 0 2 3 2 1 0 1 3 0 3 3 6 0 2 4 3 0 12 4 3
21510456 416 11 1 2 1 3 2 2 2 3 1 3 1 1 0 3 1 0 0 0 0 4 4 3 3 0 2 0 2 0 4 3 0 5 6 4 0 1 1 12
21510457 490 3 3 2 1 1 0 1 1 0 0 0 0 1 1 1 4 3 1 0 3 5 2 3 12 4 1 2 2 4 4 0
21510458 563 11 3 3 1 2 3 3 1 2 1 2 2 1 0 1 1 0 0 0 0 3 4 4 3 1 6 2 12 3 0 3 2 6 0 0 1 3 0 0
21510459 537 3 3 3 2 1 0 1 1 0 0 0 0 0 1 2 3 3 7 12 1 3 1 4 0 2 3 3 0 2 0 0
21510460 543 11 1 1 1 1 3 2 2 3 2 3 3 1 0 2 1 0 0 0 0 4 3 4 4 4 0 0 2 6 3 1 2 12 0 3 1 3 3 0
21510461 524 4 3 2 2 1 1 0 2 1 0 0 0 0 1 2 1 0 1 3 12 3 5 6 5 0 1 1 4 3 0 2 6
21510462 588 3 2 1 2 1 0 2 1 0 0 0 0 1 2 0 0 1 0 0 0 2 0 3 3 5 12 1 1 5 4 4
21510463 483 11 1 2 1 1 1 2 3 3 3 2 2 1 0 3 1 0 0 0 0 4 4 3 4 3 0 0 5 2 3 0 12 4 1 1 2 0 0 0
21510464 490 5 2 2 1 1 2 1 0 3 1 0 0 0 0 2 3 0 0 7 12 3 3 3 7 3 1 6 6 0 0 3 3 0
21510465 638 11 2 1 2 1 3 2 3 2 3 1 3 1 0 1 1 0 0 0 0 3 4 4 3 0 4 0 2 4 6 2 0 0 1 12 0 1 3 4
21510467 506 3 3 1 1 1 0 1 1 0 0 0 0 2 0 1 0 4 7 12 7 4 5 2 2 3 6 3 3 1 2 2
21510468 486 5 2 2 3 1 1 1 0 2 1 0 0 0 0 2 2 1 0 1 5 5 3 2 6 1 0 2 0 12 1 3 0 0
21510469 560 7 3 1 1 1 1 3 2 1 0 3 1 0 0 0 0 4 1 2 4 7 12 7 3 5 6 0 2 4 6 0 2 2 0 0
21510470 593 5 2 2 2 1 1 1 0 1 1 0 0 0 0 2 3 0 3 12 4 2 0 4 6 1 0 4 2 3 0 1 3 0
21510471 601 3 3 1 2 3 1 7 0.33333333333333331 8 0.33333333333333331 9 0.33333333333333331 1 1 1 0 0 3 1 12 3 2 0 8 0 3 0 5 4 0 0
21510472 648 9 3 1 2 3 3 2 2 1 1 1 0 3 1 0 0 0 0 3 3 3 0 0 0 2 0 3 4 4 0 2 3 12 1 3 4 1
21510473 534 6 2 3 2 3 1 2 1 0 3 1 0 0 0 0 1 3 2 0 3 2 12 0 3 5 4 1 0 4 4 0 1 1 3
21510474 613 2 2 2 1 0 1 1 0 0 0 0 0 2 0 0 0 0 6 3 3 5 12 0 5 5 3 0 1 0 3
21510475 544 8 1 3 2 1 3 3 2 2 1 0 3 1 0 0 0 0 2 3 3 0 1 5 12 0 3 4 3 2 1 3 2 0 1 0 0
21510476 530 3 1 2 1 1 0 3 1 0 0 0 0 2 1 0 0 2 1 0 12 7 4 2 1 5 5 3 4 2 0 0
21510477 521 11 2 2 3 1 1 2 3 1 3 2 3 1 0 1 1 0 0 0 0 3 4 4 0 1 2 0 0 0 3 1 1 2 6 4 0 12 4 2
21510478 543 9 1 1 2 3 3 1 1 2 2 1 0 3 1 0 0 0 0 4 3 2 0 0 2 0 1 5 4 0 2 4 12 0 0 3 3 6
21510479 583 11 3 1 1 2 2 3 3 1 1 3 2 1 0 2 1 0 0 0 0 4 3 4 2 1 0 1 5 5 0 0 3 7 2 3 12 4 5 0
21510480 450 7 2 3 1 3 3 1 1 1 0 2 1 0 0 0 0 3 1 3 0 0 3 3 0 2 2 0 2 1 5 1 0 3 3 12
21510481 537 0 1 0 1 1 0 0 0 0 0 0 0 3 12 3 2 0 3 5 4 0 4 3 4 0 0 0 3
21510482 498 8 2 2 3 3 1 1 1 3 1 0 2 1 0 0 0 0 3 2 3 0 1 0 4 1 3 6 3 2 0 4 12 0 3 2 3
21510483 596 4 3 2 3 2 1 0 3 1 0 0 0 0 0 2 2 0 0 0 2 0 4 1 1 0 2 4 3 1 1 12 5
21510484 559 9 2 2 3 3 2 1 2 3 1 1 0 3 1 0 0 0 0 2 4 3 1 4 0 0 4 5 0 0 1 4 0 0 12 2 3 1
21510485 505 10 1 1 3 3 1 3 2 3 2 2 1 0 1 1 0 0 0 0 3 3 4 0 0 1 2 3 2 3 0 3 5 1 0 12 5 3 2
21510486 559 8 1 2 1 3 1 3 3 2 1 0 2 1 0 0 0 0 3 2 3 0 2 0 3 1 3 7 1 0 0 5 3 0 2 3 12
21510487 553 0 1 0 3 1 0 0 0 0 0 0 0 0 0 2 1 12 3 2 3 6 3 4 0 1 2 3 1
21510488 559 1 1 1 0 3 1 0 0 0 0 1 0 0 0 0 5 0 6 4 12 3 0 4 3 3 2 1 2 6
21510489 531 5 1 2 2 2 3 1 0 3 1 0 0 0 0 1 3 1 0 0 1 0 2 0 3 3 1 1 6 3 0 3 6 12
21510491 493 5 1 1 2 3 2 1 0 3 1 0 0 0 0 2 2 1 0 0 0 3 2 4 3 12 0 1 0 5 0 0 3 4
21510492 544 10 2 3 1 2 1 3 2 3 1 3 3 1 6 0.33333333333333331 7 0.33333333333333331 8 0.33333333333333331 3 3 4 2 3 12 1 1 6 5 4 0 5 1 4 5 2 3 2
21510493 566 6 2 2 3 3 2 2 1 0 1 1 0 0 0 0 0 4 2 12 3 1 3 7 6 4 3 5 3 5 0 0 1 1 6
21510494 534 6 1 1 2 2 1 3 1 0 3 1 0 0 0 0 3 2 1 0 3 4 3 2 6 5 7 0 12 7 3 3 0 2 1
21510495 530 4 2 1 2 3 1 0 1 1 0 0 0 0 1 2 1 12 4 3 3 7 4 0 1 6 3 2 0 0 0 0 3
21510496 492 3 1 2 2 1 0 3 1 0 0 0 0 1 2 0 8 0 0 3 5 1 0 0 3 3 3 1 4 12 2 0
21510497 539 5 3 3 1 3 1 1 0 1 1 0 0 0 0 2 0 3 0 2 0 0 1 2 0 0 4 3 2 2 12 7 6 0
21510498 601 4 1 2 3 3 1 0 3 1 0 0 0 0 1 1 2 4 8 12 2 2 6 1 0 0 4 6 0 1 0 0 0
21510499 505 5 3 3 1 1 2 1 0 1 1 0 0 0 0 2 1 2 2 6 0 0 3 4 0 0 3 4 3 0 4 7 12 2
21510500 573 7 2 2 1 1 2 1 3 1 0 1 1 0 0 0 0 3 3 1 0 2 4 12 3 4 6 4 0 0 0 3 0 0 4 3
21510501 575 2 2 1 1 0 3 1 0 0 0 0 1 1 0 0 2 1 12 3 4 6 7 0 3 7 6 2 0 1 0
21510502 586 3 2 1 3 1 0 1 1 0 0 0 0 1 1 1 0 4 3 3 1 4 3 7 0 2 2 12 0 0 3 0
21510503 476 2 1 2 1 0 1 1 0 0 0 0 1 1 0 1 1 2 0 12 3 2 3 6 4 0 0 4 2 0 0
21510504 493 0 1 0 2 1 0 0 0 0 0 0 0 0 0 2 0 0 3 1 1 3 6 6 1 0 12 3 2
21510506 582 3 3 2 1 1 0 3 1 0 0 0 0 1 1 1 12 6 1 0 4 4 4 0 4 0 3 0 2 1 0 2
21510507 471 0 1 0 2 1 0 0 0 0 0 0 0 2 12 3 1 4 5 2 1 3 3 4 0 4 1 0 0
21510508 536 0 1 0 3 1 0 0 0 0 0 0 0 1 3 1 2 0 5 1 2 0 4 4 12 0 3 2 0
21510509 519 1 2 1 0 2 1 0 0 0 0 0 1 0 0 0 1 3 1 6 3 0 1 5 3 0 12 5 2 0
21510510 565 0 3 1 5 0.33333333333333331 6 0.33333333333333331 7 0.33333333333333331 0 0 0 1 4 6 12 0 2 3 5 0 0 3 8 0 0 3 0
21510511 619 4 1 2 3 1 1 0 1 1 0 0 0 0 2 1 1 0 0 2 2 0 3 4 5 0 3 5 7 3 3 4 12
21510512 465 11 1 1 2 2 1 1 2 3 2 3 3 1 0 3 1 0 0 0 0 4 4 3 12 1 3 2 5 7 1 0 3 4 0 0 0 0 2 0
21510513 564 3 2 1 3 1 0 3 1 0 0 0 0 1 1 1 12 7 3 3 1 5 3 5 5 4 3 0 2 0 0 0
21510514 598 1 2 1 0 1 1 0 0 0 0 0 1 0 0 1 0 0 2 4 3 0 1 3 5 2 4 12 3 0
21510515 617 10 2 3 3 3 2 2 3 2 1 1 1 0 1 1 0 0 0 0 2 4 4 0 0 1 0 0 0 3 5 6 4 5 7 2 7 1 12
21510516 683 10 3 1 2 1 3 2 1 1 3 2 1 0 2 1 0 0 0 0 4 3 3 0 2 4 4 3 2 4 1 0 5 1 12 0 0 0 5
21510517 597 2 2 1 1 0 1 1 0 0 0 0 1 1 0 12 4 3 0 7 4 0 0 2 5 4 0 3 3 0 3
21510518 595 5 2 2 1 3 2 1 0 2 1 0 0 0 0 1 3 1 3 1 3 1 5 1 3 0 12 4 3 3 3 3 0 0
21510519 639 6 3 3 1 1 3 2 1 0 2 1 0 0 0 0 2 1 3 0 0 2 0 6 3 0 3 7 4 0 0 12 8 1 0
21510520 526 9 3 2 1 1 3 2 2 3 2 1 0 1 1 0 0 0 0 2 4 3 1 2 1 0 0 2 1 3 4 3 4 0 12 7 3 0
21510521 500 4 3 2 2 2 1 0 1 1 0 0 0 0 0 3 1 12 3 1 4 8 3 5 1 3 4 0 2 0 1 0 0
21510523 516 7 1 1 3 2 2 1 3 1 0 3 1 0 0 0 0 3 2 2 1 2 0 0 4 1 3 1 2 2 4 2 12 3 3 0
21510524 571 7 2 3 3 1 1 2 3 1 0 1 1 0 0 0 0 2 2 3 3 3 0 0 2 4 5 12 2 3 5 8 0 1 3 3
21510525 594 7 3 3 1 3 2 2 3 1 0 2 1 0 0 0 0 1 2 4 0 5 3 4 5 7 6 5 1 3 3 12 0 1 0 0
21510527 588 6 2 3 1 3 3 2 1 0 2 1 0 0 0 0 1 2 3 3 4 7 12 0 3 0 4 0 0 0 1 1 0 0 0
21510528 639 8 3 1 2 1 3 1 3 2 1 0 1 1 0 0 0 0 3 2 3 3 6 12 0 4 3 3 3 2 7 3 0 2 7 0 0
21510529 576 5 3 2 3 3 2 3 1 7 0.33333333333333331 8 0.33333333333333331 9 0.33333333333333331 0 2 3 0 7 5 1 0 1 5 2 1 12 3 2 0 3 3 1
21510530 450 10 2 1 2 3 3 1 2 3 1 3 3 1 5 0.33333333333333331 6 0.33333333333333331 7 0.33333333333333331 3 3 4 0 4 4 1 0 5 12 2 3 4 1 3 1 2 7 2
21510531 558 6 3 2 2 3 1 1 1 0 3 1 0 0 0 0 2 2 2 2 0 3 0 2 1 1 0 3 0 7 2 1 6 12 8
21510533 642 2 3 3 1 0 2 1 0 0 0 0 0 0 2 0 0 0 1 4 4 3 2 1 5 5 0 12 7 3 0
21510534 534 3 3 1 3 1 0 1 1 0 0 0 0 1 0 2 1 12 3 2 0 2 5 5 0 2 6 3 0 2 1 0
21510535 583 6 1 1 2 3 3 2 3 1 4 0.33333333333333331 5 0.33333333333333331 6 0.33333333333333331 2 2 2 0 3 1 0 0 3 5 12 0 2 3 5 1 1 2 2
21510536 512 4 1 1 2 2 1 0 3 1 0 0 0 0 2 2 0 0 0 0 1 1 2 3 5 0 5 6 5 0 4 2 12
21510537 518 8 3 3 1 3 2 1 1 3 1 0 2 1 0 0 0 0 3 1 4 12 2 2 1 5 5 0 0 5 1 8 2 0 1 0 2
21510538 605 5 3 1 2 3 1 1 0 2 1 0 0 0 0 2 1 2 0 1 3 1 0 4 5 2 2 2 5 3 0 12 1 3
21510539 554 8 1 2 2 1 3 1 3 3 1 0 2 1 0 0 0 0 3 2 3 0 1 3 0 0 4 6 0 0 4 5 5 2 12 7 5
21510540 543 0 1 0 1 1 0 0 0 0 0 0 0 0 3 0 0 12 4 4 3 2 4 5 0 4 8 3 0
21510541 563 7 2 1 1 1 1 3 2 1 0 3 1 0 0 0 0 4 2 1 4 4 2 0 12 7 4 2 7 3 0 0 0 0 0 3
21510542 548 2 3 2 1 0 2 1 0 0 0 0 0 1 1 1 3 0 0 0 7 0 3 12 3 5 3 5 1 2 1
21510543 510 5 1 3 2 1 2 1 0 3 1 0 0 0 0 2 2 1 2 0 0 1 6 12 3 1 4 4 0 0 2 3 0 0
21510545 507 7 2 3 1 2 1 3 2 1 0 1 1 0 0 0 0 2 3 2 0 1 0 0 12 4 3 2 4 1 5 2 3 3 4 5
21510546 557 10 2 1 2 3 3 1 1 3 3 2 1 0 2 1 0 0 0 0 3 3 4 2 5 1 3 1 1 3 12 2 4 3 2 0 0 1 5
21510547 517 9 2 1 2 3 1 3 2 3 1 1 0 3 1 0 0 0 0 3 3 3 12 3 1 0 3 8 6 1 3 4 2 5 5 0 2 0
21510548 497 0 1 0 3 1 0 0 0 0 0 0 0 0 0 2 0 3 1 4 3 3 6 6 2 0 4 1 12
21510549 525 2 3 1 1 0 1 1 0 0 0 0 1 0 1 0 0 0 3 0 0 0 4 2 2 4 4 0 12 6 5
21510550 572 7 1 2 3 2 1 2 1 1 0 3 1 0 0 0 0 3 3 1 1 3 12 0 3 3 2 1 4 5 3 0 3 0 2 0
21510551 475 7 1 2 3 3 3 1 2 1 0 3 1 0 0 0 0 2 2 3 4 5 12 2 4 3 1 0 5 4 2 0 3 1 0 0
21510552 534 9 2 3 3 1 3 1 3 2 2 1 0 2 1 0 0 0 0 2 3 4 0 12 7 1 2 5 4 3 1 3 3 4 0 1 0 0
21510553 511 8 2 1 1 3 3 1 2 3 1 0 2 1 0 0 0 0 3 2 3 3 1 0 0 1 5 1 3 2 4 2 2 4 12 2 1
21510554 537 2 3 2 1 0 1 1 0 0 0 0 0 1 1 12 7 4 3 3 5 6 0 3 3 3 3 3 1 2 0
21510555 488 7 2 3 1 3 1 3 3 1 0 2 1 0 0 0 0 2 1 4 0 2 0 1 3 3 2 0 7 5 4 2 12 1 3 1
21510556 525 8 2 1 1 3 1 2 2 3 1 0 1 1 0 0 0 0 3 3 2 2 1 3 12 2 4 7 2 0 1 4 4 0 0 3 0
21510557 620 3 2 2 3 1 0 3 1 0 0 0 0 0 2 1 3 0 0 0 1 1 0 2 4 5 0 0 7 12 4 1
21510558 577 0 1 0 2 1 0 0 0 0 0 0 0 0 3 0 3 1 4 3 4 3 12 5 4 0 0 0 3
21510559 544 11 1 3 2 3 3 1 1 2 1 2 3 1 0 2 1 0 0 0 0 4 3 4 12 3 3 2 5 6 1 0 3 3 0 0 0 1 2 0
21510560 534 11 1 3 2 2 1 1 3 3 2 1 3 1 0 2 1 0 0 0 0 4 3 4 0 3 4 12 3 2 5 7 0 0 4 6 1 1 0 2
21510561 524 1 2 1 0 1 1 0 0 0 0 0 1 0 1 0 2 12 0 3 4 1 3 2 5 4 0 0 0 3
21510562 438 9 3 1 2 2 1 2 1 3 2 1 0 1 1 0 0 0 0 3 4 2 3 0 3 3 4 3 2 5 0 1 12 4 0 4 3 4
21510563 555 8 3 1 1 3 1 2 3 2 1 0 1 1 0 0 0 0 3 2 3 0 2 2 0 2 4 3 1 0 4 5 3 0 12 5 4
21510564 534 7 1 3 3 2 1 2 3 1 0 2 1 0 0 0 0 2 2 3 12 4 2 2 7 4 1 1 4 3 1 0 0 0 3 0
21510565 518 0 1 0 3 1 0 0 0 0 0 0 0 4 1 3 2 3 2 4 1 12 2 4 0 0 0 1 0
21510566 531 0 1 0 1 1 0 0 0 0 0 0 0 12 2 5 2 4 7 5 1 3 5 4 0 0 0 3 0
21510567 430 7 3 1 2 1 1 3 3 1 0 2 1 0 0 0 0 3 1 3 12 7 2 0 4 3 0 3 3 6 4 0 1 0 2 0
21510568 600 0 1 0 1 1 0 0 0 0 0 0 0 0 2 0 3 1 3 3 0 2 5 7 12 0 3 3 3
21510569 566 10 2 1 3 2 2 1 2 1 3 3 1 0 1 1 0 0 0 0 3 4 3 3 0 0 0 0 0 3 0 0 1 5 4 2 5 6 12
21510570 551 3 3 1 2 1 0 2 1 0 0 0 0 1 1 1 3 4 5 12 0 3 6 7 0 0 5 5 0 3 1 0
21510571 560 11 2 3 2 2 3 1 1 3 1 1 3 1 0 2 1 0 0 0 0 4 3 4 0 0 1 0 2 1 0 0 5 6 0 0 12 3 2 3
21510572 629 7 2 1 3 2 1 3 2 1 0 2 1 0 0 0 0 2 3 2 1 1 4 0 3 5 2 0 1 1 4 0 12 4 2 3
21510573 499 9 3 2 1 3 2 2 1 1 1 3 1 5 0.33333333333333331 6 0.33333333333333331 7 0.33333333333333331 4 3 2 12 3 0 3 7 3 0 0 4 5 2 0 0 3 0 0
21510574 513 8 1 3 1 3 2 1 2 3 1 0 3 1 0 0 0 0 3 2 3 12 7 5 0 4 5 2 2 2 1 3 0 0 1 0 0
21510575 523 10 3 3 2 3 1 2 2 2 1 3 1 0 1 1 0 0 0 0 2 4 4 3 0 1 0 1 12 6 3 4 6 7 0 3 4 0 2
21510576 628 3 2 3 2 1 0 3 1 0 0 0 0 0 2 1 0 1 3 12 3 2 6 8 3 4 1 3 3 1 0 0
21510577 536 3 2 1 3 1 0 2 1 0 0 0 0 1 1 1 12 7 8 4 1 5 4 0 3 4 3 0 0 2 0 1
21510578 584 11 1 2 3 1 1 2 3 3 2 2 3 1 0 1 1 0 0 0 0 3 4 4 8 1 5 0 6 4 5 3 12 6 2 0 3 4 1 2
21510579 529 0 1 0 1 1 0 0 0 0 0 0 0 3 0 0 0 12 4 2 1 3 3 4 0 4 3 2 0
21510580 569 11 1 2 2 3 2 3 2 3 3 1 1 3 1 7 0.33333333333333331 8 0.33333333333333331 9 0.33333333333333331 3 4 4 0 0 3 0 0 1 2 0 3 5 3 0 4 7 12 1
21510581 631 11 2 1 3 3 2 1 1 3 3 2 2 1 0 1 1 0 0 0 0 3 4 4 0 0 1 0 0 3 4 0 8 5 3 0 4 3 12 2
21510582 568 10 1 2 2 3 3 2 1 3 3 2 1 0 1 1 0 0 0 0 2 4 4 1 0 3 0 3 0 2 3 1 3 5 7 0 3 4 12
21510583 608 8 1 3 1 2 2 2 3 1 1 0 3 1 0 0 0 0 3 3 2 3 0 1 1 2 3 6 5 2 3 4 5 0 0 3 12
21510584 539 7 3 2 1 1 2 1 1 1 0 3 1 0 0 0 0 4 2 1 7 3 0 0 12 4 4 6 2 3 3 6 2 2 1 0
21510587 551 6 1 3 1 1 2 1 1 0 3 1 0 0 0 0 4 1 1 0 0 3 7 2 6 3 4 0 3 4 12 2 3 6 2
21510588 562 6 2 1 2 1 1 3 1 0 3 1 0 0 0 0 3 2 1 4 5 12 7 2 3 4 0 0 1 0 2 0 3 0 0
21510589 549 6 2 3 3 1 1 1 1 0 1 1 0 0 0 0 3 1 2 2 3 0 0 3 5 0 0 3 4 7 2 4 3 12 2
21510590 511 7 2 3 1 1 2 1 1 1 0 2 1 0 0 0 0 4 2 1 0 3 0 0 2 3 0 0 2 7 3 3 4 1 12 0
21510591 544 9 3 3 3 1 3 1 2 1 1 1 0 2 1 0 0 0 0 4 1 4 2 0 0 0 2 3 1 0 3 6 0 2 12 4 3 4
21510592 562 2 1 3 1 0 1 1 0 0 0 0 1 0 1 0 0 0 3 4 3 0 0 2 4 2 0 12 6 7 3
21510593 566 6 2 2 2 1 1 3 1 0 3 1 0 0 0 0 2 3 1 3 0 1 0 0 1 3 2 0 4 6 4 0 4 4 12
21510594 499 0 1 0 3 1 0 0 0 0 0 0 0 12 7 5 0 5 3 3 3 1 4 2 0 0 2 0 1
21510595 587 2 3 3 1 0 2 1 0 0 0 0 0 0 2 0 2 0 0 0 1 3 1 5 4 4 4 3 7 7 12
21510596 515 3 3 1 3 1 0 2 1 0 0 0 0 1 0 2 12 2 0 1 1 5 3 4 5 4 3 0 3 2 0 0
21510597 598 11 2 2 3 1 2 3 3 1 1 2 3 1 0 1 1 0 0 0 0 3 4 4 0 7 4 12 0 2 4 6 0 3 1 3 3 2 1 3
21510598 559 2 3 2 1 0 2 1 0 0 0 0 0 1 1 3 0 1 0 1 3 2 3 4 12 1 0 5 4 0 3
21510600 568 8 3 3 1 1 2 1 2 1 1 0 3 1 0 0 0 0 4 2 2 4 12 2 3 3 4 3 0 2 5 3 2 0 1 0 0
