21510901 817 6 2 3 3 1 2 1 1 0 3 1 0 0 0 0 2 2 2 2 3 0 3 3 3 4 0 4 13 1 0 3 2 1 0
21510904 901 8 1 3 3 3 3 1 1 2 1 0 2 1 0 0 0 0 3 1 4 2 0 0 0 13 7 4 0 1 4 7 2 7 3 2 1
21510906 1027 5 3 3 3 2 3 1 0 1 1 0 0 0 0 0 1 4 2 13 3 8 5 7 7 2 4 3 3 5 1 1 0 4
21510908 931 4 2 1 3 3 1 0 1 1 0 0 0 0 1 1 2 0 0 2 0 1 6 2 0 4 4 5 0 13 3 3 3
21510909 866 1 3 1 0 2 1 0 0 0 0 0 0 1 3 1 0 3 9 13 3 0 6 4 3 1 3 5 2 0
21510913 924 9 3 3 1 1 2 1 2 3 2 1 0 1 1 0 0 0 0 3 3 3 0 0 3 0 0 5 3 13 0 1 4 4 2 2 3 3
21510916 951 0 1 0 1 1 0 0 0 0 0 0 0 0 2 2 0 0 1 4 0 8 3 6 3 0 13 8 5
21510918 858 11 1 3 2 1 2 3 3 2 1 3 2 1 0 1 1 0 0 0 0 3 4 4 0 1 13 2 4 3 4 2 7 5 8 2 0 1 4 1
21510919 951 11 1 3 2 2 2 1 3 2 3 1 3 1 0 1 1 0 0 0 0 3 4 4 1 5 6 3 8 13 4 3 4 4 2 0 5 1 2 0
21510920 916 11 1 2 2 1 3 2 3 3 1 1 2 1 0 3 1 0 0 0 0 4 4 3 3 2 6 4 4 2 1 0 13 7 3 1 0 9 0 6
21510921 962 10 2 1 3 2 2 1 1 3 1 3 1 0 3 1 0 0 0 0 4 3 3 13 8 6 2 5 2 3 0 1 3 0 1 0 4 0 2
21510922 811 8 1 3 2 1 3 1 2 1 1 0 3 1 0 0 0 0 4 2 2 13 3 3 2 6 3 2 0 4 5 0 0 3 3 0 0
21510924 832 4 1 2 3 1 1 0 3 1 0 0 0 0 2 1 1 0 3 0 0 13 4 3 2 4 4 9 6 1 2 3 0
21510925 955 8 3 1 2 1 1 2 2 2 1 0 1 1 0 0 0 0 3 4 1 0 3 0 1 0 0 3 3 3 4 3 2 3 6 7 13
21510926 965 9 1 2 3 3 2 3 2 1 1 1 0 2 1 0 0 0 0 3 3 3 3 0 0 0 1 1 1 4 0 5 4 4 0 2 13 2
21510928 1021 0 3 1 8 0.33333333333333331 9 0.33333333333333331 10 0.33333333333333331 0 0 0 3 7 13 3 5 5 4 0 8 0 3 0 2 1 0 0
21510929 833 8 1 1 2 3 2 3 3 3 1 0 1 1 0 0 0 0 2 2 4 2 0 0 0 1 2 0 3 0 3 4 4 4 5 6 13
21510930 754 7 1 1 3 1 2 3 1 1 0 3 1 0 0 0 0 4 1 2 2 0 3 3 1 6 7 4 0 3 7 13 2 2 3 2
21510931 900 1 3 1 0 2 1 0 0 0 0 0 0 1 0 4 8 13 0 2 5 1 1 0 2 4 1 0 0 0
21510932 887 9 2 3 2 2 3 1 1 3 2 1 0 3 1 0 0 0 0 2 4 3 0 13 4 1 1 4 6 2 0 0 1 2 0 0 0 1
21510933 974 5 3 2 1 3 2 1 0 3 1 0 0 0 0 1 2 2 0 1 0 0 4 6 2 2 1 6 3 0 13 4 6 1
21510934 746 9 2 1 1 2 1 2 3 1 3 1 0 3 1 0 0 0 0 4 3 2 0 2 3 3 0 3 4 4 1 3 4 2 2 1 3 13
21510935 1030 3 1 2 2 1 0 2 1 0 0 0 0 1 2 0 8 8 0 0 13 6 4 3 3 8 5 1 1 4 5 3
21510936 978 3 3 1 2 1 0 1 1 0 0 0 0 1 1 1 0 0 3 2 0 3 5 7 1 4 2 3 0 13 4 3
21510939 852 3 3 2 1 1 0 1 1 0 0 0 0 1 1 1 1 4 13 1 5 3 4 7 3 1 2 2 0 0 2 2
21510940 866 7 2 3 3 2 1 3 2 1 0 1 1 0 0 0 0 1 3 3 6 0 1 0 7 2 4 3 13 4 2 1 3 5 1 4
21510942 989 1 1 1 0 2 1 0 0 0 0 1 0 0 3 8 9 3 4 13 5 2 4 5 4 4 0 1 0 0
21510943 995 7 3 1 3 2 2 1 2 1 0 3 1 0 0 0 0 2 3 2 0 2 3 13 5 5 4 7 4 3 3 4 0 1 1 0
21510944 902 8 3 2 2 1 1 3 2 2 1 0 3 1 0 0 0 0 2 4 2 0 0 3 0 0 0 1 0 1 3 8 4 0 5 3 13
21510945 1119 4 3 1 1 2 1 0 3 1 0 0 0 0 2 1 1 3 0 0 3 0 0 5 3 0 1 2 4 0 4 2 13
21510946 833 3 1 3 3 1 0 2 1 0 0 0 0 1 0 2 2 1 0 0 0 3 2 4 0 1 5 3 0 0 3 13
21510947 942 2 1 2 1 0 2 1 0 0 0 0 1 1 0 0 0 2 0 1 1 4 3 1 13 3 4 2 3 5 3
21510948 877 0 1 0 1 1 0 0 0 0 0 0 0 3 4 1 13 1 3 6 9 0 4 2 4 0 2 3 2
21510950 779 2 1 3 1 0 3 1 0 0 0 0 1 0 1 1 2 0 0 0 2 13 2 4 5 1 0 4 7 3 4
21510951 1044 2 1 1 1 0 3 1 0 0 0 0 2 0 0 1 2 0 0 4 2 4 0 2 6 2 0 13 1 4 3
21510953 901 3 3 3 3 1 0 1 1 0 0 0 0 0 0 3 0 3 0 0 0 0 13 1 2 3 4 2 4 5 3 4
21510954 756 7 3 3 2 2 2 1 1 1 0 2 1 0 0 0 0 2 3 2 4 3 1 3 3 13 1 3 4 3 0 0 6 0 3 0
21510957 805 0 1 0 2 1 0 0 0 0 0 0 0 0 0 3 0 0 6 1 1 0 7 13 2 1 2 3 3
21510959 941 7 1 2 3 1 2 1 3 1 0 3 1 0 0 0 0 3 2 2 3 0 0 0 4 2 1 2 6 5 8 0 13 3 1 2
21510961 794 0 1 0 1 1 0 0 0 0 0 0 0 0 3 0 2 3 5 5 1 3 6 7 3 13 5 2 0
21510964 914 3 2 3 1 1 0 1 1 0 0 0 0 1 1 1 0 2 0 0 3 3 0 0 4 6 0 0 13 9 6 3
21510965 1008 1 2 3 1 6 0.33333333333333331 7 0.33333333333333331 8 0.33333333333333331 0 1 0 13 3 6 0 4 2 4 3 1 4 1 0 2 1 0 3
21510966 999 9 2 3 2 1 2 3 1 1 3 1 0 2 1 0 0 0 0 3 3 3 13 4 5 3 1 1 2 2 3 1 4 3 1 0 3 2
21510969 888 7 3 1 2 1 2 2 2 1 0 1 1 0 0 0 0 2 4 1 0 0 1 0 4 4 0 3 5 3 3 0 13 6 4 0
21510971 924 10 1 2 1 3 1 2 2 3 3 2 1 0 3 1 0 0 0 0 3 4 3 6 1 0 0 1 2 2 3 4 5 3 1 3 7 3 13
21510974 950 1 3 1 0 2 1 0 0 0 0 0 0 1 0 1 3 3 0 6 5 3 2 3 4 3 1 3 13 3
21510975 921 5 2 1 3 2 3 1 0 3 1 0 0 0 0 1 2 2 3 3 1 2 6 4 5 1 13 3 6 1 0 0 2 0
21510976 792 2 2 3 1 0 1 1 0 0 0 0 0 1 1 2 3 3 6 4 1 6 3 5 4 13 1 0 0 2 3
21510977 921 3 2 3 2 1 0 1 1 0 0 0 0 0 2 1 2 1 4 8 4 13 1 0 3 4 4 0 3 3 3 0
21510978 775 6 2 2 2 2 3 1 1 0 1 1 0 0 0 0 1 4 1 0 1 4 13 0 1 6 5 1 0 2 8 0 0 3 3
21510979 793 10 1 3 2 3 1 1 3 1 3 2 1 0 2 1 0 0 0 0 4 2 4 13 4 3 2 3 5 0 0 3 7 0 0 3 0 0 0
21510980 992 11 2 1 2 2 3 3 3 2 1 1 1 3 1 8 0.33333333333333331 9 0.33333333333333331 10 0.33333333333333331 4 4 3 13 3 3 2 9 4 6 3 3 3 0 0 3 1 0 0
21510981 810 6 1 3 3 2 2 1 1 0 1 1 0 0 0 0 2 2 2 0 3 0 0 3 2 3 0 4 4 2 0 3 5 13 1
21510982 835 4 1 3 1 2 1 0 2 1 0 0 0 0 2 1 1 0 3 5 3 0 2 4 1 0 3 4 8 1 2 5 13
21510985 930 6 2 1 2 3 3 2 1 0 1 1 0 0 0 0 1 3 2 9 13 1 4 0 5 5 4 0 3 3 1 0 2 0 0
21510986 917 7 1 1 1 3 2 3 2 1 0 2 1 0 0 0 0 3 2 2 4 4 4 13 1 7 5 8 3 1 2 5 2 0 6 0
21510988 1034 8 3 2 1 2 1 1 3 3 1 0 1 1 0 0 0 0 3 2 3 3 1 0 0 1 3 2 0 3 4 5 2 13 4 2 2
21510989 951 5 2 2 3 1 1 1 0 3 1 0 0 0 0 2 2 1 13 3 1 0 3 6 2 4 1 4 2 0 3 0 2 1
21510990 886 2 3 2 1 0 1 1 0 0 0 0 0 1 1 3 0 5 3 0 3 3 5 0 3 6 4 0 13 3 5
21510992 856 6 1 1 3 1 2 2 1 0 3 1 0 0 0 0 3 2 1 0 0 0 1 3 2 0 0 2 3 5 4 0 13 7 4
21510994 814 10 3 1 3 3 2 1 1 3 1 2 1 0 2 1 0 0 0 0 4 2 4 4 0 0 2 5 2 0 0 3 5 1 0 13 3 3 0
21510996 914 0 1 0 3 1 0 0 0 0 0 0 0 3 3 13 6 3 5 7 4 2 2 3 1 3 0 0 1
21510997 784 2 1 3 1 0 2 1 0 0 0 0 1 0 1 0 0 3 3 0 5 4 7 2 3 6 1 0 4 8 13
21510999 807 11 2 1 3 3 1 2 3 1 2 2 3 1 0 1 1 0 0 0 0 3 4 4 0 0 2 0 2 1 3 0 4 1 2 0 13 6 5 1
21511002 863 8 1 2 1 2 3 1 1 3 1 0 2 1 0 0 0 0 4 2 2 0 0 3 13 3 3 6 7 3 4 3 4 0 0 2 3
21511003 906 2 2 3 1 0 3 1 0 0 0 0 0 1 1 1 0 2 1 0 3 5 1 0 4 5 13 0 7 6 2
21511004 1021 10 2 2 3 1 1 3 3 2 1 1 1 0 2 1 0 0 0 0 4 3 3 4 5 1 4 1 6 3 1 4 2 13 0 2 2 4 3
21511006 966 3 3 1 1 1 0 2 1 0 0 0 0 2 0 1 2 5 1 0 13 1 3 2 7 4 2 4 0 3 0 3
21511007 944 4 2 1 2 3 1 0 3 1 0 0 0 0 1 2 1 3 1 4 3 13 7 1 0 5 4 0 0 2 3 0 0
21511008 1068 1 1 1 0 2 1 0 0 0 0 1 0 0 0 3 0 0 4 2 3 1 1 7 6 2 13 3 4 0
21511011 1010 2 2 1 1 0 2 1 0 0 0 0 1 1 0 3 1 3 1 1 13 0 0 2 6 4 2 5 6 4 0
21511012 896 3 1 2 1 1 0 3 1 0 0 0 0 2 1 0 0 0 0 2 3 0 3 0 3 5 3 4 4 3 13 7
21511013 898 3 2 3 1 1 0 1 1 0 0 0 0 1 1 1 5 2 4 3 0 6 4 2 0 13 1 4 0 8 0 3
21511014 959 5 3 2 1 2 3 1 0 2 1 0 0 0 0 1 2 2 13 8 4 5 5 5 7 3 4 3 3 1 0 0 0 1
21511015 1032 0 1 0 2 1 0 0 0 0 0 0 0 0 0 1 0 13 3 3 2 1 1 5 3 3 3 6 2
21511016 899 9 1 3 3 2 2 3 1 2 3 1 0 2 1 0 0 0 0 2 3 4 13 4 2 0 6 5 3 1 3 3 1 0 0 0 0 1
21511017 1023 9 3 2 3 2 1 2 1 1 3 1 0 1 1 0 0 0 0 3 3 3 13 5 3 0 4 4 3 0 3 0 0 0 3 2 0 3
21511018 873 8 3 3 2 1 2 1 1 2 1 0 1 1 0 0 0 0 3 3 2 0 4 3 3 0 4 5 2 0 3 13 7 3 0 0 4
21511019 821 2 3 1 1 0 2 1 0 0 0 0 1 0 1 3 5 1 3 6 5 2 0 13 3 2 0 0 5 1 3
21511022 944 7 1 1 3 2 3 3 1 1 0 2 1 0 0 0 0 3 1 3 0 2 5 1 0 5 1 4 0 3 13 3 2 0 0 2
21511023 853 5 3 3 1 3 2 1 0 2 1 0 0 0 0 1 1 3 3 0 0 0 4 5 3 6 5 13 1 8 3 0 0 0
21511026 1031 5 1 1 1 2 2 1 0 1 1 0 0 0 0 3 2 0 1 3 3 0 3 4 6 2 6 4 4 0 13 6 2 2
21511030 862 3 1 3 1 1 0 2 1 0 0 0 0 2 0 1 2 1 2 1 3 13 2 0 4 5 1 4 4 3 2 0
21511032 856 10 2 1 3 3 2 1 1 3 1 2 1 0 3 1 0 0 0 0 4 3 3 0 3 2 13 0 1 3 5 0 0 3 8 2 0 3 3
21511034 1017 10 1 1 2 1 3 3 1 2 3 3 1 0 2 1 0 0 0 0 4 2 4 2 2 0 0 3 6 4 1 3 4 1 0 13 3 3 2
21511036 905 7 3 3 1 2 1 3 2 1 0 1 1 0 0 0 0 2 2 3 0 0 1 0 3 2 4 3 2 5 1 2 9 5 13 0
21511039 940 5 2 2 1 2 3 1 0 3 1 0 0 0 0 1 3 1 2 1 3 13 1 1 4 5 0 3 2 3 0 0 0 1
21511040 906 0 1 0 1 1 0 0 0 0 0 0 0 2 0 0 0 0 4 2 4 0 3 7 4 3 5 1 13
21511041 791 8 2 2 1 2 3 3 2 3 1 0 3 1 0 0 0 0 1 4 3 0 1 1 0 1 4 5 0 2 5 3 0 13 6 5 1
21511043 926 5 2 3 1 2 1 1 0 3 1 0 0 0 0 2 2 1 4 3 13 0 3 2 4 1 1 3 8 2 3 0 0 0
21511045 959 7 2 1 3 3 1 3 2 1 0 2 1 0 0 0 0 2 2 3 0 0 2 0 0 1 4 13 1 6 4 4 8 7 2 1
21511046 856 8 2 1 2 2 3 2 3 1 1 0 3 1 0 0 0 0 2 4 2 3 9 0 0 3 4 3 1 4 6 5 0 13 8 6 1
21511048 880 0 1 0 2 1 0 0 0 0 0 0 0 13 5 2 0 5 4 2 3 1 1 4 0 4 0 0 1
21511050 906 0 1 0 2 1 0 0 0 0 0 0 0 2 5 3 1 7 5 13 0 3 4 1 4 3 1 0 2
21511051 918 11 2 1 2 1 2 1 1 3 3 3 2 1 0 3 1 0 0 0 0 4 4 3 0 2 3 0 1 1 2 0 0 5 4 1 0 13 2 4
21511052 1089 11 1 3 3 3 2 2 1 1 2 3 2 1 0 1 1 0 0 0 0 3 4 4 0 0 4 3 2 4 8 1 2 8 1 4 1 9 2 13
21511056 882 0 1 0 2 1 0 0 0 0 0 0 0 1 2 0 0 13 6 4 0 3 4 0 0 5 2 1 1
21511058 930 1 2 1 0 1 1 0 0 0 0 0 1 0 3 0 2 6 0 0 2 13 0 3 6 1 3 4 1 4
21511059 842 1 3 1 0 3 1 0 0 0 0 0 0 1 1 2 2 4 0 6 13 1 0 3 2 7 0 0 1 4
21511061 929 7 2 3 1 1 2 3 1 1 0 2 1 0 0 0 0 3 2 2 0 4 1 0 3 3 1 2 4 1 13 0 2 3 2 3
21511063 905 1 3 1 0 2 1 0 0 0 0 0 0 1 0 0 0 3 0 3 4 3 1 6 3 4 2 1 3 13
21511064 793 11 3 1 2 3 3 1 2 1 1 3 2 1 0 2 1 0 0 0 0 4 3 4 0 1 2 0 1 1 5 3 3 4 2 3 2 0 13 4
21511065 790 11 3 3 3 1 2 1 1 2 3 2 1 1 0 2 1 0 0 0 0 4 3 4 0 3 2 0 0 0 8 13 2 6 5 5 3 4 1 1
21511066 1047 6 1 2 3 3 2 1 1 0 3 1 0 0 0 0 2 2 2 1 2 0 0 0 5 2 13 3 3 5 6 4 1 6 3
21511069 928 3 1 3 2 1 0 2 1 0 0 0 0 1 1 1 3 5 0 3 13 6 1 3 2 4 0 0 1 3 0 0
21511070 940 9 1 3 3 2 2 1 2 2 1 1 0 3 1 0 0 0 0 3 4 2 0 3 0 3 2 2 3 1 1 6 6 1 0 7 4 13
21511072 796 11 3 1 3 3 2 1 1 3 2 2 1 1 0 2 1 0 0 0 0 4 3 4 3 2 8 13 6 4 1 1 0 5 4 4 0 2 2 1
21511073 1000 11 3 2 1 1 2 1 2 3 2 3 3 1 0 1 1 0 0 0 0 3 4 4 1 3 0 0 1 2 13 6 0 8 6 1 0 2 2 4
21511075 971 0 1 0 3 1 0 0 0 0 0 0 0 0 1 3 2 2 0 3 13 2 5 3 4 0 1 3 1
21511076 1028 6 1 1 3 1 1 3 1 0 2 1 0 0 0 0 4 0 2 13 2 0 0 2 4 0 0 5 3 3 2 3 0 3 0
21511078 959 5 2 3 3 2 2 1 0 1 1 0 0 0 0 0 3 2 3 0 0 1 3 5 0 0 5 3 1 0 13 3 3 0
21511079 970 3 2 2 3 1 0 1 1 0 0 0 0 0 2 1 4 3 13 0 3 1 4 3 3 2 1 0 1 4 2 3
21511081 813 3 1 3 3 1 0 3 1 0 0 0 0 1 0 2 2 2 0 0 1 1 5 4 1 4 2 0 2 13 1 2
21511082 853 8 1 3 1 1 2 2 3 2 1 0 1 1 0 0 0 0 3 3 2 0 3 0 0 3 2 3 13 0 0 4 8 4 2 4 1
21511087 914 3 3 3 3 1 0 1 1 0 0 0 0 0 0 3 3 0 0 0 1 2 1 13 2 6 7 2 0 3 3 3
21511088 988 11 3 2 1 1 1 3 1 3 3 2 2 1 0 2 1 0 0 0 0 4 3 4 0 1 4 13 0 4 7 2 0 3 5 4 3 0 2 1
21511091 718 4 1 1 3 2 1 0 3 1 0 0 0 0 2 1 1 0 1 2 2 0 3 7 9 1 2 3 3 0 3 4 13
21511092 971 11 1 2 3 3 2 3 2 2 1 1 3 1 0 1 1 0 0 0 0 3 4 4 2 13 2 3 3 3 7 1 1 3 1 2 6 0 0 3
21511094 1121 11 1 3 1 2 2 3 2 2 1 3 3 1 0 1 1 0 0 0 0 3 4 4 13 4 4 4 4 5 3 1 2 3 0 0 1 2 0 0
21511095 792 2 1 2 1 0 2 1 0 0 0 0 1 1 0 1 3 3 4 13 5 1 2 3 3 0 0 0 3 0 0
21511096 901 3 1 3 3 1 0 2 1 0 0 0 0 1 0 2 1 0 1 0 7 3 2 3 4 4 9 2 5 5 13 3
21511097 849 0 1 0 2 1 0 0 0 0 0 0 0 0 0 1 2 4 1 4 6 1 2 4 13 0 10 3 4
21511098 903 10 3 3 3 2 2 1 2 3 1 1 1 0 2 1 0 0 0 0 3 3 4 0 2 1 1 13 5 3 0 2 8 4 3 4 6 5 1
21511100 962 9 1 2 1 3 3 1 3 3 2 1 0 2 1 0 0 0 0 3 2 4 2 0 3 0 0 13 10 3 1 7 4 4 6 4 3 3
21511103 1005 10 3 2 2 1 3 2 1 1 1 3 1 0 2 1 0 0 0 0 4 3 3 3 3 0 0 2 4 6 5 0 1 5 13 0 3 5 3
21511104 919 5 1 1 2 3 2 1 0 2 1 0 0 0 0 2 2 1 0 4 8 13 0 4 8 1 3 1 7 3 0 0 2 3
21511105 943 6 3 2 3 1 1 3 1 0 1 1 0 0 0 0 2 1 3 2 1 2 2 5 4 3 3 0 3 3 13 3 0 0 0
21511106 825 4 3 1 1 1 1 0 2 1 0 0 0 0 3 0 1 0 3 0 1 2 4 3 2 2 2 13 4 3 4 1 3
21511107 832 8 3 1 3 2 3 1 2 1 1 0 2 1 0 0 0 0 3 2 3 1 4 7 13 3 5 1 2 0 3 3 2 0 3 0 0
21511108 968 2 1 2 1 0 3 1 0 0 0 0 1 1 0 0 3 6 13 3 3 5 7 0 0 4 1 0 0 0 2
21511113 874 7 1 2 2 3 1 3 2 1 0 3 1 0 0 0 0 2 3 2 2 0 3 1 3 1 3 1 4 3 0 0 2 13 0 0
21511114 1055 1 2 1 0 1 1 0 0 0 0 0 1 0 3 2 0 0 6 5 5 3 13 8 1 0 3 3 0 0
21511115 864 6 3 3 1 2 1 3 1 0 3 1 0 0 0 0 2 1 3 0 3 7 13 0 2 5 3 1 5 1 2 0 0 0 2
21511117 916 8 3 2 2 2 2 1 3 1 1 0 3 1 0 0 0 0 2 4 2 0 0 1 0 1 4 7 13 3 4 6 5 0 0 4 4
21511118 876 10 2 3 1 2 1 2 1 3 3 1 1 0 2 1 0 0 0 0 4 3 3 5 4 2 0 3 4 13 3 3 6 3 0 1 0 4 0
21511122 874 8 1 3 3 2 1 1 3 1 1 0 2 1 0 0 0 0 4 1 3 2 0 3 0 0 2 2 0 5 4 7 1 0 3 13 4
21511123 823 5 2 3 1 3 2 1 0 2 1 0 0 0 0 1 2 2 13 1 1 1 2 3 5 3 3 5 8 2 1 4 0 0
21511124 863 5 3 2 1 2 2 3 1 5 0.33333333333333331 6 0.33333333333333331 7 0.33333333333333331 1 3 1 1 3 2 0 4 1 6 0 4 3 8 0 13 1 4 3
21511125 937 11 1 2 1 2 2 2 1 3 1 3 3 1 0 3 1 0 0 0 0 4 4 3 13 3 1 4 1 6 1 0 3 2 8 2 0 0 3 2
21511127 891 1 1 1 0 3 1 0 0 0 0 1 0 0 0 0 0 4 0 6 4 3 2 1 13 3 0 3 2 6
21511128 874 10 1 3 2 3 1 2 3 1 3 1 1 0 2 1 0 0 0 0 4 2 4 5 4 13 2 1 5 4 0 2 0 0 0 3 0 0 0
21511130 1003 4 3 1 1 3 1 0 2 1 0 0 0 0 2 0 2 0 3 0 2 0 7 13 3 2 3 4 1 0 1 3 2
21511131 1015 6 3 2 3 3 2 3 1 0 1 1 0 0 0 0 0 2 4 2 0 0 2 3 1 0 0 5 1 1 0 2 4 13 1
21511132 959 2 2 1 1 0 2 1 0 0 0 0 1 1 0 5 1 0 0 4 1 4 2 13 5 4 0 2 8 1 0
21511133 966 1 2 1 0 1 1 0 0 0 0 0 1 0 0 0 0 2 3 5 3 13 6 4 3 5 1 2 6 1
21511134 901 4 2 1 1 1 1 0 1 1 0 0 0 0 3 1 0 4 3 3 2 1 13 4 2 5 3 3 0 2 0 2 3
21511136 927 8 2 3 1 1 1 2 2 1 1 0 2 1 0 0 0 0 4 3 1 0 0 3 4 0 2 0 6 3 6 5 1 3 4 13 3
21511138 935 8 1 1 2 3 1 3 2 1 1 0 3 1 0 0 0 0 4 2 2 0 3 0 0 2 3 2 2 0 13 4 1 2 1 4 3
21511139 1003 3 3 1 2 3 1 5 0.33333333333333331 6 0.33333333333333331 7 0.33333333333333331 1 1 1 4 2 1 3 1 3 5 13 3 4 3 3 3 0 2 0
21511140 898 6 3 1 3 1 1 2 1 0 1 1 0 0 0 0 3 1 2 3 0 0 2 0 13 1 4 3 8 4 2 3 6 2 2
21511142 942 4 1 2 3 2 1 0 1 1 0 0 0 0 1 2 1 3 2 3 13 2 9 6 4 2 6 1 2 3 1 1 1
21511144 920 1 2 3 1 4 0.33333333333333331 5 0.33333333333333331 6 0.33333333333333331 0 1 0 3 3 3 13 3 9 5 8 3 4 4 4 1 0 0 0
21511146 1072 1 1 1 0 1 1 0 0 0 0 1 0 0 5 3 2 0 4 4 13 3 1 3 2 0 2 0 0 0
21511147 822 11 3 2 1 1 3 3 1 2 3 2 2 1 0 1 1 0 0 0 0 3 4 4 6 2 13 0 4 4 3 0 7 3 0 1 0 0 0 3
21511149 865 10 3 3 2 2 3 1 3 2 2 1 1 0 1 1 0 0 0 0 2 4 4 1 13 5 4 0 3 4 3 0 5 5 3 0 2 4 1
21511152 964 3 2 3 2 1 0 1 1 0 0 0 0 0 2 1 1 0 0 0 0 1 0 2 4 3 4 0 4 13 6 3
21511154 851 9 2 1 3 1 3 1 2 3 2 1 0 1 1 0 0 0 0 3 3 3 0 0 3 2 2 13 3 4 0 1 3 3 0 1 3 2
21511156 971 10 1 2 1 3 3 1 1 3 3 2 1 0 2 1 0 0 0 0 4 2 4 2 0 0 5 0 3 3 3 3 13 5 4 0 3 4 3
21511157 799 5 3 2 2 1 3 1 0 3 1 0 0 0 0 1 2 2 0 0 2 0 13 1 1 0 4 4 0 2 6 1 4 3
21511158 747 0 3 1 4 0.33333333333333331 5 0.33333333333333331 6 0.33333333333333331 0 0 0 4 8 3 2 3 13 1 0 3 3 3 0 0 2 3 1
21511160 904 2 2 2 1 0 1 1 0 0 0 0 0 2 0 0 9 5 3 1 0 3 4 0 3 4 13 2 4 6 1
21511161 881 9 3 2 3 1 1 3 2 3 1 1 0 2 1 0 0 0 0 3 2 4 9 0 0 0 1 5 2 8 13 4 2 1 3 7 4 0
21511162 806 6 3 1 2 3 2 1 1 0 3 1 0 0 0 0 2 2 2 4 13 2 0 3 8 2 1 4 1 4 2 3 1 0 0
21511163 784 5 1 3 1 1 2 1 0 3 1 0 0 0 0 3 1 1 0 4 6 13 3 2 6 3 1 0 3 3 0 0 2 2
21511165 1075 6 2 1 3 2 3 2 1 0 1 1 0 0 0 0 1 3 2 0 0 1 0 5 3 4 0 3 4 3 0 4 6 13 6
21511166 895 5 1 1 3 2 2 1 0 3 1 0 0 0 0 2 2 1 13 3 3 0 8 5 9 0 3 8 3 2 0 0 3 1
21511167 947 3 1 1 3 1 0 2 1 0 0 0 0 2 0 1 2 13 2 0 2 3 5 3 3 4 3 0 1 3 0 1
21511168 962 3 2 3 1 1 0 1 1 0 0 0 0 1 1 1 1 2 3 4 0 3 13 3 1 4 2 8 0 2 0 4
21511169 948 2 1 2 1 0 3 1 0 0 0 0 1 1 0 3 4 1 3 3 4 1 0 2 2 13 2 0 1 0 0
21511170 1012 3 3 1 3 1 0 2 1 0 0 0 0 1 0 2 0 0 2 0 4 1 4 3 2 3 4 1 3 5 13 0
21511171 872 0 1 0 1 1 0 0 0 0 0 0 0 3 2 2 0 8 3 2 0 1 1 3 4 13 5 3 3
21511174 975 11 1 1 3 2 3 1 3 2 3 1 2 1 0 2 1 0 0 0 0 4 3 4 1 2 2 0 4 2 3 5 1 4 5 13 0 3 1 3
21511176 932 2 2 1 1 0 3 1 0 0 0 0 1 1 0 13 7 4 0 4 2 3 0 3 1 4 0 3 1 2 3
21511178 851 7 2 1 3 1 1 3 3 1 0 2 1 0 0 0 0 3 1 3 0 4 0 2 3 3 3 3 8 4 2 0 13 1 3 0
21511180 897 6 3 2 2 1 3 1 1 0 3 1 0 0 0 0 2 2 2 3 4 0 0 3 7 4 0 8 3 2 1 13 5 3 0
21511181 968 2 1 3 1 0 3 1 0 0 0 0 1 0 1 13 0 1 2 4 5 2 4 3 4 3 1 3 2 0 0
21511182 865 8 2 3 1 1 3 3 2 3 1 0 2 1 0 0 0 0 2 2 4 0 0 2 0 3 0 0 0 4 13 4 1 2 1 4 1
21511184 967 11 1 3 2 3 1 2 1 1 3 2 2 1 0 3 1 0 0 0 0 4 4 3 0 1 3 2 8 6 3 0 13 8 3 0 2 3 5 1
21511187 947 6 2 3 1 1 3 3 1 0 2 1 0 0 0 0 2 1 3 1 3 13 4 0 2 6 4 0 5 0 5 0 0 2 1
21511188 883 6 2 3 3 1 3 2 1 0 1 1 0 0 0 0 1 2 3 0 2 2 13 0 7 4 1 6 4 3 3 0 0 1 3
21511189 811 11 1 2 3 1 3 3 2 3 1 2 2 1 0 1 1 0 0 0 0 3 4 4 3 4 3 1 4 7 4 4 0 2 13 2 1 0 0 0
21511191 941 8 2 3 2 1 1 3 2 3 1 0 3 1 0 0 0 0 2 3 3 0 0 0 1 4 5 0 1 2 1 2 4 4 1 13 2
21511192 963 8 2 1 2 3 1 1 2 3 1 0 2 1 0 0 0 0 3 3 2 13 3 3 0 5 1 4 3 4 3 2 0 3 0 1 0
21511193 794 11 1 3 1 3 1 2 3 2 2 2 1 1 0 3 1 0 0 0 0 4 4 3 3 0 3 0 0 1 4 1 0 0 5 2 0 4 2 13
21511195 780 9 1 3 1 2 3 2 2 2 3 1 0 1 1 0 0 0 0 2 4 3 4 13 3 4 4 8 0 0 2 6 1 3 1 0 0 0
21511197 1006 6 3 2 1 1 2 2 1 0 3 1 0 0 0 0 2 3 1 1 0 0 1 2 0 5 6 2 4 3 4 3 13 3 1
21511198 827 6 3 3 1 3 3 2 1 0 2 1 0 0 0 0 1 1 4 3 13 3 0 3 7 3 1 3 5 0 0 1 2 0 0
21511199 874 9 2 2 3 3 1 3 2 2 1 1 0 1 1 0 0 0 0 2 4 3 2 4 5 1 0 0 0 13 3 4 5 4 1 3 0 9
21511200 867 6 3 2 1 2 3 2 1 0 3 1 0 0 0 0 1 3 2 1 0 0 0 4 3 2 0 4 5 1 0 13 4 0 1
