21510587 1335 8 3 2 2 1 2 3 3 1 1 0 1 1 0 0 0 0 2 3 3 1 3 2 0 2 3 6 1 0 0 14 3 4 2 4 1
21510589 1442 5 3 2 2 1 1 1 0 3 1 0 0 0 0 2 2 1 3 4 5 4 0 5 8 4 2 1 3 14 0 0 0 3
21510595 1494 2 1 3 1 0 2 1 0 0 0 0 1 0 1 4 14 4 0 6 3 4 1 4 1 9 0 2 1 2 2
21510615 1486 11 3 2 2 1 3 1 3 1 3 2 1 1 0 2 1 0 0 0 0 4 3 4 1 4 5 2 0 1 6 3 0 0 3 14 0 0 2 4
21510626 1539 5 2 2 1 2 3 1 0 3 1 0 0 0 0 1 3 1 1 1 2 5 3 6 14 1 10 4 3 3 4 2 0 1
21510627 1426 0 1 0 2 1 0 0 0 0 0 0 0 1 4 5 0 2 3 7 1 14 6 4 0 5 4 2 1
21510635 1374 9 2 3 2 3 2 1 2 3 1 1 0 1 1 0 0 0 0 2 4 3 0 1 2 4 0 1 3 14 3 0 3 5 0 4 6 3
21510636 1512 5 3 1 1 2 2 1 0 1 1 0 0 0 0 2 2 1 9 3 2 3 5 7 2 0 4 4 14 3 6 0 0 1
21510651 1700 3 1 2 3 1 0 2 1 0 0 0 0 1 1 1 1 2 4 0 1 14 3 7 6 3 3 1 0 2 0 0
21510655 1569 6 2 3 1 2 2 1 1 0 3 1 0 0 0 0 2 3 1 0 3 0 3 2 5 3 0 14 1 0 0 3 8 4 1
21510656 1326 7 3 1 3 1 2 1 2 1 0 2 1 0 0 0 0 3 2 2 2 2 0 0 2 4 1 0 14 3 1 3 3 1 4 3
21510661 1462 11 1 2 1 3 2 2 3 2 3 1 3 1 0 1 1 0 0 0 0 3 4 4 6 0 5 1 0 4 4 3 1 14 3 4 2 4 2 8
21510662 1418 10 1 1 2 1 2 3 1 2 3 2 1 0 3 1 0 0 0 0 4 4 2 2 0 1 0 3 7 1 4 2 14 7 0 3 6 5 3
21510665 1591 9 3 2 2 3 3 2 1 2 1 1 0 1 1 0 0 0 0 2 4 3 0 1 0 3 1 3 0 0 3 7 2 0 3 14 5 0
21510666 1454 0 1 0 1 1 0 0 0 0 0 0 0 3 3 7 0 1 6 9 0 14 6 3 2 3 4 2 4
21510672 1381 6 3 2 2 2 3 1 1 0 1 1 0 0 0 0 1 3 2 1 0 1 2 2 3 1 4 5 14 5 0 0 0 6 0
21510691 1524 5 2 3 3 2 3 1 0 1 1 0 0 0 0 0 2 3 6 3 7 5 2 3 4 14 0 4 5 4 0 1 0 1
21510715 1470 7 2 3 3 3 2 3 1 1 0 1 1 0 0 0 0 1 2 4 3 1 0 0 4 2 2 0 1 4 2 1 14 6 4 0
21510717 1619 8 1 1 3 2 3 2 3 3 1 0 2 1 0 0 0 0 2 2 4 3 1 2 0 4 6 5 0 4 3 3 1 1 14 2 0
21510719 1227 7 3 2 3 3 2 1 3 1 0 1 1 0 0 0 0 1 2 4 4 2 4 1 3 2 6 2 2 1 14 4 1 4 3 1
21510721 1548 1 3 1 0 2 1 0 0 0 0 0 0 1 1 3 8 14 0 2 2 6 1 1 0 4 0 0 0 3
21510730 1206 6 3 3 1 2 2 3 1 0 1 1 0 0 0 0 1 2 3 9 2 1 0 14 3 0 0 3 5 7 1 4 3 6 2
21510732 1452 4 2 2 1 3 1 0 2 1 0 0 0 0 1 2 1 3 1 0 0 4 4 5 0 3 14 3 1 9 3 7 0
21510737 1501 6 3 3 2 2 1 1 1 0 3 1 0 0 0 0 2 2 2 0 1 0 4 4 1 5 7 0 0 5 14 2 2 3 4
21510738 1457 11 3 3 1 1 2 3 1 2 1 2 3 1 0 2 1 0 0 0 0 4 3 4 1 6 14 0 2 5 1 3 2 5 1 0 0 0 2 0
21510742 1281 11 3 3 2 1 2 1 2 2 3 3 1 1 0 1 1 0 0 0 0 3 4 4 3 0 1 3 0 8 2 2 0 3 14 3 1 6 8 10
